25   206.962007
26   191.667029
27   173.321059
28   153.030449
29   131.941035
30   111.158357
31   91.678881
32   74.335407
33   59.758643
34   48.355674
35   40.304903
36   35.566068
37   33.903136
38   34.917312
39   38.087084
40   42.812091
41   48.457725
42   54.397658
43   60.051880
44   64.918378
45   68.597146
46   70.805794
47   71.386618
48   70.305482
49   67.643330
50   63.581486
51   58.382132
52   52.365551
53   45.885704
54   39.305708
55   32.974644
56   27.206919
57   22.265174
58   18.347463
59   15.579119
60   14.009464
61   13.613213
62   14.296201
63   15.904847
64   18.238585
65   21.064414
66   24.132597
67   27.192587
68   30.008243
69   32.371508
70   34.113831
71   35.114776
72   35.307418
73   34.680348
74   33.276278
75   31.187431
76   28.548104
77   25.524899
78   22.305276
79   19.085144
80   16.056257
81   13.394170
82   11.247480
83   9.728966
84   8.909143
85   8.812590
86   9.417219
87   10.656500
88   12.424461
89   14.583120
90   16.971844
91   19.418036
92   21.748460
93   23.800474
94   25.432465
95   26.532810
96   27.026830
97   26.881264
98   26.106026
99   24.753129
100   22.912865
101   20.707506
102   18.282952
103   15.798870
104   13.417996
105   11.295279
106   9.567615
107   8.344812
108   7.702400
109   7.676757
110   8.262846
111   9.414734
112   11.048832
113   13.049638
114   15.277600
115   17.578566
116   19.794184
117   21.772557
118   23.378442
119   24.502306
120   25.067632
121   25.035990
122   24.409534
123   23.230764
124   21.579560
125   19.567705
126   17.331265
127   15.021334
128   12.793779
129   10.798679
130   9.170157
131   8.017319
132   7.416883
133   7.408017
134   7.989719
135   9.120931
136   10.723356
137   12.686814
138   14.876740
139   17.143346
140   19.331800
141   21.292749
142   22.892457
143   24.021886
144   24.604083
145   24.599396
146   24.008142
147   22.870571
148   21.264098
149   19.298026
150   17.106094
151   14.837367
152   12.646089
153   10.681182
154   9.076118
155   7.939834
156   7.349330
157   7.344433
158   7.925097
159   9.051417
160   10.646348
161   12.600969
162   14.781896
163   17.040372
164   19.222399
165   21.179225
166   22.777473
167   23.908218
168   24.494407
