25   235.145334
26   210.403465
27   189.420878
28   173.822019
29   158.689649
30   149.286590
31   139.444172
32   134.239364
33   130.328602
34   132.586880
35   135.695240
36   138.488383
37   142.005487
38   143.673456
39   151.145659
40   157.981776
41   163.573906
42   168.314945
43   174.254861
44   174.278824
45   176.185938
46   179.488532
47   182.037086
48   180.848374
49   169.576521
50   155.285872
51   144.596628
52   133.200439
53   125.036333
54   126.023260
55   112.069200
56   106.714707
57   106.604482
58   106.631294
59   109.042248
60   111.938634
61   115.331155
62   120.706911
63   126.815665
64   133.913143
65   140.335287
66   146.406321
67   151.409185
68   161.567968
69   164.221674
70   165.588701
71   159.859268
72   156.688079
73   146.919935
74   133.475906
75   121.115038
76   110.809300
77   102.646543
78   96.154603
79   91.093073
80   88.295566
81   89.138435
82   88.911405
83   92.225763
84   96.009275
85   98.923118
86   104.262988
87   114.354778
88   120.810657
89   133.324478
90   142.519390
91   147.105407
92   152.786976
93   158.550429
94   163.547389
95   158.223908
96   154.259359
97   140.457595
98   127.312924
99   113.129582
100   102.167106
101   96.019564
102   89.658491
103   85.198131
104   83.945079
105   83.584775
106   84.620621
107   87.816617
108   90.859976
109   93.496864
110   107.973202
111   115.612776
112   117.654192
113   124.289261
114   128.862244
115   139.539328
116   147.664292
117   144.100525
118   138.748568
119   133.198867
120   134.576565
121   125.699522
122   111.263494
123   100.436780
124   91.493146
125   87.076165
126   81.659243
127   79.390068
128   74.927023
129   75.155872
130   77.513742
131   80.232638
132   84.703054
133   88.227319
134   98.060770
135   101.298762
136   109.767550
137   111.498765
138   115.633705
139   114.938856
140   116.007776
141   118.336438
142   121.718667
143   128.648815
144   133.329348
145   140.347906
146   114.717024
147   98.076733
148   88.543377
149   83.741138
150   79.911761
151   76.700938
152   75.455863
153   74.208646
154   76.855816
155   80.525570
156   84.278562
157   87.644140
158   91.104342
159   95.627138
160   101.757956
161   106.761357
162   110.897515
163   113.933339
164   116.726728
165   118.966933
166   121.616201
167   129.077576
168   135.292852
