1   906.0
2   716.0
3   583.0
4   490.0
5   447.0
6   412.0
7   359.0
8   292.0
9   272.0
10   184.0
11   166.0
12   142.0
13   140.0
14   131.0
15   150.0
16   194.0
17   223.0
18   210.0
19   237.0
20   194.0
21   210.0
22   211.0
23   199.0
24   212.0
25   148.0
26   162.0
27   121.0
28   129.0
29   97.0
30   96.0
31   92.0
32   88.0
33   63.0
34   51.0
35   40.0
36   54.0
37   30.0
38   44.0
39   40.0
40   49.0
41   63.0
42   90.0
43   91.0
44   77.0
45   98.0
46   76.0
47   79.0
48   78.0
49   68.0
50   77.0
51   62.0
52   81.0
53   54.0
54   47.0
55   50.0
56   50.0
57   38.0
58   29.0
59   25.0
60   32.0
61   16.0
62   23.0
63   27.0
64   32.0
65   35.0
66   46.0
67   52.0
68   41.0
69   56.0
70   49.0
71   58.0
72   52.0
73   58.0
74   43.0
75   51.0
76   38.0
77   35.0
78   38.0
79   29.0
80   29.0
81   29.0
82   18.0
83   18.0
84   23.0
85   22.0
86   21.0
87   22.0
88   24.0
89   25.0
90   32.0
91   29.0
92   31.0
93   35.0
94   31.0
95   28.0
96   35.0
97   47.0
98   38.0
99   28.0
100   35.0
101   34.0
102   45.0
103   35.0
104   27.0
105   20.0
106   24.0
107   22.0
108   20.0
109   15.0
110   18.0
111   10.0
112   12.0
113   27.0
114   22.0
115   30.0
116   24.0
117   21.0
118   26.0
119   40.0
120   31.0
121   31.0
122   23.0
123   30.0
124   30.0
125   47.0
126   32.0
127   40.0
128   18.0
129   18.0
130   17.0
131   13.0
132   13.0
133   6.0
134   8.0
135   10.0
136   17.0
137   21.0
138   25.0
139   27.0
140   19.0
141   30.0
142   27.0
143   36.0
144   27.0
145   45.0
146   30.0
147   41.0
148   25.0
149   24.0
150   20.0
151   22.0
152   27.0
153   6.0
154   18.0
155   15.0
156   14.0
157   15.0
158   17.0
159   13.0
160   26.0
161   19.0
162   21.0
163   23.0
164   31.0
165   29.0
166   34.0
167   27.0
168   26.0
