25  159.444648
26  155.979033
27  152.715364
28  149.635024
29  146.721702
30  143.961038
31  141.340330
32  138.848302
33  136.474902
34  134.211138
35  132.048939
36  129.981035
37  128.000863
38  126.102476
39  124.280475
40  122.529942
41  120.846391
42  119.225716
43  117.664154
44  116.158248
45  114.704815
46  113.300921
47  111.943854
48  110.631105
49  109.360348
50  108.129423
51  106.936321
52  105.779172
53  104.656233
54  103.565873
55  102.506571
56  101.476902
57  100.475528
58  99.501195
59  98.552727
60  97.629015
61  96.729017
62  95.851749
63  94.996284
64  94.161748
65  93.347313
66  92.552197
67  91.775658
68  91.016996
69  90.275545
70  89.550673
71  88.841781
72  88.148298
73  87.469683
74  86.805419
75  86.155016
76  85.518004
77  84.893938
78  84.282390
79  83.682956
80  83.095244
81  82.518885
82  81.953522
83  81.398816
84  80.854441
85  80.320084
86  79.795448
87  79.280244
88  78.774198
89  78.277046
90  77.788534
91  77.308419
92  76.836466
93  76.372450
94  75.916154
95  75.467370
96  75.025896
97  74.591541
98  74.164116
99  73.743443
100  73.329348
101  72.921665
102  72.520231
103  72.124892
104  71.735496
105  71.351899
106  70.973960
107  70.601544
108  70.234519
109  69.872759
110  69.516140
111  69.164544
112  68.817856
113  68.475965
114  68.138762
115  67.806142
116  67.478006
117  67.154253
118  66.834790
119  66.519523
120  66.208363
121  65.901223
122  65.598017
123  65.298665
124  65.003087
125  64.711204
126  64.422943
127  64.138229
128  63.856991
129  63.579162
130  63.304672
131  63.033457
132  62.765454
133  62.500599
134  62.238834
135  61.980099
136  61.724338
137  61.471494
138  61.221513
139  60.974343
140  60.729932
141  60.488230
142  60.249188
143  60.012758
144  59.778894
145  59.547550
146  59.318682
147  59.092247
148  58.868203
149  58.646509
150  58.427124
151  58.210009
152  57.995126
153  57.782438
154  57.571907
155  57.363499
156  57.157179
157  56.952912
158  56.750665
159  56.550405
160  56.352101
161  56.155721
162  55.961235
163  55.768614
164  55.577827
165  55.388848
166  55.201646
167  55.016196
168  54.832471
