25  433.427789
26  426.975483
27  406.693411
28  374.738391
29  335.112797
30  292.697941
31  252.096408
32  216.743986
33  188.563975
34  168.135926
35  155.144651
36  148.853860
37  148.452004
38  153.234995
39  162.656840
40  176.293480
41  193.753390
42  214.554019
43  237.977324
44  262.923647
45  287.799442
46  310.494301
47  328.512708
48  339.306350
49  340.788625
50  331.912720
51  313.105235
52  286.340604
53  254.761193
54  221.953275
55  191.157508
56  164.708807
57  143.856548
58  128.920138
59  119.613806
60  115.372895
61  115.586409
62  119.716563
63  127.327798
64  138.056089
65  151.541765
66  167.340318
67  184.822768
68  203.081942
69  220.871636
70  236.616780
71  248.534833
72  254.889810
73  254.353617
74  246.384627
75  231.483438
76  211.194221
77  187.807592
78  163.854200
79  141.577963
80  122.576759
81  107.698984
82  97.158621
83  90.757272
84  88.103871
85  88.770617
86  92.372713
87  98.586441
88  107.125790
89  117.693418
90  129.916594
91  143.277566
92  157.051514
93  170.272413
94  181.753644
95  190.189427
96  194.347380
97  193.328552
98  186.827650
99  175.295975
100  159.921015
101  142.400440
102  124.578795
103  108.079173
104  94.056743
105  83.131117
106  75.469281
107  70.941693
108  69.276479
109  70.169227
110  73.339311
111  78.542208
112  85.551591
113  94.122395
114  103.942963
115  114.584029
116  125.455243
117  135.785080
118  144.644036
119  151.029154
120  154.014941
121  152.949972
122  147.647195
123  138.496183
124  126.436905
125  112.782919
126  98.947481
127  86.170339
128  75.336821
129  66.929088
130  61.087866
131  57.727925
132  56.652425
133  57.634772
134  60.460800
135  64.937772
136  70.880133
137  78.080427
138  86.271858
139  95.089015
140  104.035746
141  112.472993
142  119.642094
143  124.736788
144  127.026217
145  126.010801
146  121.569160
147  114.040436
148  104.196959
149  93.100539
150  81.885793
151  71.546612
152  62.795750
153  56.027247
154  51.364439
155  48.749722
156  48.033735
157  49.039534
158  51.595799
159  55.543757
160  60.725403
161  66.959651
162  74.011834
163  81.562190
164  89.181085
165  96.321692
166  102.342687
167  106.571137
168  108.406241
