25   13125.628119
26   12213.299239
27   11221.509885
28   10193.425185
29   9172.174142
30   8197.923002
31   7305.417878
32   6522.114575
33   5866.963890
34   5349.871281
35   4971.803828
36   4725.477603
37   4596.526865
38   4565.034265
39   4607.288951
40   4697.636981
41   4810.295048
42   4921.012785
43   5008.489342
44   5055.474452
45   5049.510961
46   4983.302847
47   4854.718247
48   4666.459568
49   4425.451183
50   4142.008687
51   3828.861871
52   3500.106450
53   3170.157425
54   2852.770450
55   2560.187419
56   2302.449845
57   2086.909242
58   1917.948934
59   1796.917309
60   1722.259363
61   1689.822248
62   1693.301784
63   1724.790955
64   1775.388336
65   1835.824126
66   1897.063756
67   1950.853556
68   1990.179253
69   2009.615524
70   2005.553072
71   1976.298005
72   1922.046323
73   1844.743562
74   1747.845765
75   1636.002668
76   1514.687211
77   1389.797050
78   1267.253739
79   1152.623815
80   1050.783241
81   965.642869
82   899.948011
83   855.160159
84   831.423664
85   827.615099
86   841.468316
87   869.764143
88   908.570407
89   953.515659
90   1000.078745
91   1043.876143
92   1080.929851
93   1107.900377
94   1122.272008
95   1122.480766
96   1107.979181
97   1079.235933
98   1037.672335
99   985.541361
100   925.758205
101   861.694044
102   796.946630
103   735.102407
104   679.505097
105   633.044958
106   597.981424
107   575.809536
108   567.177719
109   571.861156
110   588.791486
111   616.140082
112   651.448782
113   691.799122
114   734.008748
115   774.842129
116   811.221903
117   840.427294
118   860.266972
119   869.215496
120   866.504864
121   852.165681
122   827.015702
123   792.596958
124   751.065944
125   705.044420
126   657.440830
127   611.254273
128   569.373965
129   534.387429
130   508.409972
131   492.946591
132   488.795230
133   495.997624
134   513.840710
135   540.908331
136   575.179559
137   614.166923
138   655.085195
139   695.039369
140   731.219237
141   761.087549
142   782.549198
143   794.090172
144   794.877056
145   784.810507
146   764.529251
147   735.364433
148   699.247499
149   658.577907
150   616.059640
151   574.517569
152   536.706095
153   505.122939
154   481.840659
155   468.367201
156   465.544866
157   473.494450
158   491.608284
159   518.592560
160   552.556046
161   591.139115
162   631.674337
163   671.367714
164   707.488284
165   737.553236
166   759.496005
167   771.805971
168   773.630312
