25   16106.195673
26   14411.510193
27   12974.315365
28   11905.877142
29   10869.390816
30   10225.331698
31   9551.178730
32   9194.677293
33   8926.811049
34   9081.490979
35   9294.397025
36   9485.712311
37   9726.615087
38   9840.862032
39   10352.667943
40   10820.905344
41   11203.936287
42   11528.672053
43   11935.524471
44   11937.165804
45   12067.792895
46   12294.002912
47   12468.565165
48   12387.144817
49   11615.083249
50   10636.250329
51   9904.094410
52   9123.516508
53   8564.318990
54   8631.918217
55   7676.139835
56   7309.385768
57   7301.835942
58   7303.672383
59   7468.809836
60   7667.196732
61   7899.566243
62   8267.776780
63   8686.193674
64   9172.332887
65   9612.215393
66   10028.048674
67   10370.718076
68   11066.540297
69   11248.304921
70   11341.938918
71   10949.503451
72   10732.294032
73   10063.228457
74   9142.384526
75   8295.731291
76   7589.843461
77   7030.738296
78   6586.075178
79   6239.387535
80   6047.773260
81   6105.505267
82   6089.954949
83   6316.970669
84   6576.120975
85   6775.703640
86   7141.456160
87   7832.689692
88   8274.882823
89   9132.012486
90   9761.814704
91   10075.932294
92   10465.089370
93   10859.855001
94   11202.120028
95   10837.490045
96   10565.939685
97   9620.592780
98   8720.253233
99   7748.770323
100   6997.899440
101   6576.825744
102   6141.126325
103   5835.615536
104   5749.788187
105   5725.109310
106   5796.059206
107   6014.967787
108   6223.421598
109   6404.034339
110   7395.585905
111   7918.855774
112   8058.681829
113   8513.148518
114   8826.373414
115   9557.696416
116   10114.212961
117   9870.113966
118   9503.533635
119   9123.408825
120   9217.773752
121   8609.743870
122   7620.953285
123   6879.381393
124   6266.790340
125   5964.250843
126   5593.220710
127   5437.794358
128   5132.099671
129   5147.774603
130   5309.276068
131   5495.505915
132   5801.705427
133   6043.098689
134   6716.637421
135   6938.422546
136   7518.489128
137   7637.068098
138   7920.289317
139   7872.695911
140   7945.911158
141   8105.412074
142   8337.076625
143   8811.754658
144   9132.346046
145   9613.079679
146   7857.501601
147   6717.730814
148   6064.746959
149   5735.819324
150   5473.527511
151   5253.603386
152   5168.322356
153   5082.894729
154   5264.211635
155   5515.570190
156   5772.630011
157   6003.154061
158   6240.159393
159   6549.946669
160   6969.874826
161   7312.581045
162   7595.885690
163   7803.823365
164   7995.155536
165   8148.597615
166   8330.058268
167   8841.122473
168   9266.835597
