1   38874.0
2   38637.0
3   35498.0
4   31941.0
5   29381.0
6   27646.0
7   25731.0
8   23341.0
9   23237.0
10   21874.0
11   19379.0
12   16024.0
13   13982.0
14   13136.0
15   14040.0
16   16112.0
17   13603.0
18   13252.0
19   13411.0
20   14111.0
21   14660.0
22   14027.0
23   13380.0
24   13364.0
25   12586.0
26   11182.0
27   9592.0
28   8232.0
29   7247.0
30   6074.0
31   5278.0
32   4883.0
33   4971.0
34   5202.0
35   4894.0
36   5149.0
37   5007.0
38   4909.0
39   4903.0
40   4978.0
41   4801.0
42   4720.0
43   5134.0
44   5855.0
45   6409.0
46   6375.0
47   6086.0
48   6086.0
49   6323.0
50   5281.0
51   4548.0
52   4136.0
53   3670.0
54   3164.0
55   2806.0
56   2600.0
57   2598.0
58   2588.0
59   2589.0
60   2187.0
61   2130.0
62   2002.0
63   1995.0
64   2147.0
65   2220.0
66   2192.0
67   2273.0
68   2272.0
69   2924.0
70   3105.0
71   3168.0
72   3102.0
73   3142.0
74   3170.0
75   2810.0
76   2663.0
77   2248.0
78   1903.0
79   1557.0
80   1514.0
81   1382.0
82   1413.0
83   1460.0
84   1361.0
85   1374.0
86   1438.0
87   1694.0
88   1725.0
89   2061.0
90   2114.0
91   2018.0
92   2025.0
93   2114.0
94   2051.0
95   2158.0
96   2344.0
97   2280.0
98   2109.0
99   2021.0
100   1874.0
101   1656.0
102   1406.0
103   1262.0
104   1172.0
105   1354.0
106   1292.0
107   1208.0
108   1181.0
109   1216.0
110   1396.0
111   1405.0
112   1374.0
113   1344.0
114   1363.0
115   1278.0
116   1465.0
117   1633.0
118   1773.0
119   1703.0
120   1787.0
121   1846.0
122   1795.0
123   1599.0
124   1437.0
125   1232.0
126   1013.0
127   883.0
128   851.0
129   922.0
130   896.0
131   789.0
132   865.0
133   759.0
134   889.0
135   899.0
136   964.0
137   940.0
138   883.0
139   879.0
140   968.0
141   1171.0
142   1160.0
143   1254.0
144   1298.0
145   1152.0
146   1116.0
147   962.0
148   880.0
149   801.0
150   686.0
151   679.0
152   572.0
153   648.0
154   622.0
155   633.0
156   579.0
157   504.0
158   674.0
159   699.0
160   751.0
161   709.0
162   646.0
163   702.0
164   783.0
165   900.0
166   1009.0
167   1048.0
168   1003.0
