25  14052.216746
26  13849.542602
27  13657.278628
28  13474.533288
29  13300.519829
30  13134.540848
31  12975.975566
32  12824.269252
33  12678.924389
34  12539.493254
35  12405.571635
36  12276.793506
37  12152.826475
38  12033.367884
39  11918.141446
40  11806.894344
41  11699.394707
42  11595.429413
43  11494.802174
44  11397.331844
45  11302.850943
46  11211.204349
47  11122.248140
48  11035.848568
49  10951.881142
50  10870.229821
51  10790.786278
52  10713.449252
53  10638.123961
54  10564.721573
55  10493.158732
56  10423.357127
57  10355.243103
58  10288.747312
59  10223.804385
60  10160.352647
61  10098.333847
62  10037.692920
63  9978.377759
64  9920.339016
65  9863.529913
66  9807.906075
67  9753.425367
68  9700.047755
69  9647.735168
70  9596.451376
71  9546.161877
72  9496.833793
73  9448.435769
74  9400.937883
75  9354.311567
76  9308.529521
77  9263.565648
78  9219.394982
79  9175.993627
80  9133.338697
81  9091.408263
82  9050.181300
83  9009.637641
84  8969.757930
85  8930.523582
86  8891.916744
87  8853.920255
88  8816.517616
89  8779.692953
90  8743.430990
91  8707.717019
92  8672.536870
93  8637.876893
94  8603.723924
95  8570.065272
96  8536.888689
97  8504.182357
98  8471.934865
99  8440.135191
100  8408.772686
101  8377.837058
102  8347.318356
103  8317.206954
104  8287.493542
105  8258.169108
106  8229.224926
107  8200.652549
108  8172.443791
109  8144.590721
110  8117.085654
111  8089.921136
112  8063.089939
113  8036.585052
114  8010.399670
115  7984.527189
116  7958.961199
117  7933.695473
118  7908.723962
119  7884.040791
120  7859.640249
121  7835.516784
122  7811.665000
123  7788.079646
124  7764.755617
125  7741.687945
126  7718.871794
127  7696.302458
128  7673.975355
129  7651.886024
130  7630.030118
131  7608.403403
132  7587.001753
133  7565.821148
134  7544.857669
135  7524.107493
136  7503.566894
137  7483.232239
138  7463.099980
139  7443.166660
140  7423.428901
141  7403.883409
142  7384.526967
143  7365.356435
144  7346.368745
145  7327.560902
146  7308.929979
147  7290.473118
148  7272.187525
149  7254.070469
150  7236.119281
151  7218.331352
152  7200.704131
153  7183.235123
154  7165.921887
155  7148.762037
156  7131.753236
157  7114.893201
158  7098.179693
159  7081.610526
160  7065.183555
161  7048.896683
162  7032.747857
163  7016.735065
164  7000.856336
165  6985.109742
166  6969.493392
167  6954.005433
168  6938.644051
