25  23364.726355
26  22917.387649
27  22023.689271
28  20765.453249
29  19266.793062
30  17672.226808
31  16122.176926
32  14733.102100
33  13586.895903
34  12730.059803
35  12179.800075
36  11932.940729
37  11974.212330
38  12282.009784
39  12831.119003
40  13592.764665
41  14532.692997
42  15608.132922
43  16764.596544
44  17933.670211
45  19033.142723
46  19970.816128
47  20652.876377
48  20996.567558
49  20945.203970
50  20481.819916
51  19636.939710
52  18486.919460
53  17142.168576
54  15728.229320
55  14365.343038
56  13152.318537
57  12158.226656
58  11422.093039
59  10958.137808
60  10763.193525
61  10823.524994
62  11119.524300
63  11627.890484
64  12321.599166
65  13168.277744
66  14127.728509
67  15149.453055
68  16171.183666
69  17119.554062
70  17913.973575
71  18474.294767
72  18731.856429
73  18642.065155
74  18195.339584
75  17422.744277
76  16393.622637
77  15204.977095
78  13965.297684
79  12777.540264
80  11725.932704
81  10869.329283
82  10241.117572
83  9853.612854
84  9704.184199
85  9780.857767
86  10066.156934
87  10538.860441
88  11173.934704
89  11941.167237
90  12803.151460
91  13713.377361
92  14615.304971
93  15443.375780
94  16126.808929
95  16596.570297
96  16795.013393
97  16686.508872
98  16266.335285
99  15564.816976
100  14644.638483
101  13591.346693
102  12499.454250
103  11458.095940
104  10540.055517
105  9796.310430
106  9256.015494
107  8930.183579
108  8816.783182
109  8905.393392
110  9180.388018
111  9622.379913
112  10208.140273
113  10909.447766
114  11691.441264
115  12511.146725
116  13316.947705
117  14049.812116
118  14646.955922
119  15048.188662
120  15204.399719
121  15086.649630
122  14693.505807
123  14054.115841
124  13225.398616
125  12283.524612
126  11311.840607
127  10388.600575
128  9577.671225
129  8923.945654
130  8453.345031
131  8175.924811
132  8090.170308
133  8186.920806
134  8452.053211
135  8867.692862
136  9412.133679
137  10058.865495
138  10775.220225
139  11521.237767
140  12249.432327
141  12906.157327
142  13435.121009
143  13783.193948
144  13907.950958
145  13785.544057
146  13416.843625
147  12829.734699
148  12076.282904
149  11225.040808
150  10350.428071
151  9522.082020
152  8796.851270
153  8214.859696
154  7799.501138
155  7560.086938
156  7495.513536
157  7597.618599
158  7853.478637
159  8246.443850
160  8756.066989
161  9357.278916
162  10019.271890
163  10704.633521
164  11369.338382
165  11964.202405
166  12438.251010
167  12744.065375
168  12844.546240
