112.000000
103.000000
108.000000
123.000000
130.000000
126.000000
126.000000
118.000000
207.000000
170.000000
154.000000
161.000000
168.000000
215.000000
167.000000
148.000000
164.000000
182.000000
155.000000
169.000000
158.000000
198.000000
171.000000
151.000000
111.000000
152.000000
121.000000
128.000000
97.000000
131.000000
127.000000
131.000000
146.000000
140.000000
137.000000
101.000000
142.000000
121.000000
110.000000
139.000000
136.000000
108.000000
137.000000
186.000000
162.000000
132.000000
164.000000
125.000000
126.000000
117.000000
105.000000
101.000000
98.000000
90.000000
110.000000
91.000000
113.000000
116.000000
124.000000
129.000000
125.000000
117.000000
139.000000
115.000000
130.000000
149.000000
156.000000
167.000000
178.000000
174.000000
178.000000
124.000000
115.000000
108.000000
118.000000
135.000000
99.000000
86.000000
119.000000
125.000000
106.000000
119.000000
133.000000
124.000000
145.000000
128.000000
165.000000
152.000000
159.000000
157.000000
182.000000
208.000000
197.000000
205.000000
223.000000
198.000000
164.000000
151.000000
144.000000
153.000000
139.000000
122.000000
141.000000
163.000000
170.000000
141.000000
158.000000
147.000000
154.000000
202.000000
214.000000
175.000000
230.000000
192.000000
186.000000
217.000000
257.000000
249.000000
232.000000
241.000000
209.000000
162.000000
188.000000
173.000000
159.000000
136.000000
137.000000
177.000000
157.000000
175.000000
163.000000
165.000000
176.000000
161.000000
163.000000
193.000000
232.000000
222.000000
250.000000
229.000000
301.000000
269.000000
291.000000
257.000000
252.000000
241.000000
278.000000
246.000000
283.000000
389.000000
455.000000
639.000000
556.000000
557.000000
567.000000
583.000000
500.000000
525.000000
643.000000
767.000000
841.000000
973.000000
2129.000000
2248.000000
2234.000000
2480.000000
2635.000000
2608.000000
2852.000000
2533.000000
2268.000000
2125.000000
2168.000000
1935.000000
1818.000000
1762.000000
1681.000000
1433.000000
1284.000000
1400.000000
1456.000000
1551.000000
1861.000000
1683.000000
1619.000000
1609.000000
1549.000000
1589.000000
1541.000000
1441.000000
1329.000000
1127.000000
1129.000000
933.000000
839.000000
777.000000
755.000000
600.000000
586.000000
544.000000
611.000000
549.000000
553.000000
460.000000
541.000000
415.000000
462.000000
446.000000
419.000000
450.000000
521.000000
511.000000
466.000000
464.000000
421.000000
381.000000
356.000000
287.000000
348.000000
280.000000
241.000000
232.000000
190.000000
240.000000
214.000000
157.000000
195.000000
173.000000
186.000000
209.000000
273.000000
359.000000
337.000000
950.000000
1037.000000
1171.000000
1175.000000
1211.000000
1216.000000
1155.000000
1009.000000
997.000000
982.000000
966.000000
918.000000
790.000000
786.000000
796.000000
782.000000
963.000000
787.000000
746.000000
710.000000
663.000000
695.000000
697.000000
693.000000
674.000000
790.000000
757.000000
803.000000
483.000000
525.000000
415.000000
443.000000
406.000000
409.000000
413.000000
377.000000
325.000000
311.000000
297.000000
294.000000
286.000000
284.000000
262.000000
266.000000
248.000000
245.000000
217.000000
229.000000
279.000000
281.000000
267.000000
270.000000
297.000000
283.000000
320.000000
307.000000
286.000000
282.000000
270.000000
253.000000
216.000000
181.000000
224.000000
183.000000
198.000000
182.000000
173.000000
151.000000
164.000000
171.000000
154.000000
185.000000
197.000000
178.000000
200.000000
204.000000
265.000000
237.000000
213.000000
200.000000
227.000000
186.000000
197.000000
171.000000
178.000000
153.000000
180.000000
169.000000
167.000000
131.000000
152.000000
146.000000
156.000000
154.000000
182.000000
175.000000
149.000000
167.000000
191.000000
229.000000
217.000000
205.000000
217.000000
219.000000
