78.000000
68.000000
68.000000
40.000000
38.000000
43.000000
32.000000
25.000000
26.000000
44.000000
39.000000
61.000000
56.000000
88.000000
68.000000
72.000000
70.000000
66.000000
65.000000
84.000000
50.000000
73.000000
90.000000
80.000000
67.000000
65.000000
41.000000
35.000000
52.000000
29.000000
31.000000
26.000000
21.000000
40.000000
59.000000
64.000000
37.000000
66.000000
60.000000
92.000000
85.000000
91.000000
108.000000
80.000000
91.000000
79.000000
73.000000
106.000000
75.000000
65.000000
45.000000
54.000000
25.000000
34.000000
39.000000
36.000000
40.000000
44.000000
62.000000
71.000000
62.000000
77.000000
88.000000
91.000000
85.000000
128.000000
118.000000
103.000000
81.000000
96.000000
96.000000
81.000000
86.000000
80.000000
70.000000
50.000000
34.000000
30.000000
32.000000
44.000000
46.000000
48.000000
58.000000
60.000000
79.000000
76.000000
65.000000
86.000000
68.000000
92.000000
96.000000
89.000000
87.000000
97.000000
108.000000
117.000000
100.000000
70.000000
71.000000
59.000000
32.000000
45.000000
31.000000
36.000000
42.000000
39.000000
60.000000
78.000000
67.000000
72.000000
61.000000
86.000000
85.000000
74.000000
76.000000
77.000000
75.000000
95.000000
71.000000
119.000000
72.000000
84.000000
56.000000
43.000000
41.000000
53.000000
36.000000
36.000000
38.000000
39.000000
54.000000
58.000000
79.000000
94.000000
72.000000
108.000000
92.000000
94.000000
83.000000
109.000000
112.000000
110.000000
105.000000
123.000000
146.000000
144.000000
101.000000
91.000000
108.000000
71.000000
68.000000
44.000000
59.000000
95.000000
149.000000
169.000000
223.000000
294.000000
250.000000
248.000000
273.000000
288.000000
468.000000
545.000000
769.000000
777.000000
814.000000
943.000000
1006.000000
948.000000
903.000000
849.000000
697.000000
606.000000
540.000000
458.000000
506.000000
620.000000
758.000000
763.000000
793.000000
843.000000
763.000000
762.000000
668.000000
940.000000
812.000000
782.000000
735.000000
713.000000
636.000000
540.000000
561.000000
453.000000
551.000000
374.000000
317.000000
345.000000
262.000000
210.000000
212.000000
234.000000
272.000000
266.000000
314.000000
317.000000
305.000000
333.000000
360.000000
366.000000
332.000000
346.000000
317.000000
319.000000
295.000000
319.000000
312.000000
293.000000
224.000000
153.000000
150.000000
136.000000
130.000000
90.000000
109.000000
134.000000
109.000000
200.000000
195.000000
192.000000
188.000000
223.000000
217.000000
296.000000
282.000000
284.000000
267.000000
257.000000
251.000000
208.000000
294.000000
293.000000
200.000000
225.000000
142.000000
156.000000
119.000000
75.000000
102.000000
100.000000
137.000000
127.000000
135.000000
138.000000
198.000000
180.000000
186.000000
158.000000
151.000000
179.000000
139.000000
156.000000
170.000000
164.000000
174.000000
168.000000
128.000000
88.000000
105.000000
108.000000
67.000000
65.000000
61.000000
74.000000
98.000000
90.000000
83.000000
100.000000
114.000000
123.000000
149.000000
147.000000
175.000000
137.000000
139.000000
105.000000
125.000000
132.000000
115.000000
135.000000
85.000000
0.000000
0.000000
0.000000
0.000000
0.000000
0.000000
0.000000
0.000000
0.000000
0.000000
0.000000
0.000000
0.000000
0.000000
0.000000
0.000000
0.000000
0.000000
0.000000
0.000000
0.000000
0.000000
0.000000
0.000000
0.000000
0.000000
0.000000
0.000000
0.000000
0.000000
0.000000
0.000000
0.000000
0.000000
0.000000
0.000000
0.000000
0.000000
0.000000
0.000000
0.000000
0.000000
0.000000
0.000000
0.000000
0.000000
