133.000000
154.000000
163.000000
171.000000
113.000000
102.000000
72.000000
82.000000
54.000000
57.000000
43.000000
52.000000
70.000000
100.000000
136.000000
163.000000
134.000000
130.000000
141.000000
191.000000
156.000000
126.000000
160.000000
131.000000
138.000000
129.000000
150.000000
167.000000
136.000000
115.000000
41.000000
67.000000
54.000000
44.000000
50.000000
52.000000
106.000000
94.000000
90.000000
124.000000
145.000000
126.000000
131.000000
118.000000
136.000000
149.000000
145.000000
160.000000
161.000000
204.000000
151.000000
159.000000
146.000000
108.000000
99.000000
69.000000
58.000000
34.000000
47.000000
36.000000
100.000000
143.000000
144.000000
172.000000
146.000000
197.000000
155.000000
202.000000
159.000000
171.000000
216.000000
189.000000
192.000000
158.000000
176.000000
165.000000
139.000000
123.000000
75.000000
77.000000
63.000000
72.000000
71.000000
60.000000
106.000000
119.000000
169.000000
160.000000
203.000000
196.000000
257.000000
204.000000
197.000000
235.000000
195.000000
208.000000
246.000000
230.000000
246.000000
217.000000
157.000000
142.000000
86.000000
68.000000
84.000000
88.000000
95.000000
91.000000
106.000000
145.000000
160.000000
212.000000
222.000000
216.000000
259.000000
262.000000
252.000000
226.000000
232.000000
241.000000
318.000000
292.000000
322.000000
279.000000
235.000000
186.000000
118.000000
107.000000
109.000000
88.000000
84.000000
113.000000
145.000000
218.000000
232.000000
262.000000
327.000000
319.000000
392.000000
318.000000
322.000000
317.000000
379.000000
449.000000
491.000000
532.000000
497.000000
457.000000
422.000000
306.000000
280.000000
201.000000
206.000000
230.000000
254.000000
342.000000
555.000000
675.000000
781.000000
900.000000
845.000000
802.000000
850.000000
867.000000
1107.000000
1535.000000
2308.000000
2613.000000
2681.000000
2479.000000
2562.000000
2492.000000
2208.000000
1696.000000
1324.000000
1032.000000
1093.000000
1029.000000
1066.000000
1346.000000
1443.000000
1755.000000
1935.000000
1759.000000
1676.000000
1478.000000
1509.000000
1371.000000
1368.000000
1195.000000
1169.000000
1177.000000
1192.000000
1130.000000
1090.000000
930.000000
765.000000
619.000000
531.000000
405.000000
338.000000
298.000000
267.000000
360.000000
473.000000
510.000000
655.000000
774.000000
750.000000
766.000000
802.000000
712.000000
605.000000
575.000000
560.000000
592.000000
535.000000
612.000000
544.000000
551.000000
461.000000
331.000000
284.000000
224.000000
195.000000
198.000000
168.000000
222.000000
263.000000
324.000000
351.000000
356.000000
485.000000
463.000000
416.000000
442.000000
430.000000
367.000000
439.000000
380.000000
382.000000
402.000000
391.000000
380.000000
314.000000
241.000000
184.000000
148.000000
134.000000
106.000000
100.000000
121.000000
184.000000
194.000000
215.000000
278.000000
232.000000
256.000000
261.000000
254.000000
254.000000
250.000000
293.000000
252.000000
265.000000
285.000000
330.000000
255.000000
212.000000
151.000000
129.000000
88.000000
94.000000
86.000000
91.000000
87.000000
98.000000
124.000000
139.000000
145.000000
128.000000
147.000000
172.000000
141.000000
137.000000
151.000000
144.000000
151.000000
182.000000
173.000000
178.000000
198.000000
117.000000
118.000000
119.000000
86.000000
61.000000
56.000000
69.000000
94.000000
88.000000
108.000000
189.000000
164.000000
149.000000
120.000000
123.000000
161.000000
131.000000
126.000000
147.000000
114.000000
154.000000
171.000000
139.000000
163.000000
107.000000
104.000000
89.000000
65.000000
64.000000
41.000000
45.000000
56.000000
71.000000
103.000000
109.000000
137.000000
145.000000
121.000000
130.000000
133.000000
229.000000
246.000000
215.000000
220.000000
172.000000
