80.000000
67.000000
67.000000
63.000000
26.000000
40.000000
26.000000
11.000000
20.000000
24.000000
25.000000
50.000000
49.000000
40.000000
71.000000
63.000000
64.000000
66.000000
71.000000
70.000000
74.000000
74.000000
74.000000
84.000000
72.000000
56.000000
52.000000
27.000000
33.000000
26.000000
18.000000
35.000000
33.000000
21.000000
34.000000
48.000000
50.000000
56.000000
48.000000
81.000000
86.000000
48.000000
59.000000
66.000000
83.000000
57.000000
60.000000
54.000000
62.000000
54.000000
49.000000
27.000000
21.000000
27.000000
16.000000
25.000000
41.000000
28.000000
25.000000
46.000000
40.000000
44.000000
50.000000
58.000000
55.000000
76.000000
81.000000
67.000000
47.000000
53.000000
65.000000
59.000000
69.000000
47.000000
62.000000
32.000000
31.000000
24.000000
24.000000
15.000000
17.000000
27.000000
40.000000
38.000000
47.000000
49.000000
64.000000
76.000000
69.000000
59.000000
56.000000
61.000000
68.000000
70.000000
88.000000
78.000000
84.000000
62.000000
70.000000
36.000000
38.000000
25.000000
23.000000
34.000000
25.000000
33.000000
24.000000
55.000000
62.000000
89.000000
82.000000
69.000000
94.000000
91.000000
129.000000
106.000000
132.000000
149.000000
127.000000
107.000000
127.000000
92.000000
96.000000
58.000000
52.000000
56.000000
37.000000
38.000000
54.000000
44.000000
37.000000
50.000000
62.000000
65.000000
81.000000
90.000000
99.000000
90.000000
106.000000
149.000000
149.000000
189.000000
151.000000
160.000000
162.000000
182.000000
139.000000
147.000000
117.000000
104.000000
74.000000
82.000000
57.000000
81.000000
80.000000
133.000000
164.000000
270.000000
335.000000
332.000000
343.000000
389.000000
461.000000
496.000000
523.000000
631.000000
1148.000000
1081.000000
1192.000000
1046.000000
751.000000
556.000000
355.000000
316.000000
268.000000
214.000000
248.000000
276.000000
303.000000
388.000000
405.000000
349.000000
403.000000
345.000000
347.000000
375.000000
363.000000
319.000000
293.000000
261.000000
294.000000
190.000000
214.000000
221.000000
146.000000
113.000000
143.000000
90.000000
83.000000
70.000000
79.000000
69.000000
88.000000
90.000000
111.000000
92.000000
103.000000
90.000000
104.000000
121.000000
172.000000
129.000000
117.000000
120.000000
114.000000
107.000000
106.000000
78.000000
77.000000
61.000000
66.000000
54.000000
42.000000
45.000000
45.000000
33.000000
35.000000
29.000000
71.000000
46.000000
80.000000
93.000000
76.000000
68.000000
89.000000
67.000000
64.000000
72.000000
72.000000
63.000000
82.000000
75.000000
62.000000
56.000000
36.000000
43.000000
32.000000
31.000000
24.000000
26.000000
27.000000
28.000000
55.000000
51.000000
39.000000
56.000000
49.000000
62.000000
53.000000
55.000000
76.000000
63.000000
62.000000
55.000000
46.000000
59.000000
64.000000
30.000000
28.000000
42.000000
30.000000
38.000000
21.000000
17.000000
25.000000
38.000000
55.000000
38.000000
53.000000
46.000000
32.000000
29.000000
47.000000
51.000000
39.000000
47.000000
50.000000
62.000000
44.000000
39.000000
39.000000
28.000000
29.000000
26.000000
25.000000
25.000000
28.000000
21.000000
20.000000
23.000000
25.000000
40.000000
31.000000
46.000000
32.000000
49.000000
39.000000
33.000000
35.000000
45.000000
41.000000
31.000000
42.000000
39.000000
34.000000
32.000000
35.000000
23.000000
18.000000
18.000000
23.000000
21.000000
11.000000
26.000000
19.000000
27.000000
57.000000
49.000000
41.000000
50.000000
45.000000
50.000000
57.000000
60.000000
64.000000
52.000000
60.000000
