198.000000
223.000000
184.000000
146.000000
143.000000
135.000000
103.000000
65.000000
58.000000
80.000000
100.000000
154.000000
201.000000
185.000000
175.000000
206.000000
232.000000
244.000000
244.000000
268.000000
245.000000
222.000000
268.000000
322.000000
393.000000
372.000000
256.000000
209.000000
146.000000
169.000000
139.000000
146.000000
107.000000
137.000000
210.000000
251.000000
280.000000
284.000000
254.000000
262.000000
330.000000
328.000000
362.000000
313.000000
317.000000
280.000000
318.000000
320.000000
341.000000
338.000000
349.000000
248.000000
133.000000
123.000000
113.000000
89.000000
104.000000
112.000000
178.000000
178.000000
216.000000
230.000000
267.000000
231.000000
233.000000
267.000000
312.000000
287.000000
266.000000
248.000000
228.000000
254.000000
295.000000
260.000000
217.000000
138.000000
144.000000
126.000000
115.000000
111.000000
123.000000
126.000000
137.000000
192.000000
211.000000
253.000000
255.000000
245.000000
296.000000
295.000000
291.000000
316.000000
308.000000
317.000000
291.000000
300.000000
329.000000
278.000000
258.000000
140.000000
181.000000
146.000000
115.000000
142.000000
107.000000
147.000000
198.000000
270.000000
336.000000
295.000000
354.000000
389.000000
370.000000
373.000000
362.000000
394.000000
391.000000
390.000000
381.000000
425.000000
360.000000
416.000000
369.000000
344.000000
270.000000
171.000000
218.000000
183.000000
196.000000
207.000000
249.000000
341.000000
395.000000
400.000000
481.000000
495.000000
600.000000
690.000000
572.000000
575.000000
610.000000
619.000000
626.000000
613.000000
589.000000
717.000000
756.000000
613.000000
451.000000
366.000000
322.000000
295.000000
323.000000
400.000000
589.000000
872.000000
1174.000000
1308.000000
1414.000000
1310.000000
1828.000000
1726.000000
2058.000000
2278.000000
3074.000000
3255.000000
7594.000000
10208.000000
14343.000000
13366.000000
9222.000000
5925.000000
4400.000000
3043.000000
2748.000000
2590.000000
2918.000000
3923.000000
4947.000000
5144.000000
4908.000000
4386.000000
4049.000000
4264.000000
4357.000000
4189.000000
3793.000000
3569.000000
3297.000000
3030.000000
2844.000000
2716.000000
2234.000000
1988.000000
1476.000000
1127.000000
899.000000
814.000000
740.000000
731.000000
693.000000
797.000000
965.000000
1055.000000
989.000000
933.000000
923.000000
913.000000
993.000000
1092.000000
1122.000000
1071.000000
954.000000
910.000000
882.000000
899.000000
828.000000
837.000000
871.000000
790.000000
675.000000
524.000000
1353.000000
1315.000000
1049.000000
1206.000000
1265.000000
1395.000000
1446.000000
1581.000000
1507.000000
1851.000000
1907.000000
2160.000000
2041.000000
2002.000000
1988.000000
1869.000000
1816.000000
1698.000000
1748.000000
1517.000000
1283.000000
1183.000000
1038.000000
872.000000
941.000000
833.000000
734.000000
786.000000
798.000000
828.000000
932.000000
959.000000
1019.000000
1102.000000
1173.000000
1263.000000
1391.000000
1296.000000
1246.000000
1236.000000
1211.000000
1163.000000
1103.000000
1083.000000
839.000000
726.000000
768.000000
684.000000
627.000000
652.000000
579.000000
662.000000
607.000000
619.000000
734.000000
672.000000
707.000000
772.000000
840.000000
963.000000
952.000000
949.000000
932.000000
927.000000
962.000000
930.000000
877.000000
747.000000
628.000000
546.000000
522.000000
496.000000
465.000000
474.000000
440.000000
386.000000
475.000000
513.000000
484.000000
500.000000
533.000000
543.000000
441.000000
507.000000
513.000000
534.000000
493.000000
527.000000
519.000000
566.000000
519.000000
518.000000
451.000000
394.000000
374.000000
344.000000
316.000000
289.000000
324.000000
287.000000
281.000000
303.000000
344.000000
381.000000
344.000000
412.000000
423.000000
440.000000
460.000000
504.000000
454.000000
421.000000
437.000000
489.000000
469.000000
