100.000000
94.000000
94.000000
114.000000
122.000000
107.000000
78.000000
81.000000
51.000000
49.000000
34.000000
37.000000
35.000000
56.000000
85.000000
95.000000
156.000000
132.000000
187.000000
190.000000
161.000000
196.000000
167.000000
180.000000
164.000000
147.000000
154.000000
155.000000
146.000000
135.000000
109.000000
89.000000
59.000000
75.000000
70.000000
49.000000
86.000000
103.000000
163.000000
230.000000
243.000000
198.000000
226.000000
240.000000
204.000000
218.000000
245.000000
208.000000
169.000000
193.000000
183.000000
204.000000
176.000000
199.000000
141.000000
110.000000
76.000000
76.000000
72.000000
67.000000
78.000000
118.000000
125.000000
145.000000
192.000000
218.000000
195.000000
233.000000
201.000000
195.000000
196.000000
167.000000
163.000000
180.000000
155.000000
227.000000
287.000000
214.000000
145.000000
114.000000
78.000000
67.000000
70.000000
75.000000
90.000000
112.000000
154.000000
226.000000
257.000000
246.000000
262.000000
316.000000
325.000000
293.000000
318.000000
324.000000
369.000000
365.000000
326.000000
372.000000
321.000000
340.000000
203.000000
176.000000
115.000000
107.000000
93.000000
110.000000
113.000000
214.000000
319.000000
380.000000
478.000000
423.000000
469.000000
497.000000
487.000000
448.000000
419.000000
458.000000
419.000000
508.000000
571.000000
626.000000
620.000000
545.000000
423.000000
306.000000
234.000000
208.000000
211.000000
221.000000
292.000000
482.000000
583.000000
672.000000
758.000000
734.000000
814.000000
783.000000
784.000000
765.000000
830.000000
813.000000
787.000000
881.000000
870.000000
1065.000000
1734.000000
1573.000000
1280.000000
834.000000
746.000000
551.000000
547.000000
531.000000
514.000000
662.000000
861.000000
1043.000000
1203.000000
1301.000000
1466.000000
1650.000000
2085.000000
2357.000000
2677.000000
2248.000000
4626.000000
3576.000000
2900.000000
2558.000000
2557.000000
2057.000000
1771.000000
1694.000000
1377.000000
1264.000000
1115.000000
1079.000000
1000.000000
1123.000000
1160.000000
1077.000000
1013.000000
1115.000000
1119.000000
1179.000000
1136.000000
1071.000000
1091.000000
1045.000000
983.000000
897.000000
932.000000
926.000000
882.000000
819.000000
670.000000
661.000000
523.000000
605.000000
581.000000
486.000000
475.000000
571.000000
599.000000
686.000000
625.000000
694.000000
672.000000
599.000000
708.000000
687.000000
690.000000
634.000000
691.000000
636.000000
606.000000
594.000000
554.000000
516.000000
489.000000
432.000000
367.000000
372.000000
355.000000
368.000000
365.000000
324.000000
371.000000
455.000000
448.000000
462.000000
556.000000
646.000000
684.000000
723.000000
645.000000
627.000000
600.000000
556.000000
501.000000
537.000000
462.000000
407.000000
357.000000
331.000000
250.000000
290.000000
236.000000
280.000000
238.000000
278.000000
296.000000
280.000000
295.000000
344.000000
373.000000
374.000000
418.000000
441.000000
417.000000
382.000000
366.000000
401.000000
407.000000
422.000000
348.000000
308.000000
294.000000
250.000000
248.000000
253.000000
223.000000
194.000000
232.000000
196.000000
225.000000
223.000000
280.000000
271.000000
352.000000
341.000000
331.000000
355.000000
344.000000
354.000000
320.000000
304.000000
306.000000
327.000000
314.000000
292.000000
262.000000
206.000000
180.000000
184.000000
167.000000
162.000000
153.000000
176.000000
200.000000
192.000000
226.000000
251.000000
224.000000
247.000000
305.000000
358.000000
297.000000
269.000000
245.000000
242.000000
246.000000
211.000000
195.000000
193.000000
156.000000
122.000000
144.000000
143.000000
132.000000
122.000000
143.000000
118.000000
148.000000
159.000000
147.000000
140.000000
161.000000
160.000000
186.000000
191.000000
193.000000
153.000000
185.000000
