563.000000
655.000000
4778.000000
844.000000
1013.000000
564.000000
511.000000
589.000000
730.000000
827.000000
952.000000
920.000000
1040.000000
1157.000000
1294.000000
1352.000000
1483.000000
1477.000000
1196.000000
1199.000000
1090.000000
969.000000
965.000000
1064.000000
664.000000
593.000000
527.000000
508.000000
414.000000
415.000000
451.000000
537.000000
765.000000
946.000000
1098.000000
1154.000000
1143.000000
1252.000000
1388.000000
1316.000000
1271.000000
1215.000000
1091.000000
1043.000000
998.000000
1065.000000
941.000000
826.000000
665.000000
560.000000
494.000000
423.000000
439.000000
363.000000
386.000000
491.000000
571.000000
646.000000
741.000000
782.000000
721.000000
702.000000
740.000000
763.000000
870.000000
968.000000
691.000000
650.000000
680.000000
625.000000
632.000000
578.000000
446.000000
386.000000
358.000000
327.000000
292.000000
285.000000
289.000000
435.000000
480.000000
591.000000
636.000000
629.000000
715.000000
850.000000
907.000000
999.000000
914.000000
831.000000
872.000000
804.000000
819.000000
856.000000
738.000000
904.000000
789.000000
454.000000
466.000000
457.000000
449.000000
506.000000
515.000000
697.000000
877.000000
945.000000
1239.000000
1306.000000
1530.000000
1566.000000
1698.000000
1709.000000
1672.000000
1709.000000
1636.000000
1559.000000
1315.000000
1408.000000
1339.000000
1101.000000
941.000000
756.000000
637.000000
520.000000
605.000000
596.000000
535.000000
555.000000
730.000000
989.000000
1013.000000
1119.000000
1077.000000
1166.000000
1372.000000
1455.000000
1319.000000
1424.000000
1452.000000
1392.000000
1509.000000
1653.000000
1630.000000
1497.000000
1426.000000
1214.000000
972.000000
910.000000
961.000000
910.000000
939.000000
1049.000000
1341.000000
1697.000000
2185.000000
2481.000000
2340.000000
2544.000000
2799.000000
2896.000000
3173.000000
4156.000000
5242.000000
5670.000000
5968.000000
6419.000000
7481.000000
15626.000000
18731.000000
15926.000000
10665.000000
8630.000000
6554.000000
6115.000000
5724.000000
6310.000000
7412.000000
7791.000000
7119.000000
6665.000000
6154.000000
6430.000000
7427.000000
7260.000000
6711.000000
6475.000000
5801.000000
5681.000000
4607.000000
4053.000000
4016.000000
4168.000000
3100.000000
2827.000000
2147.000000
1799.000000
1746.000000
1548.000000
1524.000000
1421.000000
1626.000000
1730.000000
1608.000000
1541.000000
1479.000000
1717.000000
1896.000000
1766.000000
1607.000000
1581.000000
1578.000000
1444.000000
1382.000000
1224.000000
1167.000000
1055.000000
883.000000
708.000000
665.000000
634.000000
634.000000
532.000000
454.000000
469.000000
501.000000
539.000000
532.000000
518.000000
594.000000
707.000000
769.000000
759.000000
731.000000
742.000000
654.000000
665.000000
736.000000
718.000000
659.000000
636.000000
490.000000
419.000000
444.000000
380.000000
323.000000
288.000000
261.000000
277.000000
344.000000
338.000000
356.000000
333.000000
374.000000
387.000000
423.000000
433.000000
399.000000
398.000000
400.000000
392.000000
386.000000
347.000000
318.000000
314.000000
277.000000
268.000000
224.000000
215.000000
231.000000
189.000000
208.000000
187.000000
191.000000
265.000000
248.000000
234.000000
290.000000
425.000000
374.000000
344.000000
313.000000
313.000000
318.000000
294.000000
251.000000
224.000000
237.000000
259.000000
188.000000
155.000000
175.000000
140.000000
145.000000
199.000000
185.000000
185.000000
192.000000
187.000000
206.000000
245.000000
235.000000
222.000000
299.000000
267.000000
226.000000
247.000000
220.000000
272.000000
210.000000
208.000000
215.000000
187.000000
211.000000
158.000000
156.000000
121.000000
151.000000
115.000000
107.000000
101.000000
126.000000
103.000000
146.000000
173.000000
183.000000
263.000000
374.000000
345.000000
364.000000
330.000000
312.000000
324.000000
266.000000
348.000000
315.000000
289.000000
257.000000
