364.000000
302.000000
269.000000
231.000000
218.000000
178.000000
184.000000
151.000000
199.000000
271.000000
315.000000
370.000000
402.000000
414.000000
448.000000
422.000000
384.000000
391.000000
436.000000
455.000000
552.000000
586.000000
543.000000
611.000000
484.000000
366.000000
297.000000
250.000000
201.000000
202.000000
235.000000
199.000000
262.000000
368.000000
440.000000
568.000000
600.000000
643.000000
582.000000
706.000000
596.000000
609.000000
644.000000
557.000000
639.000000
679.000000
741.000000
757.000000
696.000000
494.000000
454.000000
322.000000
265.000000
250.000000
245.000000
255.000000
316.000000
408.000000
409.000000
486.000000
530.000000
552.000000
602.000000
558.000000
616.000000
528.000000
622.000000
586.000000
673.000000
712.000000
711.000000
713.000000
672.000000
472.000000
396.000000
306.000000
296.000000
270.000000
236.000000
262.000000
307.000000
389.000000
437.000000
600.000000
624.000000
597.000000
587.000000
612.000000
660.000000
572.000000
583.000000
651.000000
720.000000
776.000000
748.000000
782.000000
653.000000
487.000000
383.000000
333.000000
307.000000
222.000000
265.000000
275.000000
309.000000
398.000000
561.000000
648.000000
669.000000
687.000000
786.000000
718.000000
765.000000
736.000000
784.000000
757.000000
809.000000
922.000000
1285.000000
1270.000000
1069.000000
1023.000000
906.000000
731.000000
565.000000
481.000000
434.000000
520.000000
678.000000
873.000000
1057.000000
1207.000000
1238.000000
1246.000000
1354.000000
1229.000000
1286.000000
1219.000000
1397.000000
1442.000000
1577.000000
1521.000000
1637.000000
1674.000000
1754.000000
1476.000000
1601.000000
1616.000000
1139.000000
918.000000
835.000000
921.000000
1341.000000
2208.000000
3098.000000
3556.000000
2960.000000
2975.000000
2932.000000
3087.000000
3227.000000
3207.000000
3301.000000
3730.000000
4692.000000
6110.000000
9817.000000
13011.000000
13765.000000
12925.000000
13544.000000
10932.000000
9199.000000
7560.000000
7019.000000
6439.000000
6513.000000
8643.000000
8336.000000
8459.000000
7454.000000
6664.000000
6381.000000
5865.000000
5379.000000
5870.000000
5897.000000
11043.000000
6060.000000
5724.000000
5530.000000
5452.000000
5190.000000
4785.000000
4436.000000
4138.000000
3709.000000
3655.000000
3128.000000
2875.000000
3120.000000
3439.000000
3766.000000
3732.000000
3529.000000
3266.000000
3444.000000
3275.000000
3304.000000
3205.000000
3339.000000
3376.000000
3173.000000
3154.000000
3099.000000
3037.000000
2936.000000
2831.000000
2447.000000
2309.000000
2127.000000
1924.000000
1855.000000
1802.000000
1760.000000
1860.000000
1912.000000
2044.000000
2010.000000
1958.000000
2034.000000
2045.000000
1901.000000
1878.000000
1928.000000
2047.000000
2001.000000
1911.000000
1951.000000
2093.000000
2080.000000
1824.000000
1610.000000
1447.000000
1384.000000
1205.000000
1192.000000
1115.000000
1126.000000
1432.000000
1272.000000
1313.000000
1325.000000
1357.000000
1268.000000
1280.000000
1197.000000
1370.000000
1477.000000
1326.000000
1400.000000
1354.000000
1359.000000
1428.000000
1313.000000
1177.000000
1108.000000
964.000000
857.000000
788.000000
788.000000
730.000000
797.000000
949.000000
921.000000
931.000000
1005.000000
987.000000
1042.000000
932.000000
970.000000
1011.000000
1051.000000
1090.000000
1101.000000
1065.000000
1091.000000
1123.000000
1049.000000
977.000000
842.000000
787.000000
717.000000
660.000000
679.000000
647.000000
725.000000
782.000000
761.000000
864.000000
881.000000
814.000000
917.000000
812.000000
823.000000
851.000000
839.000000
817.000000
676.000000
666.000000
725.000000
660.000000
589.000000
610.000000
559.000000
493.000000
405.000000
378.000000
333.000000
346.000000
394.000000
483.000000
495.000000
451.000000
531.000000
555.000000
481.000000
509.000000
456.000000
494.000000
485.000000
526.000000
535.000000
487.000000
458.000000
485.000000
517.000000
