188.000000
139.000000
130.000000
114.000000
84.000000
114.000000
105.000000
96.000000
78.000000
137.000000
129.000000
156.000000
151.000000
129.000000
133.000000
141.000000
158.000000
146.000000
147.000000
167.000000
200.000000
190.000000
171.000000
159.000000
130.000000
140.000000
146.000000
125.000000
113.000000
111.000000
144.000000
121.000000
170.000000
184.000000
178.000000
250.000000
228.000000
266.000000
229.000000
179.000000
163.000000
154.000000
186.000000
211.000000
200.000000
230.000000
228.000000
182.000000
165.000000
167.000000
149.000000
111.000000
118.000000
142.000000
104.000000
142.000000
153.000000
175.000000
200.000000
194.000000
221.000000
190.000000
181.000000
255.000000
198.000000
158.000000
180.000000
186.000000
199.000000
235.000000
198.000000
171.000000
159.000000
142.000000
124.000000
143.000000
149.000000
137.000000
139.000000
123.000000
161.000000
179.000000
192.000000
185.000000
225.000000
209.000000
180.000000
237.000000
188.000000
196.000000
194.000000
313.000000
328.000000
318.000000
259.000000
269.000000
266.000000
204.000000
200.000000
197.000000
177.000000
144.000000
129.000000
153.000000
191.000000
174.000000
233.000000
272.000000
253.000000
332.000000
261.000000
227.000000
236.000000
196.000000
211.000000
257.000000
283.000000
320.000000
273.000000
308.000000
256.000000
264.000000
234.000000
220.000000
166.000000
162.000000
183.000000
207.000000
229.000000
309.000000
351.000000
361.000000
377.000000
352.000000
289.000000
332.000000
362.000000
353.000000
319.000000
399.000000
417.000000
429.000000
395.000000
329.000000
353.000000
367.000000
331.000000
329.000000
286.000000
281.000000
278.000000
311.000000
423.000000
444.000000
562.000000
545.000000
540.000000
581.000000
667.000000
664.000000
669.000000
706.000000
862.000000
921.000000
2119.000000
2304.000000
2486.000000
3126.000000
3656.000000
3023.000000
2408.000000
2007.000000
1880.000000
1509.000000
1410.000000
1551.000000
1819.000000
1968.000000
1833.000000
1683.000000
1462.000000
1458.000000
1373.000000
1074.000000
1044.000000
1031.000000
1058.000000
1073.000000
1175.000000
1246.000000
1064.000000
964.000000
807.000000
760.000000
690.000000
687.000000
645.000000
704.000000
720.000000
806.000000
825.000000
1007.000000
976.000000
879.000000
930.000000
770.000000
815.000000
759.000000
726.000000
623.000000
617.000000
629.000000
633.000000
623.000000
620.000000
515.000000
531.000000
1216.000000
1273.000000
1251.000000
1241.000000
1220.000000
1014.000000
1062.000000
1094.000000
1132.000000
1120.000000
998.000000
957.000000
889.000000
878.000000
834.000000
835.000000
781.000000
807.000000
790.000000
749.000000
825.000000
749.000000
787.000000
737.000000
783.000000
761.000000
771.000000
741.000000
622.000000
726.000000
706.000000
690.000000
779.000000
731.000000
655.000000
574.000000
587.000000
565.000000
567.000000
489.000000
483.000000
503.000000
479.000000
488.000000
540.000000
507.000000
530.000000
511.000000
507.000000
521.000000
535.000000
441.000000
421.000000
387.000000
396.000000
471.000000
514.000000
481.000000
452.000000
354.000000
330.000000
387.000000
325.000000
324.000000
330.000000
309.000000
352.000000
356.000000
353.000000
345.000000
351.000000
378.000000
396.000000
368.000000
373.000000
344.000000
347.000000
368.000000
370.000000
403.000000
426.000000
335.000000
318.000000
308.000000
305.000000
348.000000
281.000000
279.000000
360.000000
274.000000
284.000000
261.000000
277.000000
274.000000
277.000000
315.000000
299.000000
321.000000
335.000000
307.000000
331.000000
323.000000
316.000000
341.000000
347.000000
298.000000
342.000000
287.000000
627.000000
237.000000
259.000000
248.000000
223.000000
244.000000
238.000000
242.000000
254.000000
238.000000
234.000000
284.000000
