982.000000
888.000000
885.000000
866.000000
820.000000
766.000000
687.000000
662.000000
646.000000
538.000000
402.000000
316.000000
288.000000
256.000000
211.000000
269.000000
235.000000
292.000000
394.000000
488.000000
514.000000
481.000000
531.000000
548.000000
572.000000
571.000000
590.000000
645.000000
621.000000
577.000000
536.000000
642.000000
596.000000
510.000000
445.000000
367.000000
329.000000
255.000000
224.000000
204.000000
272.000000
261.000000
363.000000
489.000000
555.000000
622.000000
614.000000
721.000000
682.000000
824.000000
806.000000
813.000000
868.000000
908.000000
819.000000
769.000000
773.000000
694.000000
572.000000
440.000000
441.000000
381.000000
462.000000
384.000000
434.000000
627.000000
735.000000
930.000000
933.000000
1035.000000
1060.000000
1090.000000
1205.000000
1136.000000
1155.000000
1136.000000
1139.000000
1164.000000
1239.000000
1131.000000
971.000000
882.000000
684.000000
553.000000
536.000000
451.000000
398.000000
432.000000
527.000000
806.000000
988.000000
1342.000000
1223.000000
1279.000000
1452.000000
1511.000000
1615.000000
1519.000000
1542.000000
1409.000000
1305.000000
1206.000000
1337.000000
1406.000000
1304.000000
1029.000000
836.000000
811.000000
703.000000
638.000000
647.000000
666.000000
772.000000
1151.000000
1554.000000
1937.000000
2136.000000
2171.000000
2122.000000
2301.000000
2296.000000
2162.000000
2277.000000
2228.000000
2247.000000
2152.000000
2227.000000
2087.000000
2301.000000
1874.000000
2011.000000
1476.000000
1333.000000
1167.000000
1131.000000
1162.000000
1540.000000
2523.000000
3426.000000
4473.000000
4097.000000
4068.000000
4249.000000
4373.000000
4546.000000
4686.000000
5463.000000
4649.000000
4159.000000
4250.000000
3992.000000
4519.000000
10462.000000
7200.000000
5368.000000
4600.000000
4190.000000
4069.000000
4428.000000
4585.000000
5469.000000
6827.000000
8213.000000
9430.000000
9371.000000
10511.000000
12104.000000
13991.000000
16214.000000
15883.000000
15078.000000
12975.000000
11369.000000
10040.000000
9086.000000
7997.000000
7429.000000
5929.000000
0.000000
0.000000
0.000000
0.000000
0.000000
0.000000
0.000000
0.000000
0.000000
0.000000
0.000000
0.000000
0.000000
0.000000
0.000000
0.000000
0.000000
0.000000
0.000000
0.000000
0.000000
0.000000
0.000000
0.000000
2475.000000
2037.000000
1682.000000
1479.000000
1196.000000
1218.000000
1236.000000
1378.000000
1600.000000
1952.000000
2453.000000
2608.000000
2679.000000
2615.000000
2858.000000
2808.000000
2921.000000
2871.000000
2800.000000
2668.000000
2728.000000
2675.000000
2420.000000
2053.000000
1617.000000
1420.000000
1309.000000
1199.000000
1022.000000
961.000000
1291.000000
1765.000000
2051.000000
2739.000000
2821.000000
2865.000000
2923.000000
3096.000000
2897.000000
2774.000000
2860.000000
2523.000000
2426.000000
2260.000000
2240.000000
2172.000000
2040.000000
1682.000000
1127.000000
1009.000000
890.000000
757.000000
741.000000
613.000000
746.000000
976.000000
1074.000000
1477.000000
1498.000000
1692.000000
1676.000000
1842.000000
1746.000000
1769.000000
1760.000000
1709.000000
1499.000000
1449.000000
1312.000000
1318.000000
1200.000000
940.000000
737.000000
659.000000
553.000000
491.000000
447.000000
447.000000
514.000000
647.000000
817.000000
969.000000
1043.000000
1093.000000
1198.000000
1372.000000
1148.000000
1171.000000
1101.000000
1050.000000
998.000000
917.000000
945.000000
927.000000
989.000000
707.000000
584.000000
486.000000
461.000000
384.000000
387.000000
318.000000
414.000000
412.000000
497.000000
667.000000
744.000000
841.000000
773.000000
1008.000000
858.000000
827.000000
799.000000
812.000000
749.000000
725.000000
962.000000
787.000000
762.000000
727.000000
538.000000
380.000000
353.000000
308.000000
288.000000
271.000000
266.000000
306.000000
477.000000
618.000000
731.000000
699.000000
808.000000
823.000000
938.000000
