212.000000
144.000000
164.000000
107.000000
116.000000
90.000000
80.000000
76.000000
77.000000
107.000000
122.000000
166.000000
193.000000
211.000000
218.000000
232.000000
237.000000
246.000000
262.000000
250.000000
214.000000
195.000000
273.000000
198.000000
245.000000
202.000000
172.000000
113.000000
101.000000
76.000000
62.000000
64.000000
70.000000
96.000000
137.000000
163.000000
216.000000
221.000000
231.000000
221.000000
200.000000
226.000000
256.000000
234.000000
209.000000
216.000000
196.000000
216.000000
230.000000
179.000000
154.000000
112.000000
69.000000
87.000000
68.000000
72.000000
70.000000
85.000000
148.000000
155.000000
0.000000
213.000000
216.000000
245.000000
303.000000
328.000000
284.000000
288.000000
231.000000
242.000000
231.000000
251.000000
180.000000
215.000000
155.000000
150.000000
87.000000
97.000000
67.000000
70.000000
84.000000
91.000000
110.000000
190.000000
220.000000
190.000000
234.000000
276.000000
269.000000
309.000000
273.000000
267.000000
262.000000
230.000000
265.000000
274.000000
279.000000
223.000000
252.000000
140.000000
89.000000
116.000000
92.000000
61.000000
105.000000
107.000000
169.000000
225.000000
306.000000
330.000000
309.000000
287.000000
304.000000
314.000000
359.000000
327.000000
397.000000
345.000000
385.000000
332.000000
335.000000
288.000000
250.000000
184.000000
142.000000
118.000000
129.000000
132.000000
122.000000
114.000000
160.000000
201.000000
270.000000
330.000000
299.000000
320.000000
281.000000
283.000000
297.000000
292.000000
313.000000
311.000000
320.000000
289.000000
284.000000
270.000000
239.000000
225.000000
205.000000
229.000000
192.000000
165.000000
178.000000
201.000000
297.000000
289.000000
367.000000
454.000000
491.000000
540.000000
554.000000
474.000000
558.000000
729.000000
1721.000000
2128.000000
2710.000000
2943.000000
3011.000000
2579.000000
2040.000000
1535.000000
1156.000000
864.000000
776.000000
775.000000
786.000000
1071.000000
1326.000000
1554.000000
1625.000000
1485.000000
1293.000000
1225.000000
1217.000000
1163.000000
1069.000000
932.000000
935.000000
936.000000
818.000000
763.000000
597.000000
503.000000
408.000000
328.000000
227.000000
239.000000
183.000000
151.000000
127.000000
184.000000
229.000000
281.000000
270.000000
215.000000
261.000000
407.000000
1136.000000
1089.000000
1066.000000
992.000000
1020.000000
955.000000
774.000000
673.000000
564.000000
557.000000
425.000000
390.000000
410.000000
325.000000
288.000000
242.000000
250.000000
257.000000
273.000000
330.000000
307.000000
336.000000
301.000000
346.000000
390.000000
437.000000
416.000000
367.000000
318.000000
281.000000
296.000000
285.000000
318.000000
215.000000
202.000000
172.000000
193.000000
153.000000
178.000000
162.000000
146.000000
128.000000
146.000000
155.000000
179.000000
166.000000
223.000000
222.000000
246.000000
219.000000
264.000000
236.000000
230.000000
207.000000
233.000000
210.000000
204.000000
197.000000
181.000000
147.000000
117.000000
130.000000
94.000000
98.000000
87.000000
77.000000
102.000000
107.000000
129.000000
153.000000
0.000000
183.000000
162.000000
211.000000
181.000000
192.000000
223.000000
158.000000
194.000000
198.000000
192.000000
165.000000
130.000000
107.000000
107.000000
83.000000
115.000000
88.000000
85.000000
93.000000
72.000000
81.000000
125.000000
134.000000
108.000000
86.000000
136.000000
124.000000
125.000000
154.000000
140.000000
140.000000
131.000000
137.000000
140.000000
0.000000
115.000000
94.000000
71.000000
93.000000
70.000000
91.000000
114.000000
77.000000
85.000000
94.000000
88.000000
98.000000
136.000000
85.000000
111.000000
121.000000
111.000000
109.000000
144.000000
127.000000
166.000000
167.000000
125.000000
