35.000000
62.000000
46.000000
40.000000
38.000000
40.000000
54.000000
64.000000
73.000000
51.000000
43.000000
102.000000
98.000000
82.000000
41.000000
31.000000
27.000000
10.000000
15.000000
13.000000
13.000000
17.000000
31.000000
28.000000
33.000000
63.000000
39.000000
52.000000
48.000000
63.000000
49.000000
60.000000
76.000000
47.000000
58.000000
78.000000
97.000000
75.000000
47.000000
37.000000
30.000000
25.000000
17.000000
13.000000
16.000000
19.000000
30.000000
35.000000
40.000000
48.000000
54.000000
40.000000
55.000000
52.000000
59.000000
68.000000
52.000000
63.000000
48.000000
160.000000
122.000000
105.000000
92.000000
42.000000
36.000000
32.000000
25.000000
12.000000
27.000000
25.000000
29.000000
60.000000
78.000000
69.000000
84.000000
80.000000
66.000000
90.000000
96.000000
91.000000
79.000000
80.000000
93.000000
159.000000
127.000000
100.000000
69.000000
62.000000
41.000000
23.000000
20.000000
26.000000
27.000000
26.000000
28.000000
29.000000
75.000000
67.000000
77.000000
70.000000
97.000000
81.000000
99.000000
97.000000
75.000000
89.000000
128.000000
104.000000
131.000000
96.000000
116.000000
75.000000
48.000000
34.000000
25.000000
30.000000
31.000000
24.000000
26.000000
55.000000
82.000000
64.000000
100.000000
104.000000
102.000000
111.000000
123.000000
128.000000
143.000000
211.000000
243.000000
330.000000
429.000000
468.000000
532.000000
390.000000
254.000000
155.000000
116.000000
86.000000
92.000000
166.000000
378.000000
511.000000
447.000000
394.000000
344.000000
282.000000
266.000000
249.000000
240.000000
170.000000
164.000000
150.000000
385.000000
1107.000000
1207.000000
1051.000000
1094.000000
934.000000
735.000000
530.000000
991.000000
924.000000
1014.000000
1351.000000
1811.000000
1933.000000
2206.000000
2055.000000
1919.000000
1853.000000
1645.000000
1394.000000
1420.000000
1397.000000
1276.000000
985.000000
1096.000000
939.000000
884.000000
773.000000
676.000000
568.000000
470.000000
359.000000
275.000000
262.000000
238.000000
303.000000
408.000000
444.000000
464.000000
412.000000
460.000000
446.000000
448.000000
422.000000
433.000000
379.000000
343.000000
333.000000
340.000000
327.000000
299.000000
292.000000
294.000000
282.000000
198.000000
156.000000
115.000000
160.000000
121.000000
138.000000
186.000000
169.000000
233.000000
209.000000
271.000000
261.000000
254.000000
229.000000
209.000000
190.000000
224.000000
204.000000
187.000000
190.000000
210.000000
170.000000
150.000000
166.000000
123.000000
103.000000
96.000000
98.000000
73.000000
96.000000
85.000000
116.000000
122.000000
161.000000
168.000000
143.000000
122.000000
153.000000
128.000000
186.000000
147.000000
112.000000
134.000000
158.000000
155.000000
152.000000
134.000000
129.000000
81.000000
97.000000
82.000000
71.000000
57.000000
87.000000
90.000000
100.000000
89.000000
75.000000
90.000000
94.000000
85.000000
94.000000
100.000000
95.000000
104.000000
86.000000
105.000000
123.000000
85.000000
118.000000
109.000000
77.000000
69.000000
83.000000
60.000000
50.000000
47.000000
48.000000
65.000000
91.000000
84.000000
84.000000
78.000000
81.000000
89.000000
69.000000
71.000000
85.000000
72.000000
78.000000
94.000000
101.000000
114.000000
111.000000
92.000000
64.000000
98.000000
54.000000
43.000000
45.000000
49.000000
73.000000
63.000000
70.000000
98.000000
113.000000
101.000000
102.000000
119.000000
95.000000
103.000000
115.000000
115.000000
93.000000
104.000000
95.000000
94.000000
89.000000
87.000000
81.000000
72.000000
55.000000
49.000000
33.000000
36.000000
36.000000
49.000000
62.000000
71.000000
