93.000000
102.000000
98.000000
75.000000
89.000000
112.000000
87.000000
43.000000
54.000000
43.000000
30.000000
28.000000
42.000000
56.000000
64.000000
78.000000
87.000000
82.000000
104.000000
75.000000
136.000000
159.000000
121.000000
89.000000
131.000000
87.000000
102.000000
103.000000
105.000000
93.000000
69.000000
70.000000
44.000000
36.000000
31.000000
44.000000
29.000000
34.000000
67.000000
72.000000
90.000000
105.000000
93.000000
100.000000
98.000000
105.000000
113.000000
101.000000
99.000000
98.000000
100.000000
95.000000
85.000000
94.000000
112.000000
64.000000
73.000000
54.000000
44.000000
26.000000
30.000000
53.000000
75.000000
92.000000
134.000000
135.000000
165.000000
194.000000
190.000000
151.000000
159.000000
152.000000
160.000000
135.000000
143.000000
139.000000
215.000000
190.000000
111.000000
103.000000
82.000000
59.000000
50.000000
41.000000
48.000000
62.000000
68.000000
105.000000
129.000000
128.000000
145.000000
195.000000
159.000000
157.000000
156.000000
174.000000
172.000000
209.000000
184.000000
190.000000
194.000000
199.000000
180.000000
202.000000
108.000000
107.000000
93.000000
61.000000
70.000000
82.000000
120.000000
154.000000
160.000000
223.000000
201.000000
234.000000
266.000000
239.000000
263.000000
251.000000
227.000000
232.000000
286.000000
253.000000
212.000000
190.000000
185.000000
180.000000
123.000000
117.000000
95.000000
93.000000
87.000000
114.000000
131.000000
150.000000
195.000000
209.000000
220.000000
276.000000
280.000000
260.000000
242.000000
255.000000
267.000000
291.000000
314.000000
299.000000
288.000000
265.000000
281.000000
252.000000
260.000000
202.000000
248.000000
266.000000
229.000000
315.000000
410.000000
584.000000
711.000000
852.000000
978.000000
1184.000000
1264.000000
1317.000000
1887.000000
2544.000000
2653.000000
2445.000000
2019.000000
1870.000000
1837.000000
1504.000000
1189.000000
937.000000
853.000000
808.000000
689.000000
605.000000
607.000000
607.000000
754.000000
780.000000
838.000000
775.000000
768.000000
787.000000
696.000000
702.000000
576.000000
605.000000
482.000000
494.000000
420.000000
376.000000
360.000000
296.000000
250.000000
172.000000
187.000000
173.000000
141.000000
133.000000
136.000000
181.000000
181.000000
190.000000
207.000000
235.000000
211.000000
205.000000
203.000000
204.000000
223.000000
211.000000
171.000000
168.000000
194.000000
145.000000
162.000000
149.000000
160.000000
110.000000
86.000000
90.000000
76.000000
107.000000
66.000000
87.000000
80.000000
99.000000
111.000000
109.000000
152.000000
114.000000
126.000000
144.000000
136.000000
152.000000
111.000000
112.000000
96.000000
107.000000
98.000000
104.000000
95.000000
79.000000
58.000000
68.000000
61.000000
65.000000
68.000000
67.000000
81.000000
87.000000
103.000000
82.000000
109.000000
109.000000
110.000000
88.000000
123.000000
112.000000
87.000000
105.000000
113.000000
89.000000
95.000000
89.000000
79.000000
50.000000
53.000000
39.000000
48.000000
41.000000
40.000000
40.000000
56.000000
82.000000
115.000000
91.000000
99.000000
98.000000
119.000000
107.000000
129.000000
116.000000
95.000000
113.000000
88.000000
87.000000
90.000000
74.000000
94.000000
57.000000
53.000000
48.000000
30.000000
34.000000
52.000000
40.000000
41.000000
69.000000
66.000000
78.000000
82.000000
98.000000
80.000000
80.000000
80.000000
105.000000
94.000000
87.000000
107.000000
78.000000
84.000000
74.000000
61.000000
54.000000
61.000000
37.000000
33.000000
31.000000
30.000000
52.000000
43.000000
53.000000
57.000000
69.000000
89.000000
78.000000
89.000000
68.000000
120.000000
71.000000
82.000000
