667.000000
415.000000
363.000000
323.000000
261.000000
274.000000
547.000000
569.000000
581.000000
738.000000
1214.000000
993.000000
1087.000000
999.000000
1190.000000
1217.000000
1348.000000
1297.000000
1453.000000
1098.000000
1066.000000
1035.000000
996.000000
919.000000
896.000000
1112.000000
1118.000000
939.000000
954.000000
742.000000
447.000000
417.000000
316.000000
415.000000
436.000000
528.000000
490.000000
507.000000
603.000000
675.000000
749.000000
747.000000
701.000000
812.000000
731.000000
761.000000
763.000000
733.000000
692.000000
483.000000
504.000000
441.000000
443.000000
376.000000
371.000000
363.000000
339.000000
364.000000
416.000000
468.000000
448.000000
454.000000
515.000000
607.000000
636.000000
636.000000
677.000000
609.000000
632.000000
715.000000
567.000000
626.000000
519.000000
496.000000
389.000000
369.000000
271.000000
354.000000
264.000000
257.000000
257.000000
376.000000
419.000000
460.000000
551.000000
518.000000
617.000000
639.000000
688.000000
755.000000
763.000000
661.000000
655.000000
797.000000
748.000000
724.000000
657.000000
606.000000
437.000000
403.000000
416.000000
330.000000
304.000000
295.000000
322.000000
436.000000
582.000000
573.000000
688.000000
643.000000
736.000000
797.000000
797.000000
869.000000
984.000000
882.000000
911.000000
852.000000
924.000000
893.000000
820.000000
706.000000
722.000000
576.000000
503.000000
496.000000
400.000000
469.000000
458.000000
559.000000
738.000000
768.000000
780.000000
1032.000000
978.000000
999.000000
1054.000000
1087.000000
1082.000000
1127.000000
1156.000000
1122.000000
1122.000000
1009.000000
1103.000000
1131.000000
1042.000000
818.000000
780.000000
698.000000
685.000000
693.000000
910.000000
1077.000000
1277.000000
1519.000000
1642.000000
1811.000000
1825.000000
2053.000000
2225.000000
2434.000000
2666.000000
3052.000000
3971.000000
4327.000000
4670.000000
5434.000000
10697.000000
8016.000000
6841.000000
5436.000000
4634.000000
4226.000000
4098.000000
4710.000000
6320.000000
8347.000000
8496.000000
8295.000000
8200.000000
9045.000000
10028.000000
10636.000000
9994.000000
9447.000000
8858.000000
8680.000000
8558.000000
7935.000000
7502.000000
6646.000000
6147.000000
4890.000000
4053.000000
3413.000000
3075.000000
2777.000000
2376.000000
2385.000000
2910.000000
3236.000000
3448.000000
3398.000000
3191.000000
3270.000000
3412.000000
3509.000000
3412.000000
3395.000000
3458.000000
3361.000000
3144.000000
2962.000000
2933.000000
2715.000000
2664.000000
2294.000000
1906.000000
1673.000000
1273.000000
1257.000000
1235.000000
1421.000000
1452.000000
1523.000000
1626.000000
1785.000000
1670.000000
1768.000000
1837.000000
2033.000000
2006.000000
1990.000000
1954.000000
1933.000000
1841.000000
1828.000000
1754.000000
1713.000000
1561.000000
1268.000000
1204.000000
969.000000
868.000000
857.000000
655.000000
679.000000
823.000000
978.000000
914.000000
1013.000000
1062.000000
977.000000
1015.000000
1116.000000
1129.000000
1210.000000
1205.000000
1142.000000
1195.000000
1180.000000
1131.000000
1153.000000
987.000000
801.000000
713.000000
634.000000
597.000000
554.000000
998.000000
1031.000000
1041.000000
951.000000
1124.000000
1125.000000
1142.000000
1129.000000
1349.000000
1538.000000
1734.000000
1623.000000
1572.000000
1696.000000
1603.000000
1546.000000
1531.000000
1234.000000
1301.000000
1073.000000
922.000000
921.000000
810.000000
814.000000
681.000000
644.000000
569.000000
731.000000
749.000000
834.000000
833.000000
898.000000
941.000000
962.000000
1036.000000
1069.000000
1131.000000
1086.000000
1063.000000
1047.000000
1065.000000
1116.000000
1011.000000
1043.000000
1046.000000
912.000000
759.000000
694.000000
645.000000
599.000000
651.000000
584.000000
663.000000
713.000000
769.000000
774.000000
775.000000
860.000000
986.000000
1034.000000
1003.000000
1065.000000
1064.000000
1116.000000
985.000000
1062.000000
995.000000
