104.000000
96.000000
82.000000
115.000000
104.000000
120.000000
130.000000
111.000000
102.000000
115.000000
105.000000
94.000000
56.000000
72.000000
60.000000
51.000000
43.000000
54.000000
38.000000
55.000000
71.000000
90.000000
102.000000
93.000000
99.000000
114.000000
103.000000
100.000000
114.000000
168.000000
139.000000
124.000000
108.000000
122.000000
118.000000
109.000000
61.000000
75.000000
52.000000
56.000000
51.000000
53.000000
65.000000
50.000000
63.000000
85.000000
87.000000
99.000000
95.000000
116.000000
109.000000
125.000000
132.000000
105.000000
130.000000
146.000000
141.000000
119.000000
111.000000
71.000000
64.000000
81.000000
84.000000
67.000000
61.000000
55.000000
39.000000
59.000000
74.000000
74.000000
66.000000
104.000000
91.000000
131.000000
118.000000
112.000000
112.000000
112.000000
105.000000
126.000000
127.000000
105.000000
122.000000
79.000000
69.000000
63.000000
65.000000
44.000000
56.000000
46.000000
59.000000
53.000000
72.000000
76.000000
98.000000
110.000000
106.000000
123.000000
126.000000
134.000000
142.000000
138.000000
125.000000
131.000000
131.000000
237.000000
233.000000
169.000000
111.000000
94.000000
89.000000
63.000000
76.000000
117.000000
97.000000
117.000000
154.000000
136.000000
154.000000
191.000000
188.000000
228.000000
154.000000
199.000000
180.000000
189.000000
234.000000
240.000000
207.000000
193.000000
186.000000
199.000000
97.000000
116.000000
128.000000
116.000000
94.000000
69.000000
95.000000
136.000000
138.000000
235.000000
257.000000
295.000000
292.000000
380.000000
466.000000
551.000000
523.000000
626.000000
681.000000
647.000000
752.000000
858.000000
934.000000
1158.000000
1165.000000
890.000000
726.000000
614.000000
549.000000
491.000000
504.000000
708.000000
985.000000
1136.000000
1210.000000
1203.000000
1224.000000
1123.000000
1111.000000
1078.000000
990.000000
886.000000
885.000000
752.000000
788.000000
673.000000
706.000000
532.000000
466.000000
397.000000
321.000000
285.000000
200.000000
198.000000
171.000000
243.000000
314.000000
355.000000
363.000000
332.000000
344.000000
391.000000
337.000000
342.000000
355.000000
316.000000
304.000000
302.000000
268.000000
203.000000
283.000000
202.000000
166.000000
140.000000
107.000000
89.000000
95.000000
76.000000
87.000000
63.000000
109.000000
117.000000
142.000000
170.000000
108.000000
120.000000
152.000000
133.000000
167.000000
167.000000
119.000000
167.000000
98.000000
136.000000
121.000000
113.000000
121.000000
72.000000
74.000000
87.000000
62.000000
49.000000
53.000000
40.000000
65.000000
70.000000
82.000000
88.000000
97.000000
101.000000
115.000000
101.000000
128.000000
126.000000
128.000000
150.000000
112.000000
115.000000
116.000000
75.000000
84.000000
68.000000
56.000000
53.000000
55.000000
46.000000
45.000000
50.000000
53.000000
50.000000
103.000000
87.000000
89.000000
86.000000
101.000000
109.000000
114.000000
83.000000
134.000000
164.000000
160.000000
121.000000
129.000000
149.000000
139.000000
99.000000
127.000000
190.000000
124.000000
121.000000
91.000000
109.000000
107.000000
98.000000
124.000000
151.000000
138.000000
202.000000
808.000000
878.000000
840.000000
846.000000
788.000000
789.000000
697.000000
624.000000
633.000000
538.000000
538.000000
500.000000
404.000000
410.000000
325.000000
300.000000
271.000000
253.000000
262.000000
287.000000
297.000000
272.000000
334.000000
354.000000
367.000000
394.000000
442.000000
423.000000
434.000000
451.000000
458.000000
494.000000
458.000000
478.000000
431.000000
405.000000
335.000000
338.000000
317.000000
264.000000
192.000000
195.000000
191.000000
183.000000
245.000000
214.000000
240.000000
