217.000000
190.000000
142.000000
145.000000
146.000000
137.000000
105.000000
104.000000
116.000000
172.000000
183.000000
228.000000
239.000000
289.000000
231.000000
256.000000
232.000000
308.000000
270.000000
412.000000
408.000000
383.000000
358.000000
312.000000
279.000000
236.000000
188.000000
150.000000
135.000000
120.000000
121.000000
186.000000
212.000000
233.000000
323.000000
303.000000
319.000000
375.000000
382.000000
348.000000
420.000000
457.000000
373.000000
418.000000
414.000000
424.000000
442.000000
481.000000
337.000000
255.000000
207.000000
195.000000
150.000000
158.000000
149.000000
191.000000
203.000000
272.000000
277.000000
310.000000
333.000000
406.000000
398.000000
336.000000
355.000000
393.000000
409.000000
507.000000
490.000000
517.000000
501.000000
458.000000
376.000000
286.000000
304.000000
210.000000
172.000000
161.000000
186.000000
205.000000
227.000000
265.000000
260.000000
324.000000
377.000000
360.000000
403.000000
343.000000
417.000000
373.000000
430.000000
517.000000
511.000000
555.000000
524.000000
488.000000
415.000000
368.000000
232.000000
256.000000
183.000000
175.000000
189.000000
236.000000
251.000000
314.000000
385.000000
363.000000
447.000000
459.000000
451.000000
439.000000
470.000000
470.000000
523.000000
570.000000
581.000000
632.000000
550.000000
606.000000
517.000000
423.000000
348.000000
266.000000
248.000000
224.000000
271.000000
273.000000
415.000000
487.000000
585.000000
700.000000
700.000000
805.000000
804.000000
796.000000
816.000000
880.000000
856.000000
999.000000
1048.000000
1023.000000
1100.000000
1126.000000
1003.000000
1156.000000
793.000000
684.000000
578.000000
488.000000
496.000000
597.000000
849.000000
1280.000000
1462.000000
1570.000000
1572.000000
1692.000000
1690.000000
1725.000000
1718.000000
2026.000000
2348.000000
2651.000000
3467.000000
3799.000000
4627.000000
4847.000000
5367.000000
4516.000000
3833.000000
2875.000000
2446.000000
2109.000000
2017.000000
2109.000000
2476.000000
3100.000000
3061.000000
2905.000000
2494.000000
2405.000000
2193.000000
1917.000000
1971.000000
2040.000000
2099.000000
2168.000000
2084.000000
2170.000000
2082.000000
2121.000000
2073.000000
1953.000000
1767.000000
1444.000000
1305.000000
1190.000000
1132.000000
1254.000000
1464.000000
1401.000000
1618.000000
1531.000000
1533.000000
1494.000000
1526.000000
1398.000000
1530.000000
1618.000000
1598.000000
1550.000000
1488.000000
1483.000000
1540.000000
1465.000000
1367.000000
1326.000000
1223.000000
1087.000000
911.000000
875.000000
898.000000
872.000000
923.000000
986.000000
1067.000000
1120.000000
1139.000000
1042.000000
1104.000000
1244.000000
1278.000000
1166.000000
1187.000000
1165.000000
1059.000000
1113.000000
1208.000000
1176.000000
1113.000000
1076.000000
893.000000
887.000000
781.000000
670.000000
759.000000
745.000000
726.000000
739.000000
685.000000
691.000000
684.000000
767.000000
707.000000
734.000000
711.000000
789.000000
769.000000
800.000000
813.000000
744.000000
709.000000
826.000000
712.000000
714.000000
604.000000
575.000000
516.000000
532.000000
500.000000
486.000000
537.000000
510.000000
551.000000
624.000000
616.000000
625.000000
613.000000
652.000000
664.000000
687.000000
653.000000
671.000000
679.000000
647.000000
773.000000
738.000000
683.000000
615.000000
557.000000
475.000000
489.000000
442.000000
502.000000
425.000000
478.000000
528.000000
571.000000
538.000000
501.000000
517.000000
560.000000
478.000000
518.000000
561.000000
503.000000
567.000000
576.000000
520.000000
501.000000
582.000000
545.000000
450.000000
433.000000
454.000000
399.000000
394.000000
323.000000
371.000000
364.000000
357.000000
350.000000
388.000000
331.000000
348.000000
370.000000
431.000000
391.000000
451.000000
445.000000
484.000000
499.000000
428.000000
422.000000
443.000000
466.000000
