107.000000
108.000000
96.000000
70.000000
100.000000
66.000000
44.000000
71.000000
90.000000
108.000000
157.000000
127.000000
167.000000
140.000000
139.000000
189.000000
161.000000
223.000000
171.000000
168.000000
153.000000
151.000000
143.000000
144.000000
129.000000
124.000000
94.000000
61.000000
61.000000
54.000000
47.000000
50.000000
57.000000
98.000000
108.000000
164.000000
166.000000
113.000000
140.000000
158.000000
147.000000
147.000000
133.000000
117.000000
146.000000
137.000000
156.000000
142.000000
141.000000
103.000000
69.000000
67.000000
69.000000
50.000000
53.000000
48.000000
55.000000
74.000000
120.000000
136.000000
158.000000
162.000000
138.000000
182.000000
159.000000
190.000000
163.000000
148.000000
161.000000
148.000000
152.000000
142.000000
165.000000
144.000000
129.000000
93.000000
73.000000
64.000000
71.000000
50.000000
89.000000
86.000000
161.000000
137.000000
193.000000
160.000000
174.000000
205.000000
215.000000
203.000000
170.000000
152.000000
133.000000
159.000000
162.000000
154.000000
151.000000
144.000000
108.000000
93.000000
73.000000
78.000000
138.000000
192.000000
215.000000
286.000000
259.000000
408.000000
395.000000
344.000000
525.000000
470.000000
472.000000
545.000000
556.000000
411.000000
411.000000
402.000000
432.000000
435.000000
451.000000
309.000000
281.000000
223.000000
163.000000
185.000000
173.000000
169.000000
171.000000
161.000000
249.000000
280.000000
359.000000
273.000000
377.000000
328.000000
377.000000
361.000000
375.000000
389.000000
357.000000
423.000000
350.000000
417.000000
395.000000
733.000000
514.000000
442.000000
327.000000
299.000000
241.000000
268.000000
375.000000
489.000000
614.000000
882.000000
898.000000
902.000000
908.000000
937.000000
966.000000
1026.000000
1170.000000
1358.000000
1518.000000
3296.000000
3155.000000
3693.000000
4793.000000
3884.000000
2468.000000
1721.000000
1288.000000
1097.000000
1062.000000
1187.000000
1588.000000
1932.000000
2245.000000
2148.000000
2034.000000
1764.000000
1723.000000
1610.000000
1363.000000
1274.000000
1310.000000
1468.000000
1131.000000
1036.000000
910.000000
711.000000
785.000000
669.000000
548.000000
352.000000
318.000000
308.000000
250.000000
267.000000
265.000000
383.000000
466.000000
415.000000
436.000000
455.000000
429.000000
471.000000
502.000000
470.000000
461.000000
458.000000
387.000000
387.000000
383.000000
393.000000
361.000000
306.000000
230.000000
236.000000
161.000000
155.000000
127.000000
119.000000
149.000000
166.000000
248.000000
229.000000
268.000000
251.000000
276.000000
328.000000
367.000000
435.000000
380.000000
359.000000
328.000000
297.000000
313.000000
539.000000
913.000000
717.000000
538.000000
474.000000
480.000000
476.000000
398.000000
387.000000
346.000000
416.000000
453.000000
446.000000
500.000000
478.000000
533.000000
653.000000
633.000000
606.000000
643.000000
577.000000
619.000000
507.000000
529.000000
515.000000
625.000000
475.000000
358.000000
361.000000
355.000000
338.000000
265.000000
324.000000
302.000000
305.000000
323.000000
358.000000
376.000000
374.000000
429.000000
364.000000
435.000000
403.000000
351.000000
344.000000
365.000000
397.000000
327.000000
348.000000
351.000000
297.000000
260.000000
245.000000
201.000000
203.000000
179.000000
161.000000
205.000000
189.000000
215.000000
230.000000
259.000000
253.000000
239.000000
254.000000
310.000000
300.000000
323.000000
273.000000
307.000000
275.000000
272.000000
350.000000
275.000000
224.000000
203.000000
191.000000
167.000000
164.000000
137.000000
135.000000
151.000000
154.000000
182.000000
220.000000
223.000000
211.000000
203.000000
199.000000
244.000000
262.000000
268.000000
257.000000
257.000000
288.000000
314.000000
295.000000
329.000000
