347.000000
250.000000
189.000000
129.000000
114.000000
78.000000
65.000000
49.000000
80.000000
105.000000
171.000000
299.000000
413.000000
490.000000
502.000000
414.000000
513.000000
529.000000
495.000000
456.000000
407.000000
362.000000
700.000000
643.000000
458.000000
347.000000
288.000000
178.000000
158.000000
114.000000
70.000000
81.000000
70.000000
110.000000
158.000000
353.000000
405.000000
497.000000
481.000000
456.000000
513.000000
545.000000
525.000000
494.000000
430.000000
373.000000
771.000000
724.000000
623.000000
357.000000
318.000000
235.000000
166.000000
97.000000
94.000000
77.000000
82.000000
134.000000
211.000000
373.000000
529.000000
493.000000
529.000000
511.000000
587.000000
556.000000
595.000000
594.000000
499.000000
454.000000
716.000000
699.000000
720.000000
483.000000
337.000000
213.000000
171.000000
120.000000
74.000000
85.000000
123.000000
201.000000
326.000000
493.000000
705.000000
719.000000
796.000000
727.000000
783.000000
763.000000
745.000000
809.000000
621.000000
520.000000
990.000000
993.000000
797.000000
528.000000
409.000000
277.000000
177.000000
139.000000
100.000000
104.000000
127.000000
230.000000
388.000000
662.000000
833.000000
863.000000
961.000000
838.000000
1027.000000
1008.000000
975.000000
1012.000000
895.000000
849.000000
1346.000000
1334.000000
1018.000000
894.000000
556.000000
448.000000
288.000000
182.000000
157.000000
171.000000
173.000000
254.000000
372.000000
675.000000
934.000000
933.000000
1109.000000
1002.000000
1052.000000
1067.000000
889.000000
888.000000
828.000000
1056.000000
1255.000000
1088.000000
1182.000000
1193.000000
759.000000
388.000000
291.000000
199.000000
138.000000
134.000000
164.000000
226.000000
372.000000
657.000000
864.000000
951.000000
987.000000
1083.000000
1252.000000
1460.000000
1362.000000
1477.000000
1708.000000
2727.000000
3391.000000
4707.000000
5802.000000
5203.000000
4180.000000
2699.000000
1627.000000
866.000000
603.000000
746.000000
2080.000000
4489.000000
5084.000000
4133.000000
3579.000000
3078.000000
2408.000000
1825.000000
1480.000000
1133.000000
718.000000
392.000000
588.000000
919.000000
873.000000
1077.000000
1069.000000
964.000000
795.000000
843.000000
712.000000
627.000000
566.000000
554.000000
605.000000
645.000000
821.000000
844.000000
818.000000
805.000000
912.000000
813.000000
690.000000
615.000000
692.000000
561.000000
528.000000
476.000000
484.000000
557.000000
495.000000
497.000000
429.000000
374.000000
327.000000
254.000000
205.000000
225.000000
207.000000
234.000000
280.000000
313.000000
352.000000
333.000000
363.000000
393.000000
329.000000
300.000000
326.000000
250.000000
223.000000
250.000000
250.000000
242.000000
293.000000
237.000000
252.000000
185.000000
176.000000
171.000000
148.000000
152.000000
112.000000
120.000000
155.000000
191.000000
267.000000
206.000000
209.000000
198.000000
218.000000
189.000000
170.000000
176.000000
152.000000
158.000000
180.000000
171.000000
226.000000
189.000000
150.000000
136.000000
130.000000
112.000000
96.000000
105.000000
105.000000
115.000000
145.000000
185.000000
167.000000
171.000000
186.000000
163.000000
172.000000
141.000000
189.000000
166.000000
124.000000
113.000000
127.000000
158.000000
128.000000
115.000000
147.000000
97.000000
93.000000
79.000000
72.000000
52.000000
63.000000
63.000000
87.000000
90.000000
100.000000
103.000000
89.000000
146.000000
126.000000
119.000000
99.000000
106.000000
96.000000
73.000000
106.000000
115.000000
121.000000
119.000000
96.000000
87.000000
68.000000
69.000000
44.000000
63.000000
51.000000
56.000000
69.000000
111.000000
67.000000
87.000000
111.000000
84.000000
92.000000
83.000000
82.000000
92.000000
93.000000
86.000000
97.000000
94.000000
92.000000
