25.000000
31.000000
27.000000
24.000000
15.000000
27.000000
20.000000
30.000000
42.000000
40.000000
32.000000
48.000000
38.000000
46.000000
47.000000
35.000000
37.000000
44.000000
28.000000
39.000000
37.000000
35.000000
29.000000
33.000000
34.000000
21.000000
32.000000
20.000000
22.000000
19.000000
19.000000
28.000000
29.000000
29.000000
41.000000
35.000000
42.000000
34.000000
33.000000
39.000000
35.000000
35.000000
33.000000
57.000000
84.000000
101.000000
66.000000
56.000000
40.000000
33.000000
44.000000
32.000000
36.000000
54.000000
40.000000
48.000000
47.000000
64.000000
60.000000
57.000000
47.000000
53.000000
48.000000
56.000000
47.000000
56.000000
50.000000
48.000000
38.000000
56.000000
45.000000
58.000000
30.000000
26.000000
29.000000
28.000000
30.000000
44.000000
42.000000
48.000000
51.000000
64.000000
66.000000
73.000000
77.000000
58.000000
75.000000
56.000000
64.000000
70.000000
86.000000
89.000000
51.000000
52.000000
77.000000
79.000000
44.000000
37.000000
36.000000
42.000000
46.000000
56.000000
77.000000
94.000000
162.000000
476.000000
341.000000
302.000000
257.000000
218.000000
209.000000
222.000000
194.000000
160.000000
156.000000
160.000000
177.000000
150.000000
148.000000
149.000000
122.000000
109.000000
114.000000
80.000000
100.000000
142.000000
164.000000
181.000000
185.000000
155.000000
162.000000
156.000000
206.000000
201.000000
232.000000
235.000000
225.000000
282.000000
301.000000
346.000000
443.000000
755.000000
638.000000
536.000000
543.000000
470.000000
492.000000
470.000000
514.000000
634.000000
860.000000
1113.000000
1130.000000
1189.000000
1374.000000
1355.000000
1265.000000
1101.000000
1077.000000
964.000000
914.000000
822.000000
822.000000
804.000000
718.000000
606.000000
507.000000
822.000000
1872.000000
1786.000000
1520.000000
1389.000000
1370.000000
1355.000000
1466.000000
1519.000000
1485.000000
1394.000000
1636.000000
1840.000000
1805.000000
1833.000000
1739.000000
1672.000000
1619.000000
1470.000000
1555.000000
1471.000000
1342.000000
1160.000000
1047.000000
1052.000000
1024.000000
992.000000
832.000000
745.000000
739.000000
676.000000
748.000000
786.000000
741.000000
765.000000
908.000000
993.000000
1034.000000
1049.000000
1084.000000
1039.000000
1007.000000
929.000000
942.000000
932.000000
839.000000
844.000000
680.000000
680.000000
560.000000
592.000000
570.000000
591.000000
555.000000
552.000000
571.000000
533.000000
563.000000
593.000000
668.000000
715.000000
723.000000
466.000000
420.000000
422.000000
419.000000
371.000000
346.000000
373.000000
356.000000
301.000000
290.000000
279.000000
272.000000
273.000000
229.000000
258.000000
248.000000
209.000000
226.000000
250.000000
247.000000
255.000000
316.000000
344.000000
368.000000
416.000000
334.000000
350.000000
357.000000
342.000000
333.000000
352.000000
301.000000
323.000000
359.000000
276.000000
274.000000
228.000000
230.000000
206.000000
207.000000
202.000000
224.000000
202.000000
205.000000
242.000000
268.000000
298.000000
301.000000
330.000000
333.000000
328.000000
451.000000
432.000000
464.000000
439.000000
424.000000
390.000000
355.000000
358.000000
376.000000
384.000000
360.000000
359.000000
308.000000
291.000000
329.000000
354.000000
336.000000
351.000000
400.000000
342.000000
409.000000
410.000000
461.000000
433.000000
422.000000
413.000000
418.000000
417.000000
397.000000
424.000000
375.000000
360.000000
391.000000
377.000000
361.000000
350.000000
314.000000
310.000000
324.000000
327.000000
313.000000
332.000000
341.000000
339.000000
377.000000
382.000000
369.000000
365.000000
355.000000
369.000000
377.000000
389.000000
360.000000
368.000000
370.000000
343.000000
361.000000
