98.000000
73.000000
83.000000
57.000000
61.000000
53.000000
48.000000
53.000000
44.000000
83.000000
72.000000
125.000000
135.000000
112.000000
140.000000
148.000000
140.000000
137.000000
161.000000
141.000000
168.000000
146.000000
175.000000
134.000000
135.000000
100.000000
96.000000
59.000000
61.000000
47.000000
38.000000
42.000000
65.000000
89.000000
119.000000
102.000000
117.000000
139.000000
140.000000
142.000000
150.000000
147.000000
157.000000
133.000000
134.000000
125.000000
122.000000
116.000000
110.000000
104.000000
76.000000
52.000000
59.000000
52.000000
43.000000
40.000000
58.000000
68.000000
96.000000
114.000000
134.000000
103.000000
97.000000
130.000000
153.000000
156.000000
115.000000
168.000000
145.000000
163.000000
179.000000
160.000000
118.000000
79.000000
87.000000
78.000000
72.000000
41.000000
52.000000
62.000000
48.000000
116.000000
134.000000
131.000000
164.000000
176.000000
175.000000
183.000000
174.000000
217.000000
225.000000
168.000000
169.000000
189.000000
184.000000
171.000000
176.000000
125.000000
104.000000
87.000000
90.000000
61.000000
55.000000
82.000000
116.000000
153.000000
171.000000
213.000000
251.000000
281.000000
269.000000
269.000000
343.000000
319.000000
317.000000
287.000000
271.000000
279.000000
289.000000
288.000000
249.000000
211.000000
154.000000
144.000000
120.000000
103.000000
81.000000
116.000000
125.000000
175.000000
175.000000
235.000000
267.000000
270.000000
245.000000
304.000000
302.000000
305.000000
317.000000
360.000000
372.000000
361.000000
342.000000
351.000000
312.000000
335.000000
244.000000
221.000000
162.000000
219.000000
257.000000
305.000000
327.000000
409.000000
561.000000
712.000000
796.000000
933.000000
862.000000
1033.000000
1061.000000
1113.000000
1160.000000
1514.000000
2352.000000
2345.000000
2670.000000
3071.000000
5037.000000
3868.000000
2874.000000
2203.000000
1642.000000
1328.000000
1279.000000
1709.000000
2354.000000
2812.000000
3178.000000
3050.000000
2889.000000
2642.000000
2560.000000
2473.000000
2437.000000
2509.000000
2130.000000
2156.000000
2084.000000
1686.000000
1736.000000
1583.000000
1343.000000
992.000000
754.000000
712.000000
531.000000
468.000000
464.000000
455.000000
473.000000
997.000000
1195.000000
1283.000000
1102.000000
1178.000000
1226.000000
1363.000000
1373.000000
1373.000000
1212.000000
1319.000000
1125.000000
1183.000000
1142.000000
1023.000000
993.000000
749.000000
707.000000
676.000000
563.000000
557.000000
505.000000
518.000000
492.000000
521.000000
525.000000
537.000000
580.000000
630.000000
710.000000
726.000000
805.000000
775.000000
812.000000
748.000000
728.000000
715.000000
693.000000
656.000000
517.000000
476.000000
396.000000
299.000000
277.000000
295.000000
291.000000
276.000000
347.000000
331.000000
350.000000
345.000000
396.000000
381.000000
428.000000
433.000000
422.000000
540.000000
486.000000
472.000000
515.000000
497.000000
515.000000
417.000000
414.000000
382.000000
272.000000
245.000000
308.000000
234.000000
227.000000
220.000000
209.000000
243.000000
251.000000
305.000000
275.000000
326.000000
280.000000
315.000000
395.000000
454.000000
416.000000
358.000000
377.000000
352.000000
346.000000
389.000000
324.000000
271.000000
213.000000
207.000000
184.000000
168.000000
131.000000
154.000000
178.000000
204.000000
178.000000
190.000000
225.000000
234.000000
228.000000
266.000000
233.000000
290.000000
220.000000
324.000000
305.000000
361.000000
387.000000
358.000000
332.000000
327.000000
285.000000
254.000000
233.000000
270.000000
208.000000
175.000000
220.000000
231.000000
296.000000
317.000000
357.000000
337.000000
313.000000
359.000000
301.000000
361.000000
344.000000
362.000000
374.000000
326.000000
315.000000
323.000000
335.000000
