33.000000
41.000000
42.000000
35.000000
31.000000
34.000000
14.000000
23.000000
15.000000
11.000000
19.000000
35.000000
24.000000
47.000000
49.000000
49.000000
35.000000
43.000000
43.000000
29.000000
99.000000
78.000000
69.000000
59.000000
60.000000
59.000000
51.000000
38.000000
48.000000
24.000000
25.000000
28.000000
29.000000
23.000000
28.000000
30.000000
47.000000
45.000000
72.000000
54.000000
86.000000
57.000000
60.000000
73.000000
82.000000
57.000000
70.000000
96.000000
69.000000
63.000000
59.000000
32.000000
61.000000
35.000000
17.000000
17.000000
25.000000
32.000000
33.000000
31.000000
72.000000
61.000000
51.000000
64.000000
84.000000
48.000000
62.000000
92.000000
63.000000
85.000000
92.000000
74.000000
62.000000
64.000000
57.000000
50.000000
38.000000
27.000000
29.000000
23.000000
18.000000
40.000000
35.000000
30.000000
48.000000
54.000000
65.000000
61.000000
50.000000
41.000000
68.000000
90.000000
61.000000
48.000000
67.000000
87.000000
81.000000
87.000000
76.000000
40.000000
40.000000
63.000000
19.000000
22.000000
13.000000
36.000000
50.000000
52.000000
55.000000
57.000000
82.000000
49.000000
76.000000
89.000000
78.000000
99.000000
83.000000
74.000000
51.000000
74.000000
99.000000
108.000000
45.000000
43.000000
39.000000
50.000000
48.000000
36.000000
30.000000
39.000000
71.000000
66.000000
114.000000
91.000000
97.000000
88.000000
92.000000
122.000000
105.000000
112.000000
91.000000
122.000000
107.000000
138.000000
149.000000
138.000000
129.000000
126.000000
78.000000
64.000000
62.000000
38.000000
48.000000
73.000000
90.000000
146.000000
182.000000
235.000000
289.000000
341.000000
366.000000
408.000000
494.000000
522.000000
494.000000
611.000000
1119.000000
1116.000000
1270.000000
1166.000000
1141.000000
1042.000000
728.000000
635.000000
589.000000
508.000000
411.000000
447.000000
682.000000
829.000000
1166.000000
1237.000000
1137.000000
1076.000000
1087.000000
970.000000
880.000000
925.000000
898.000000
818.000000
903.000000
739.000000
724.000000
574.000000
579.000000
365.000000
277.000000
220.000000
177.000000
155.000000
157.000000
237.000000
254.000000
352.000000
387.000000
418.000000
415.000000
409.000000
397.000000
412.000000
367.000000
304.000000
256.000000
248.000000
233.000000
256.000000
256.000000
191.000000
191.000000
125.000000
110.000000
98.000000
68.000000
71.000000
78.000000
83.000000
87.000000
90.000000
141.000000
148.000000
177.000000
158.000000
133.000000
167.000000
163.000000
182.000000
148.000000
203.000000
201.000000
164.000000
146.000000
144.000000
118.000000
92.000000
118.000000
81.000000
59.000000
46.000000
50.000000
51.000000
65.000000
82.000000
84.000000
92.000000
106.000000
94.000000
110.000000
91.000000
125.000000
139.000000
83.000000
110.000000
109.000000
91.000000
126.000000
79.000000
66.000000
83.000000
67.000000
44.000000
25.000000
48.000000
55.000000
49.000000
54.000000
58.000000
61.000000
83.000000
65.000000
55.000000
71.000000
74.000000
78.000000
83.000000
70.000000
99.000000
87.000000
71.000000
66.000000
65.000000
54.000000
74.000000
59.000000
34.000000
32.000000
27.000000
30.000000
25.000000
43.000000
42.000000
49.000000
68.000000
67.000000
87.000000
78.000000
89.000000
72.000000
70.000000
61.000000
46.000000
87.000000
70.000000
56.000000
66.000000
59.000000
60.000000
34.000000
24.000000
19.000000
15.000000
28.000000
14.000000
20.000000
40.000000
35.000000
41.000000
38.000000
39.000000
52.000000
32.000000
39.000000
57.000000
51.000000
80.000000
57.000000
41.000000
55.000000
