368.000000
324.000000
377.000000
313.000000
295.000000
349.000000
283.000000
260.000000
310.000000
329.000000
249.000000
220.000000
152.000000
167.000000
126.000000
107.000000
134.000000
114.000000
188.000000
206.000000
294.000000
368.000000
316.000000
367.000000
372.000000
406.000000
334.000000
401.000000
382.000000
295.000000
369.000000
366.000000
312.000000
324.000000
237.000000
207.000000
160.000000
100.000000
119.000000
110.000000
114.000000
111.000000
174.000000
195.000000
284.000000
400.000000
363.000000
349.000000
416.000000
365.000000
363.000000
390.000000
375.000000
295.000000
364.000000
338.000000
288.000000
286.000000
324.000000
232.000000
166.000000
109.000000
91.000000
134.000000
129.000000
189.000000
177.000000
248.000000
323.000000
369.000000
347.000000
348.000000
364.000000
377.000000
355.000000
405.000000
350.000000
331.000000
318.000000
268.000000
343.000000
330.000000
266.000000
216.000000
162.000000
132.000000
113.000000
111.000000
134.000000
146.000000
152.000000
225.000000
269.000000
238.000000
267.000000
303.000000
316.000000
317.000000
316.000000
298.000000
330.000000
334.000000
302.000000
305.000000
321.000000
231.000000
257.000000
219.000000
212.000000
146.000000
131.000000
157.000000
114.000000
145.000000
183.000000
217.000000
238.000000
329.000000
373.000000
382.000000
390.000000
417.000000
463.000000
410.000000
425.000000
543.000000
477.000000
509.000000
478.000000
524.000000
427.000000
317.000000
315.000000
286.000000
242.000000
228.000000
238.000000
269.000000
287.000000
348.000000
482.000000
601.000000
826.000000
835.000000
775.000000
817.000000
874.000000
893.000000
885.000000
951.000000
901.000000
863.000000
859.000000
897.000000
949.000000
842.000000
636.000000
526.000000
423.000000
429.000000
417.000000
524.000000
583.000000
813.000000
1050.000000
1317.000000
1370.000000
1430.000000
4416.000000
1538.000000
1616.000000
1479.000000
1511.000000
1773.000000
1913.000000
2620.000000
2870.000000
2112.000000
2020.000000
2557.000000
3066.000000
2952.000000
2664.000000
3723.000000
3283.000000
3044.000000
3300.000000
3779.000000
4211.000000
4239.000000
4050.000000
4309.000000
4156.000000
3974.000000
3740.000000
3688.000000
3453.000000
3665.000000
3267.000000
2906.000000
2534.000000
2263.000000
2154.000000
1796.000000
1467.000000
1293.000000
1181.000000
1141.000000
1201.000000
1219.000000
1252.000000
1476.000000
1781.000000
2296.000000
2145.000000
2323.000000
2320.000000
2224.000000
2102.000000
2147.000000
2238.000000
2021.000000
1841.000000
1763.000000
1512.000000
1505.000000
1356.000000
1287.000000
1035.000000
940.000000
820.000000
775.000000
725.000000
727.000000
821.000000
898.000000
1116.000000
1310.000000
1446.000000
1394.000000
1481.000000
1411.000000
1432.000000
1386.000000
1323.000000
1201.000000
1144.000000
1103.000000
1126.000000
936.000000
811.000000
820.000000
708.000000
552.000000
477.000000
458.000000
519.000000
496.000000
521.000000
629.000000
818.000000
935.000000
948.000000
1037.000000
1103.000000
1038.000000
1031.000000
967.000000
994.000000
996.000000
944.000000
894.000000
817.000000
783.000000
742.000000
651.000000
617.000000
489.000000
396.000000
412.000000
346.000000
389.000000
463.000000
499.000000
641.000000
670.000000
860.000000
868.000000
972.000000
964.000000
897.000000
870.000000
890.000000
931.000000
856.000000
798.000000
880.000000
797.000000
741.000000
654.000000
578.000000
449.000000
381.000000
389.000000
398.000000
388.000000
455.000000
571.000000
725.000000
839.000000
1054.000000
1021.000000
1119.000000
968.000000
968.000000
990.000000
1036.000000
940.000000
807.000000
854.000000
691.000000
713.000000
710.000000
603.000000
514.000000
389.000000
307.000000
325.000000
298.000000
313.000000
343.000000
446.000000
591.000000
724.000000
778.000000
925.000000
878.000000
