197.000000
223.000000
178.000000
180.000000
165.000000
194.000000
172.000000
215.000000
134.000000
111.000000
86.000000
61.000000
72.000000
70.000000
58.000000
46.000000
85.000000
105.000000
156.000000
150.000000
185.000000
209.000000
198.000000
249.000000
180.000000
198.000000
199.000000
159.000000
154.000000
196.000000
198.000000
152.000000
128.000000
131.000000
87.000000
66.000000
82.000000
68.000000
64.000000
57.000000
66.000000
75.000000
126.000000
153.000000
141.000000
156.000000
159.000000
181.000000
170.000000
180.000000
181.000000
164.000000
190.000000
178.000000
218.000000
139.000000
144.000000
126.000000
125.000000
85.000000
98.000000
62.000000
72.000000
70.000000
88.000000
93.000000
198.000000
197.000000
228.000000
229.000000
244.000000
246.000000
271.000000
291.000000
324.000000
309.000000
368.000000
466.000000
454.000000
399.000000
353.000000
286.000000
203.000000
148.000000
154.000000
125.000000
121.000000
134.000000
203.000000
243.000000
345.000000
460.000000
423.000000
533.000000
539.000000
573.000000
580.000000
503.000000
513.000000
473.000000
454.000000
470.000000
443.000000
458.000000
357.000000
267.000000
243.000000
162.000000
165.000000
140.000000
145.000000
177.000000
245.000000
376.000000
485.000000
591.000000
653.000000
747.000000
777.000000
858.000000
811.000000
990.000000
896.000000
934.000000
947.000000
1060.000000
1016.000000
935.000000
776.000000
751.000000
517.000000
361.000000
335.000000
331.000000
314.000000
410.000000
769.000000
1142.000000
1524.000000
1616.000000
1711.000000
1783.000000
2175.000000
2147.000000
2234.000000
2066.000000
1967.000000
1822.000000
2001.000000
2104.000000
2278.000000
2293.000000
1968.000000
1797.000000
1489.000000
1200.000000
1199.000000
1089.000000
1213.000000
1509.000000
1900.000000
2150.000000
2420.000000
2395.000000
2278.000000
2211.000000
2238.000000
2326.000000
2424.000000
2255.000000
2263.000000
2188.000000
2138.000000
2069.000000
1894.000000
1852.000000
1642.000000
1364.000000
1153.000000
856.000000
729.000000
676.000000
636.000000
799.000000
861.000000
1061.000000
1309.000000
1316.000000
1353.000000
1380.000000
1440.000000
1483.000000
1585.000000
1593.000000
1606.000000
1589.000000
1535.000000
1496.000000
1493.000000
1404.000000
1269.000000
1093.000000
846.000000
684.000000
657.000000
566.000000
566.000000
547.000000
664.000000
811.000000
943.000000
958.000000
1092.000000
991.000000
1015.000000
1178.000000
1386.000000
1249.000000
1347.000000
1386.000000
1713.000000
1812.000000
1824.000000
1451.000000
1389.000000
1259.000000
990.000000
788.000000
686.000000
535.000000
520.000000
582.000000
565.000000
699.000000
751.000000
836.000000
930.000000
855.000000
780.000000
765.000000
823.000000
705.000000
862.000000
834.000000
814.000000
928.000000
833.000000
752.000000
675.000000
556.000000
496.000000
411.000000
296.000000
415.000000
297.000000
412.000000
474.000000
562.000000
712.000000
698.000000
817.000000
676.000000
671.000000
751.000000
831.000000
781.000000
778.000000
641.000000
618.000000
705.000000
633.000000
594.000000
479.000000
413.000000
360.000000
315.000000
281.000000
283.000000
271.000000
264.000000
289.000000
382.000000
459.000000
459.000000
446.000000
489.000000
418.000000
445.000000
439.000000
478.000000
391.000000
408.000000
426.000000
443.000000
399.000000
353.000000
298.000000
274.000000
229.000000
184.000000
190.000000
148.000000
121.000000
157.000000
177.000000
210.000000
228.000000
237.000000
289.000000
250.000000
282.000000
300.000000
273.000000
235.000000
288.000000
258.000000
244.000000
247.000000
302.000000
254.000000
287.000000
187.000000
152.000000
126.000000
140.000000
115.000000
103.000000
101.000000
130.000000
148.000000
190.000000
201.000000
197.000000
172.000000
250.000000
218.000000
272.000000
