101.000000
121.000000
109.000000
79.000000
70.000000
71.000000
57.000000
41.000000
38.000000
40.000000
53.000000
60.000000
66.000000
96.000000
120.000000
104.000000
111.000000
118.000000
114.000000
117.000000
142.000000
129.000000
132.000000
136.000000
164.000000
120.000000
113.000000
88.000000
65.000000
67.000000
52.000000
49.000000
32.000000
43.000000
51.000000
73.000000
80.000000
87.000000
97.000000
88.000000
96.000000
110.000000
127.000000
133.000000
91.000000
118.000000
227.000000
99.000000
135.000000
128.000000
104.000000
53.000000
70.000000
68.000000
66.000000
46.000000
59.000000
49.000000
46.000000
74.000000
86.000000
82.000000
94.000000
90.000000
133.000000
118.000000
123.000000
139.000000
121.000000
126.000000
102.000000
134.000000
182.000000
155.000000
110.000000
98.000000
73.000000
59.000000
59.000000
44.000000
75.000000
60.000000
72.000000
97.000000
111.000000
142.000000
147.000000
124.000000
142.000000
180.000000
192.000000
146.000000
148.000000
153.000000
140.000000
136.000000
228.000000
190.000000
139.000000
139.000000
104.000000
91.000000
72.000000
49.000000
50.000000
59.000000
46.000000
75.000000
91.000000
112.000000
126.000000
128.000000
132.000000
156.000000
168.000000
163.000000
150.000000
159.000000
144.000000
158.000000
137.000000
150.000000
146.000000
116.000000
98.000000
94.000000
60.000000
72.000000
71.000000
64.000000
70.000000
100.000000
113.000000
154.000000
159.000000
199.000000
219.000000
203.000000
236.000000
327.000000
299.000000
346.000000
395.000000
406.000000
401.000000
431.000000
361.000000
279.000000
214.000000
236.000000
156.000000
154.000000
169.000000
195.000000
265.000000
407.000000
476.000000
518.000000
622.000000
580.000000
515.000000
559.000000
655.000000
705.000000
761.000000
876.000000
994.000000
1414.000000
3080.000000
2945.000000
2647.000000
2317.000000
1603.000000
1094.000000
905.000000
830.000000
779.000000
1043.000000
1518.000000
1779.000000
1727.000000
1597.000000
1472.000000
1331.000000
1303.000000
1388.000000
1253.000000
1180.000000
1122.000000
1167.000000
1019.000000
896.000000
979.000000
868.000000
742.000000
574.000000
454.000000
382.000000
367.000000
262.000000
244.000000
269.000000
288.000000
406.000000
423.000000
447.000000
417.000000
396.000000
451.000000
420.000000
464.000000
486.000000
403.000000
407.000000
393.000000
404.000000
365.000000
385.000000
304.000000
270.000000
201.000000
179.000000
130.000000
145.000000
120.000000
124.000000
136.000000
222.000000
185.000000
195.000000
200.000000
228.000000
229.000000
237.000000
210.000000
250.000000
252.000000
268.000000
222.000000
208.000000
249.000000
368.000000
290.000000
233.000000
158.000000
127.000000
137.000000
79.000000
77.000000
73.000000
132.000000
121.000000
156.000000
224.000000
185.000000
172.000000
181.000000
246.000000
283.000000
269.000000
258.000000
192.000000
226.000000
246.000000
240.000000
129.000000
175.000000
129.000000
75.000000
82.000000
71.000000
65.000000
55.000000
59.000000
51.000000
69.000000
97.000000
132.000000
111.000000
105.000000
123.000000
98.000000
142.000000
133.000000
120.000000
109.000000
107.000000
121.000000
126.000000
103.000000
87.000000
87.000000
69.000000
60.000000
52.000000
70.000000
46.000000
49.000000
50.000000
41.000000
90.000000
65.000000
102.000000
103.000000
98.000000
104.000000
116.000000
98.000000
148.000000
110.000000
119.000000
98.000000
106.000000
96.000000
97.000000
86.000000
73.000000
64.000000
52.000000
30.000000
39.000000
33.000000
44.000000
61.000000
57.000000
87.000000
70.000000
89.000000
102.000000
87.000000
102.000000
128.000000
110.000000
83.000000
94.000000
99.000000
122.000000
