80.000000
68.000000
51.000000
42.000000
30.000000
22.000000
8.000000
16.000000
12.000000
17.000000
18.000000
37.000000
46.000000
70.000000
76.000000
113.000000
82.000000
63.000000
55.000000
66.000000
57.000000
72.000000
60.000000
73.000000
79.000000
61.000000
49.000000
39.000000
20.000000
24.000000
24.000000
13.000000
19.000000
11.000000
26.000000
28.000000
51.000000
68.000000
70.000000
63.000000
69.000000
65.000000
84.000000
67.000000
71.000000
97.000000
66.000000
62.000000
65.000000
49.000000
55.000000
42.000000
41.000000
35.000000
17.000000
20.000000
19.000000
13.000000
24.000000
31.000000
35.000000
52.000000
59.000000
81.000000
60.000000
68.000000
67.000000
67.000000
80.000000
82.000000
100.000000
65.000000
77.000000
81.000000
59.000000
65.000000
32.000000
39.000000
27.000000
19.000000
14.000000
12.000000
12.000000
32.000000
61.000000
60.000000
83.000000
78.000000
81.000000
59.000000
72.000000
88.000000
84.000000
78.000000
98.000000
115.000000
104.000000
120.000000
72.000000
54.000000
52.000000
20.000000
36.000000
18.000000
31.000000
20.000000
39.000000
49.000000
91.000000
121.000000
103.000000
125.000000
154.000000
137.000000
125.000000
130.000000
107.000000
153.000000
163.000000
152.000000
152.000000
158.000000
160.000000
110.000000
65.000000
35.000000
29.000000
24.000000
23.000000
34.000000
61.000000
109.000000
162.000000
171.000000
195.000000
208.000000
218.000000
232.000000
215.000000
219.000000
198.000000
215.000000
228.000000
264.000000
284.000000
245.000000
211.000000
177.000000
123.000000
67.000000
57.000000
53.000000
52.000000
61.000000
151.000000
305.000000
431.000000
439.000000
508.000000
479.000000
528.000000
469.000000
499.000000
524.000000
479.000000
509.000000
612.000000
721.000000
1227.000000
1144.000000
1107.000000
722.000000
485.000000
310.000000
256.000000
183.000000
185.000000
277.000000
439.000000
527.000000
630.000000
730.000000
580.000000
540.000000
605.000000
499.000000
387.000000
371.000000
323.000000
364.000000
340.000000
277.000000
291.000000
284.000000
230.000000
154.000000
111.000000
81.000000
69.000000
56.000000
59.000000
66.000000
83.000000
128.000000
157.000000
131.000000
171.000000
205.000000
150.000000
138.000000
121.000000
115.000000
127.000000
114.000000
112.000000
93.000000
114.000000
151.000000
81.000000
76.000000
76.000000
58.000000
37.000000
28.000000
30.000000
24.000000
31.000000
50.000000
64.000000
75.000000
70.000000
64.000000
79.000000
71.000000
85.000000
74.000000
83.000000
70.000000
77.000000
69.000000
82.000000
60.000000
56.000000
49.000000
46.000000
35.000000
31.000000
33.000000
25.000000
20.000000
27.000000
25.000000
57.000000
59.000000
59.000000
68.000000
51.000000
60.000000
53.000000
79.000000
90.000000
67.000000
56.000000
79.000000
71.000000
83.000000
82.000000
74.000000
33.000000
35.000000
26.000000
29.000000
38.000000
41.000000
31.000000
48.000000
63.000000
67.000000
61.000000
80.000000
98.000000
89.000000
88.000000
69.000000
72.000000
79.000000
61.000000
67.000000
47.000000
58.000000
61.000000
53.000000
39.000000
21.000000
28.000000
36.000000
34.000000
25.000000
39.000000
67.000000
40.000000
51.000000
55.000000
56.000000
58.000000
79.000000
50.000000
66.000000
65.000000
90.000000
81.000000
84.000000
45.000000
42.000000
56.000000
33.000000
37.000000
25.000000
31.000000
18.000000
13.000000
13.000000
19.000000
31.000000
39.000000
42.000000
100.000000
27.000000
54.000000
28.000000
49.000000
47.000000
21.000000
35.000000
36.000000
31.000000
47.000000
