80.000000
62.000000
74.000000
105.000000
52.000000
48.000000
37.000000
44.000000
36.000000
25.000000
31.000000
52.000000
56.000000
44.000000
73.000000
80.000000
82.000000
96.000000
115.000000
101.000000
95.000000
87.000000
91.000000
70.000000
91.000000
83.000000
70.000000
70.000000
69.000000
28.000000
43.000000
38.000000
40.000000
61.000000
53.000000
54.000000
40.000000
71.000000
82.000000
79.000000
87.000000
78.000000
96.000000
95.000000
97.000000
140.000000
159.000000
125.000000
122.000000
107.000000
94.000000
84.000000
65.000000
70.000000
64.000000
33.000000
31.000000
47.000000
61.000000
64.000000
57.000000
73.000000
70.000000
70.000000
84.000000
91.000000
88.000000
107.000000
105.000000
107.000000
95.000000
115.000000
99.000000
79.000000
81.000000
76.000000
73.000000
74.000000
31.000000
34.000000
49.000000
37.000000
31.000000
36.000000
65.000000
75.000000
108.000000
110.000000
106.000000
98.000000
92.000000
100.000000
123.000000
131.000000
119.000000
137.000000
116.000000
150.000000
119.000000
141.000000
107.000000
51.000000
69.000000
62.000000
63.000000
44.000000
43.000000
78.000000
89.000000
93.000000
114.000000
132.000000
138.000000
145.000000
195.000000
176.000000
182.000000
168.000000
167.000000
174.000000
144.000000
133.000000
155.000000
145.000000
110.000000
110.000000
102.000000
85.000000
82.000000
48.000000
58.000000
76.000000
96.000000
134.000000
147.000000
238.000000
177.000000
186.000000
210.000000
227.000000
200.000000
168.000000
227.000000
258.000000
222.000000
211.000000
277.000000
208.000000
285.000000
201.000000
184.000000
130.000000
148.000000
260.000000
245.000000
242.000000
238.000000
305.000000
410.000000
467.000000
492.000000
536.000000
586.000000
638.000000
717.000000
733.000000
954.000000
1082.000000
2333.000000
2181.000000
1848.000000
1975.000000
1506.000000
1128.000000
952.000000
775.000000
658.000000
680.000000
766.000000
1045.000000
1228.000000
1462.000000
1613.000000
1510.000000
1669.000000
1596.000000
1565.000000
1678.000000
1544.000000
1483.000000
1315.000000
1312.000000
1175.000000
1153.000000
1028.000000
953.000000
734.000000
554.000000
509.000000
399.000000
385.000000
323.000000
334.000000
397.000000
440.000000
428.000000
414.000000
503.000000
488.000000
514.000000
502.000000
568.000000
504.000000
507.000000
496.000000
456.000000
498.000000
441.000000
375.000000
377.000000
262.000000
205.000000
167.000000
195.000000
156.000000
155.000000
133.000000
134.000000
194.000000
216.000000
236.000000
237.000000
231.000000
279.000000
248.000000
286.000000
260.000000
316.000000
235.000000
219.000000
253.000000
219.000000
257.000000
185.000000
150.000000
135.000000
91.000000
105.000000
102.000000
64.000000
82.000000
259.000000
97.000000
162.000000
133.000000
145.000000
136.000000
158.000000
209.000000
233.000000
239.000000
215.000000
171.000000
193.000000
230.000000
242.000000
230.000000
161.000000
106.000000
109.000000
78.000000
87.000000
85.000000
84.000000
93.000000
84.000000
113.000000
100.000000
112.000000
131.000000
153.000000
155.000000
145.000000
218.000000
195.000000
166.000000
189.000000
148.000000
158.000000
160.000000
124.000000
100.000000
83.000000
91.000000
40.000000
48.000000
50.000000
54.000000
61.000000
58.000000
67.000000
84.000000
58.000000
77.000000
103.000000
80.000000
104.000000
94.000000
144.000000
108.000000
107.000000
85.000000
109.000000
83.000000
78.000000
130.000000
43.000000
65.000000
43.000000
39.000000
47.000000
32.000000
44.000000
36.000000
43.000000
59.000000
85.000000
80.000000
66.000000
86.000000
77.000000
96.000000
70.000000
97.000000
91.000000
129.000000
104.000000
