180.000000
118.000000
91.000000
51.000000
60.000000
63.000000
69.000000
329.000000
171.000000
249.000000
264.000000
244.000000
262.000000
285.000000
380.000000
253.000000
354.000000
251.000000
239.000000
260.000000
341.000000
406.000000
350.000000
313.000000
285.000000
142.000000
107.000000
88.000000
99.000000
63.000000
92.000000
109.000000
145.000000
165.000000
229.000000
226.000000
230.000000
255.000000
273.000000
266.000000
552.000000
261.000000
308.000000
402.000000
385.000000
429.000000
342.000000
259.000000
194.000000
113.000000
101.000000
64.000000
68.000000
66.000000
103.000000
194.000000
404.000000
463.000000
437.000000
611.000000
645.000000
591.000000
537.000000
474.000000
535.000000
392.000000
352.000000
317.000000
389.000000
455.000000
315.000000
273.000000
140.000000
168.000000
118.000000
73.000000
78.000000
50.000000
118.000000
230.000000
359.000000
420.000000
470.000000
369.000000
434.000000
452.000000
481.000000
474.000000
463.000000
324.000000
312.000000
317.000000
438.000000
430.000000
399.000000
288.000000
185.000000
123.000000
91.000000
92.000000
88.000000
74.000000
101.000000
211.000000
384.000000
466.000000
537.000000
462.000000
468.000000
525.000000
550.000000
570.000000
539.000000
434.000000
392.000000
361.000000
445.000000
545.000000
488.000000
297.000000
183.000000
142.000000
100.000000
92.000000
75.000000
83.000000
134.000000
286.000000
496.000000
543.000000
532.000000
652.000000
520.000000
614.000000
576.000000
652.000000
701.000000
438.000000
368.000000
425.000000
535.000000
673.000000
651.000000
519.000000
421.000000
264.000000
191.000000
135.000000
175.000000
137.000000
244.000000
452.000000
580.000000
729.000000
802.000000
786.000000
675.000000
805.000000
908.000000
869.000000
856.000000
779.000000
771.000000
1171.000000
1882.000000
1976.000000
2941.000000
3923.000000
3976.000000
1999.000000
1630.000000
662.000000
428.000000
460.000000
580.000000
787.000000
931.000000
981.000000
944.000000
805.000000
731.000000
671.000000
783.000000
554.000000
495.000000
517.000000
401.000000
842.000000
923.000000
1018.000000
908.000000
856.000000
589.000000
539.000000
561.000000
515.000000
411.000000
369.000000
339.000000
404.000000
453.000000
486.000000
593.000000
700.000000
516.000000
503.000000
550.000000
553.000000
534.000000
524.000000
499.000000
571.000000
614.000000
619.000000
585.000000
509.000000
451.000000
414.000000
372.000000
309.000000
234.000000
243.000000
313.000000
439.000000
649.000000
657.000000
605.000000
791.000000
573.000000
532.000000
498.000000
563.000000
493.000000
407.000000
421.000000
434.000000
437.000000
464.000000
399.000000
360.000000
173.000000
227.000000
166.000000
118.000000
154.000000
115.000000
124.000000
158.000000
207.000000
194.000000
237.000000
217.000000
291.000000
283.000000
221.000000
274.000000
234.000000
167.000000
218.000000
208.000000
206.000000
205.000000
202.000000
200.000000
161.000000
138.000000
135.000000
142.000000
101.000000
98.000000
94.000000
134.000000
157.000000
174.000000
163.000000
165.000000
116.000000
167.000000
161.000000
0.000000
209.000000
170.000000
143.000000
175.000000
176.000000
208.000000
182.000000
176.000000
135.000000
125.000000
114.000000
99.000000
99.000000
78.000000
95.000000
100.000000
152.000000
117.000000
123.000000
122.000000
113.000000
118.000000
128.000000
146.000000
161.000000
134.000000
136.000000
126.000000
166.000000
136.000000
175.000000
133.000000
106.000000
83.000000
133.000000
86.000000
86.000000
72.000000
57.000000
63.000000
117.000000
110.000000
104.000000
94.000000
109.000000
104.000000
108.000000
132.000000
111.000000
92.000000
97.000000
137.000000
152.000000
129.000000
113.000000
91.000000
94.000000
