113.000000
106.000000
107.000000
99.000000
69.000000
66.000000
45.000000
57.000000
41.000000
39.000000
30.000000
58.000000
72.000000
56.000000
71.000000
110.000000
74.000000
88.000000
108.000000
86.000000
99.000000
124.000000
152.000000
119.000000
129.000000
152.000000
108.000000
106.000000
84.000000
45.000000
54.000000
58.000000
34.000000
58.000000
38.000000
58.000000
66.000000
71.000000
116.000000
146.000000
113.000000
100.000000
106.000000
133.000000
126.000000
112.000000
108.000000
155.000000
133.000000
111.000000
120.000000
126.000000
61.000000
47.000000
48.000000
46.000000
36.000000
40.000000
114.000000
77.000000
73.000000
127.000000
99.000000
122.000000
116.000000
125.000000
112.000000
145.000000
107.000000
163.000000
97.000000
162.000000
142.000000
148.000000
123.000000
101.000000
107.000000
72.000000
79.000000
51.000000
50.000000
58.000000
75.000000
84.000000
94.000000
107.000000
131.000000
141.000000
134.000000
152.000000
149.000000
160.000000
146.000000
161.000000
159.000000
207.000000
180.000000
187.000000
163.000000
130.000000
86.000000
80.000000
87.000000
61.000000
66.000000
75.000000
61.000000
91.000000
98.000000
142.000000
142.000000
161.000000
166.000000
171.000000
187.000000
211.000000
220.000000
199.000000
322.000000
340.000000
300.000000
364.000000
291.000000
256.000000
188.000000
144.000000
126.000000
108.000000
147.000000
171.000000
253.000000
342.000000
480.000000
554.000000
601.000000
585.000000
522.000000
572.000000
585.000000
615.000000
653.000000
665.000000
745.000000
1027.000000
1261.000000
1383.000000
1568.000000
1749.000000
1666.000000
1308.000000
1054.000000
1012.000000
838.000000
1018.000000
1228.000000
1431.000000
1554.000000
1565.000000
1482.000000
1445.000000
1580.000000
1453.000000
1438.000000
1594.000000
1546.000000
1526.000000
1666.000000
1943.000000
1989.000000
1899.000000
1785.000000
1548.000000
1086.000000
849.000000
744.000000
627.000000
611.000000
638.000000
692.000000
791.000000
909.000000
989.000000
955.000000
987.000000
904.000000
992.000000
896.000000
779.000000
926.000000
809.000000
724.000000
866.000000
835.000000
703.000000
678.000000
579.000000
512.000000
398.000000
390.000000
320.000000
252.000000
210.000000
288.000000
324.000000
457.000000
404.000000
395.000000
417.000000
419.000000
372.000000
457.000000
486.000000
463.000000
480.000000
441.000000
404.000000
397.000000
421.000000
454.000000
418.000000
309.000000
229.000000
196.000000
199.000000
179.000000
183.000000
195.000000
224.000000
244.000000
318.000000
294.000000
296.000000
268.000000
320.000000
344.000000
339.000000
297.000000
271.000000
266.000000
294.000000
231.000000
278.000000
254.000000
230.000000
153.000000
149.000000
142.000000
141.000000
137.000000
130.000000
103.000000
126.000000
151.000000
169.000000
196.000000
190.000000
168.000000
204.000000
227.000000
220.000000
245.000000
210.000000
276.000000
199.000000
245.000000
229.000000
163.000000
197.000000
168.000000
121.000000
85.000000
78.000000
93.000000
63.000000
122.000000
89.000000
145.000000
120.000000
139.000000
174.000000
176.000000
159.000000
160.000000
162.000000
176.000000
188.000000
196.000000
186.000000
458.000000
531.000000
478.000000
397.000000
432.000000
446.000000
448.000000
433.000000
424.000000
387.000000
346.000000
325.000000
349.000000
387.000000
373.000000
423.000000
390.000000
346.000000
165.000000
169.000000
150.000000
167.000000
185.000000
190.000000
180.000000
270.000000
185.000000
151.000000
135.000000
147.000000
109.000000
69.000000
123.000000
79.000000
112.000000
107.000000
124.000000
150.000000
134.000000
160.000000
162.000000
121.000000
212.000000
234.000000
163.000000
144.000000
146.000000
145.000000
175.000000
