460.000000
501.000000
490.000000
439.000000
456.000000
337.000000
295.000000
268.000000
266.000000
227.000000
200.000000
278.000000
276.000000
414.000000
490.000000
525.000000
487.000000
437.000000
504.000000
449.000000
500.000000
501.000000
400.000000
403.000000
513.000000
477.000000
518.000000
479.000000
404.000000
384.000000
304.000000
248.000000
228.000000
236.000000
227.000000
294.000000
327.000000
404.000000
592.000000
576.000000
599.000000
513.000000
556.000000
572.000000
597.000000
507.000000
452.000000
442.000000
552.000000
571.000000
548.000000
537.000000
406.000000
386.000000
333.000000
241.000000
268.000000
229.000000
240.000000
263.000000
355.000000
479.000000
601.000000
590.000000
597.000000
551.000000
560.000000
574.000000
597.000000
588.000000
519.000000
505.000000
615.000000
616.000000
622.000000
581.000000
519.000000
456.000000
380.000000
342.000000
303.000000
327.000000
257.000000
319.000000
413.000000
725.000000
817.000000
815.000000
815.000000
810.000000
790.000000
897.000000
829.000000
832.000000
741.000000
725.000000
846.000000
833.000000
903.000000
796.000000
677.000000
624.000000
495.000000
500.000000
423.000000
360.000000
380.000000
404.000000
564.000000
619.000000
769.000000
841.000000
829.000000
885.000000
871.000000
895.000000
799.000000
879.000000
731.000000
786.000000
871.000000
895.000000
1027.000000
996.000000
884.000000
687.000000
565.000000
498.000000
402.000000
404.000000
406.000000
478.000000
581.000000
630.000000
800.000000
930.000000
1040.000000
1039.000000
1061.000000
1113.000000
1068.000000
1162.000000
1260.000000
1686.000000
1751.000000
2275.000000
2415.000000
2332.000000
2044.000000
3300.000000
2274.000000
1691.000000
1464.000000
1395.000000
2163.000000
3465.000000
4037.000000
4542.000000
4946.000000
5078.000000
5258.000000
5474.000000
5721.000000
5981.000000
5532.000000
5467.000000
6772.000000
8820.000000
9484.000000
8971.000000
7803.000000
7267.000000
6562.000000
5545.000000
4795.000000
4199.000000
4087.000000
4270.000000
4669.000000
5103.000000
5637.000000
6349.000000
6466.000000
6178.000000
6082.000000
5986.000000
5545.000000
5176.000000
5063.000000
4680.000000
4104.000000
3716.000000
3607.000000
3679.000000
3818.000000
3832.000000
3517.000000
2929.000000
2680.000000
2387.000000
2144.000000
2143.000000
2031.000000
2102.000000
2237.000000
2565.000000
2579.000000
2585.000000
2794.000000
2705.000000
2684.000000
2416.000000
2278.000000
2070.000000
1932.000000
1943.000000
1866.000000
1646.000000
1808.000000
1742.000000
1463.000000
1293.000000
1149.000000
972.000000
926.000000
906.000000
910.000000
938.000000
994.000000
1140.000000
1183.000000
1269.000000
1272.000000
1179.000000
1242.000000
1162.000000
1175.000000
1147.000000
967.000000
1061.000000
1050.000000
1103.000000
1115.000000
990.000000
920.000000
832.000000
697.000000
679.000000
596.000000
605.000000
616.000000
645.000000
682.000000
825.000000
876.000000
860.000000
929.000000
884.000000
879.000000
811.000000
778.000000
712.000000
635.000000
665.000000
654.000000
743.000000
754.000000
721.000000
655.000000
624.000000
524.000000
502.000000
445.000000
436.000000
476.000000
473.000000
482.000000
514.000000
617.000000
646.000000
669.000000
670.000000
627.000000
578.000000
575.000000
515.000000
485.000000
525.000000
516.000000
595.000000
610.000000
654.000000
595.000000
574.000000
492.000000
425.000000
418.000000
354.000000
380.000000
434.000000
470.000000
519.000000
565.000000
634.000000
657.000000
597.000000
559.000000
561.000000
599.000000
484.000000
492.000000
541.000000
618.000000
638.000000
860.000000
926.000000
807.000000
736.000000
662.000000
613.000000
553.000000
579.000000
638.000000
682.000000
714.000000
787.000000
941.000000
894.000000
985.000000
893.000000
841.000000
849.000000
769.000000
732.000000
657.000000
692.000000
747.000000
