678.000000
568.000000
463.000000
359.000000
278.000000
200.000000
210.000000
237.000000
258.000000
331.000000
444.000000
490.000000
538.000000
605.000000
513.000000
585.000000
635.000000
571.000000
614.000000
559.000000
580.000000
712.000000
641.000000
656.000000
632.000000
585.000000
421.000000
388.000000
281.000000
248.000000
185.000000
221.000000
218.000000
318.000000
375.000000
451.000000
582.000000
558.000000
406.000000
505.000000
537.000000
594.000000
499.000000
576.000000
524.000000
665.000000
625.000000
701.000000
740.000000
653.000000
517.000000
443.000000
308.000000
254.000000
202.000000
191.000000
245.000000
305.000000
374.000000
495.000000
613.000000
640.000000
632.000000
757.000000
724.000000
766.000000
680.000000
638.000000
693.000000
800.000000
748.000000
811.000000
722.000000
691.000000
579.000000
457.000000
343.000000
272.000000
287.000000
240.000000
273.000000
318.000000
489.000000
566.000000
688.000000
677.000000
681.000000
794.000000
763.000000
855.000000
877.000000
839.000000
929.000000
1008.000000
967.000000
1128.000000
1121.000000
801.000000
658.000000
613.000000
448.000000
354.000000
341.000000
379.000000
430.000000
506.000000
812.000000
1029.000000
1049.000000
1165.000000
1107.000000
1140.000000
1338.000000
1257.000000
1226.000000
1102.000000
1195.000000
1434.000000
1438.000000
1607.000000
1407.000000
1314.000000
1093.000000
938.000000
718.000000
531.000000
481.000000
588.000000
633.000000
889.000000
1224.000000
1566.000000
1721.000000
2047.000000
1924.000000
2092.000000
2193.000000
2119.000000
2249.000000
2007.000000
2172.000000
2383.000000
2727.000000
2777.000000
2563.000000
2220.000000
1816.000000
1575.000000
1254.000000
1106.000000
1016.000000
1291.000000
1606.000000
2024.000000
2443.000000
2791.000000
2905.000000
3319.000000
3496.000000
3552.000000
3582.000000
3803.000000
4174.000000
5916.000000
8091.000000
10558.000000
12254.000000
12738.000000
13575.000000
12103.000000
10279.000000
7659.000000
6033.000000
5192.000000
6607.000000
6881.000000
8151.000000
9185.000000
10840.000000
11000.000000
10683.000000
10112.000000
9809.000000
9543.000000
9232.000000
9027.000000
9403.000000
10132.000000
10208.000000
10170.000000
9268.000000
8629.000000
7179.000000
6210.000000
5096.000000
4250.000000
3462.000000
3004.000000
2792.000000
3038.000000
3503.000000
3987.000000
4830.000000
5402.000000
5679.000000
5567.000000
5221.000000
6133.000000
6093.000000
5547.000000
4977.000000
5093.000000
5134.000000
5324.000000
4983.000000
4639.000000
4273.000000
3479.000000
2972.000000
2603.000000
2095.000000
1602.000000
1521.000000
1610.000000
1882.000000
2237.000000
2724.000000
2899.000000
2914.000000
3259.000000
3343.000000
3460.000000
3307.000000
3279.000000
2829.000000
2771.000000
2715.000000
3038.000000
3007.000000
2997.000000
2675.000000
2337.000000
1816.000000
1539.000000
1200.000000
1034.000000
990.000000
997.000000
1071.000000
1476.000000
1674.000000
1733.000000
1845.000000
1970.000000
2035.000000
1977.000000
1915.000000
2012.000000
1921.000000
2036.000000
2372.000000
2306.000000
2391.000000
2490.000000
2236.000000
1994.000000
1703.000000
1296.000000
1075.000000
1116.000000
1342.000000
1412.000000
1393.000000
1545.000000
1825.000000
2063.000000
2188.000000
2277.000000
2283.000000
2489.000000
2333.000000
2589.000000
2569.000000
2391.000000
2267.000000
2373.000000
2262.000000
2139.000000
2085.000000
1862.000000
1557.000000
1319.000000
900.000000
584.000000
606.000000
569.000000
650.000000
767.000000
936.000000
1047.000000
1114.000000
1159.000000
1237.000000
1248.000000
1232.000000
1190.000000
1381.000000
1206.000000
1978.000000
1281.000000
1245.000000
1278.000000
1095.000000
914.000000
845.000000
731.000000
511.000000
440.000000
353.000000
451.000000
467.000000
542.000000
662.000000
832.000000
840.000000
934.000000
1009.000000
951.000000
1049.000000
975.000000
876.000000
894.000000
1047.000000
1182.000000
1253.000000
1331.000000
1119.000000
