46.000000
61.000000
61.000000
77.000000
64.000000
52.000000
73.000000
65.000000
58.000000
60.000000
49.000000
49.000000
48.000000
30.000000
36.000000
36.000000
17.000000
27.000000
15.000000
24.000000
10.000000
26.000000
30.000000
47.000000
41.000000
39.000000
63.000000
48.000000
61.000000
65.000000
56.000000
51.000000
67.000000
53.000000
89.000000
61.000000
49.000000
71.000000
34.000000
30.000000
29.000000
44.000000
12.000000
16.000000
15.000000
28.000000
37.000000
59.000000
67.000000
56.000000
53.000000
63.000000
55.000000
50.000000
69.000000
71.000000
54.000000
81.000000
74.000000
35.000000
68.000000
58.000000
51.000000
39.000000
35.000000
22.000000
22.000000
27.000000
46.000000
39.000000
58.000000
77.000000
80.000000
82.000000
89.000000
79.000000
87.000000
92.000000
80.000000
66.000000
69.000000
65.000000
76.000000
99.000000
92.000000
50.000000
33.000000
48.000000
42.000000
27.000000
30.000000
34.000000
37.000000
56.000000
79.000000
115.000000
87.000000
75.000000
106.000000
93.000000
100.000000
92.000000
99.000000
100.000000
102.000000
101.000000
90.000000
112.000000
66.000000
66.000000
73.000000
38.000000
29.000000
43.000000
36.000000
23.000000
57.000000
57.000000
82.000000
131.000000
101.000000
101.000000
114.000000
120.000000
155.000000
0.000000
123.000000
114.000000
120.000000
147.000000
137.000000
167.000000
139.000000
111.000000
97.000000
79.000000
77.000000
56.000000
59.000000
68.000000
101.000000
133.000000
219.000000
281.000000
244.000000
263.000000
256.000000
275.000000
309.000000
330.000000
380.000000
295.000000
371.000000
745.000000
750.000000
1026.000000
1245.000000
1351.000000
1327.000000
752.000000
515.000000
465.000000
379.000000
485.000000
728.000000
1053.000000
1371.000000
1581.000000
1669.000000
1499.000000
1616.000000
1243.000000
1321.000000
1084.000000
1040.000000
875.000000
748.000000
682.000000
685.000000
628.000000
609.000000
437.000000
335.000000
269.000000
254.000000
196.000000
158.000000
129.000000
146.000000
183.000000
213.000000
354.000000
378.000000
356.000000
391.000000
348.000000
311.000000
322.000000
318.000000
321.000000
292.000000
268.000000
284.000000
230.000000
249.000000
182.000000
174.000000
124.000000
93.000000
86.000000
61.000000
92.000000
77.000000
105.000000
123.000000
166.000000
197.000000
188.000000
172.000000
167.000000
165.000000
193.000000
172.000000
167.000000
210.000000
202.000000
185.000000
241.000000
238.000000
159.000000
121.000000
69.000000
71.000000
102.000000
68.000000
82.000000
70.000000
76.000000
195.000000
171.000000
230.000000
174.000000
206.000000
182.000000
214.000000
202.000000
205.000000
174.000000
150.000000
136.000000
148.000000
129.000000
149.000000
87.000000
72.000000
66.000000
43.000000
54.000000
29.000000
43.000000
42.000000
56.000000
91.000000
102.000000
125.000000
110.000000
153.000000
123.000000
103.000000
127.000000
120.000000
87.000000
78.000000
105.000000
103.000000
97.000000
91.000000
60.000000
47.000000
68.000000
37.000000
40.000000
32.000000
24.000000
46.000000
55.000000
72.000000
90.000000
65.000000
75.000000
90.000000
102.000000
107.000000
105.000000
114.000000
89.000000
105.000000
93.000000
106.000000
120.000000
89.000000
92.000000
83.000000
47.000000
35.000000
53.000000
161.000000
206.000000
187.000000
206.000000
234.000000
342.000000
364.000000
281.000000
327.000000
395.000000
467.000000
408.000000
439.000000
419.000000
350.000000
359.000000
355.000000
385.000000
341.000000
253.000000
234.000000
217.000000
205.000000
196.000000
167.000000
150.000000
147.000000
140.000000
132.000000
203.000000
178.000000
