18.000000
23.000000
26.000000
17.000000
10.000000
12.000000
18.000000
16.000000
14.000000
19.000000
18.000000
29.000000
32.000000
30.000000
41.000000
45.000000
38.000000
22.000000
32.000000
27.000000
38.000000
20.000000
26.000000
27.000000
15.000000
11.000000
14.000000
15.000000
15.000000
16.000000
19.000000
18.000000
16.000000
16.000000
28.000000
50.000000
29.000000
22.000000
25.000000
30.000000
41.000000
30.000000
23.000000
29.000000
30.000000
33.000000
22.000000
27.000000
31.000000
21.000000
11.000000
12.000000
15.000000
16.000000
23.000000
16.000000
16.000000
16.000000
22.000000
27.000000
18.000000
36.000000
36.000000
43.000000
38.000000
30.000000
42.000000
33.000000
30.000000
39.000000
35.000000
38.000000
36.000000
30.000000
16.000000
27.000000
20.000000
20.000000
15.000000
24.000000
24.000000
34.000000
39.000000
47.000000
43.000000
79.000000
58.000000
42.000000
59.000000
39.000000
44.000000
34.000000
46.000000
28.000000
28.000000
33.000000
30.000000
16.000000
15.000000
26.000000
10.000000
18.000000
22.000000
22.000000
33.000000
31.000000
35.000000
45.000000
44.000000
53.000000
49.000000
43.000000
47.000000
41.000000
46.000000
35.000000
40.000000
49.000000
33.000000
29.000000
20.000000
33.000000
28.000000
20.000000
31.000000
14.000000
22.000000
26.000000
15.000000
40.000000
32.000000
47.000000
44.000000
41.000000
35.000000
75.000000
62.000000
45.000000
67.000000
52.000000
56.000000
66.000000
63.000000
55.000000
53.000000
72.000000
57.000000
73.000000
104.000000
72.000000
93.000000
85.000000
95.000000
131.000000
171.000000
188.000000
232.000000
247.000000
285.000000
305.000000
279.000000
332.000000
355.000000
387.000000
484.000000
740.000000
1087.000000
978.000000
1178.000000
832.000000
652.000000
454.000000
377.000000
308.000000
268.000000
331.000000
359.000000
508.000000
520.000000
533.000000
501.000000
378.000000
346.000000
323.000000
249.000000
257.000000
229.000000
204.000000
206.000000
169.000000
169.000000
190.000000
226.000000
174.000000
137.000000
112.000000
101.000000
114.000000
111.000000
149.000000
108.000000
146.000000
162.000000
145.000000
171.000000
145.000000
144.000000
118.000000
94.000000
109.000000
91.000000
101.000000
103.000000
87.000000
73.000000
60.000000
65.000000
63.000000
52.000000
57.000000
62.000000
49.000000
43.000000
59.000000
62.000000
58.000000
76.000000
94.000000
79.000000
85.000000
84.000000
93.000000
59.000000
63.000000
77.000000
69.000000
75.000000
66.000000
67.000000
52.000000
48.000000
39.000000
32.000000
39.000000
46.000000
44.000000
39.000000
45.000000
37.000000
45.000000
60.000000
50.000000
81.000000
38.000000
51.000000
74.000000
53.000000
49.000000
52.000000
57.000000
53.000000
40.000000
23.000000
24.000000
43.000000
32.000000
28.000000
27.000000
25.000000
40.000000
41.000000
33.000000
40.000000
39.000000
33.000000
40.000000
59.000000
45.000000
48.000000
43.000000
56.000000
43.000000
43.000000
57.000000
40.000000
33.000000
27.000000
25.000000
24.000000
28.000000
26.000000
18.000000
26.000000
22.000000
27.000000
20.000000
28.000000
28.000000
23.000000
28.000000
23.000000
50.000000
43.000000
37.000000
37.000000
33.000000
47.000000
33.000000
40.000000
41.000000
29.000000
20.000000
28.000000
21.000000
22.000000
23.000000
12.000000
26.000000
18.000000
26.000000
22.000000
28.000000
32.000000
24.000000
43.000000
28.000000
31.000000
44.000000
29.000000
28.000000
32.000000
34.000000
30.000000
21.000000
30.000000
22.000000
16.000000
