364.000000
405.000000
384.000000
251.000000
207.000000
179.000000
65.000000
77.000000
103.000000
111.000000
155.000000
279.000000
294.000000
333.000000
350.000000
365.000000
421.000000
425.000000
430.000000
443.000000
404.000000
416.000000
391.000000
434.000000
383.000000
500.000000
411.000000
281.000000
201.000000
135.000000
82.000000
87.000000
117.000000
109.000000
178.000000
329.000000
352.000000
436.000000
494.000000
426.000000
425.000000
500.000000
485.000000
484.000000
454.000000
389.000000
347.000000
409.000000
429.000000
477.000000
405.000000
338.000000
233.000000
162.000000
104.000000
90.000000
106.000000
105.000000
167.000000
231.000000
317.000000
390.000000
400.000000
412.000000
428.000000
399.000000
390.000000
395.000000
411.000000
472.000000
446.000000
434.000000
484.000000
555.000000
527.000000
382.000000
309.000000
219.000000
175.000000
105.000000
127.000000
110.000000
168.000000
240.000000
316.000000
364.000000
440.000000
421.000000
508.000000
507.000000
483.000000
589.000000
558.000000
572.000000
573.000000
734.000000
785.000000
869.000000
748.000000
546.000000
355.000000
235.000000
173.000000
156.000000
178.000000
191.000000
380.000000
618.000000
811.000000
813.000000
949.000000
942.000000
985.000000
944.000000
906.000000
992.000000
952.000000
854.000000
823.000000
942.000000
941.000000
1059.000000
855.000000
596.000000
454.000000
254.000000
240.000000
191.000000
220.000000
292.000000
458.000000
781.000000
923.000000
1019.000000
1096.000000
1180.000000
1194.000000
1264.000000
1433.000000
1473.000000
1440.000000
1328.000000
1423.000000
1695.000000
1825.000000
2256.000000
2278.000000
2054.000000
1310.000000
894.000000
672.000000
548.000000
538.000000
845.000000
1464.000000
2030.000000
2443.000000
2695.000000
3030.000000
3171.000000
3522.000000
3711.000000
4516.000000
5635.000000
7019.000000
8415.000000
12188.000000
19423.000000
20223.000000
19618.000000
19295.000000
14464.000000
11264.000000
9799.000000
9990.000000
8333.000000
7756.000000
9081.000000
10915.000000
11948.000000
11739.000000
12239.000000
11899.000000
9936.000000
9622.000000
8274.000000
7752.000000
6921.000000
6843.000000
6369.000000
5802.000000
5767.000000
5518.000000
6831.000000
5504.000000
4512.000000
3129.000000
2251.000000
1649.000000
1411.000000
1306.000000
1553.000000
1956.000000
2451.000000
2901.000000
3103.000000
3174.000000
2747.000000
2722.000000
2610.000000
2622.000000
2689.000000
2608.000000
2486.000000
2496.000000
2589.000000
2541.000000
2533.000000
2390.000000
1946.000000
1547.000000
1174.000000
875.000000
721.000000
728.000000
666.000000
873.000000
1130.000000
1229.000000
1579.000000
1516.000000
1518.000000
1582.000000
1872.000000
1625.000000
1884.000000
1831.000000
1820.000000
1712.000000
1743.000000
1912.000000
1763.000000
1672.000000
1259.000000
915.000000
716.000000
581.000000
439.000000
386.000000
452.000000
512.000000
664.000000
823.000000
855.000000
1062.000000
1033.000000
1087.000000
1036.000000
983.000000
943.000000
923.000000
1010.000000
1001.000000
1110.000000
1149.000000
1180.000000
1000.000000
856.000000
660.000000
385.000000
502.000000
578.000000
548.000000
585.000000
715.000000
958.000000
1303.000000
1371.000000
1311.000000
1318.000000
1252.000000
1335.000000
1292.000000
1198.000000
1171.000000
1089.000000
915.000000
1153.000000
1210.000000
1101.000000
952.000000
844.000000
660.000000
561.000000
473.000000
397.000000
384.000000
385.000000
409.000000
585.000000
722.000000
717.000000
778.000000
849.000000
868.000000
828.000000
893.000000
944.000000
897.000000
772.000000
770.000000
696.000000
663.000000
699.000000
658.000000
489.000000
346.000000
232.000000
152.000000
151.000000
199.000000
169.000000
266.000000
327.000000
385.000000
483.000000
478.000000
578.000000
587.000000
639.000000
616.000000
580.000000
544.000000
483.000000
524.000000
503.000000
521.000000
