644.000000
757.000000
747.000000
684.000000
771.000000
710.000000
651.000000
666.000000
637.000000
542.000000
554.000000
530.000000
460.000000
352.000000
269.000000
255.000000
215.000000
260.000000
199.000000
328.000000
363.000000
537.000000
682.000000
686.000000
804.000000
662.000000
941.000000
905.000000
745.000000
874.000000
799.000000
746.000000
669.000000
693.000000
798.000000
700.000000
583.000000
496.000000
373.000000
283.000000
217.000000
254.000000
280.000000
366.000000
449.000000
588.000000
647.000000
852.000000
895.000000
929.000000
921.000000
755.000000
823.000000
823.000000
693.000000
805.000000
735.000000
735.000000
612.000000
613.000000
537.000000
451.000000
362.000000
313.000000
283.000000
284.000000
262.000000
383.000000
437.000000
552.000000
569.000000
626.000000
736.000000
705.000000
716.000000
839.000000
739.000000
688.000000
705.000000
719.000000
666.000000
754.000000
724.000000
626.000000
593.000000
462.000000
360.000000
382.000000
306.000000
294.000000
307.000000
291.000000
386.000000
556.000000
660.000000
813.000000
962.000000
937.000000
847.000000
863.000000
989.000000
943.000000
952.000000
948.000000
1109.000000
1033.000000
1038.000000
1053.000000
909.000000
805.000000
682.000000
604.000000
446.000000
457.000000
606.000000
641.000000
704.000000
836.000000
1201.000000
1377.000000
1641.000000
1723.000000
1856.000000
1829.000000
2029.000000
1834.000000
1913.000000
1963.000000
1965.000000
1954.000000
2066.000000
1930.000000
1730.000000
1575.000000
1286.000000
1095.000000
912.000000
982.000000
950.000000
930.000000
1316.000000
1729.000000
2441.000000
2825.000000
2956.000000
3300.000000
3398.000000
3257.000000
3251.000000
3394.000000
3562.000000
4175.000000
5918.000000
7285.000000
8294.000000
8886.000000
11288.000000
11122.000000
9405.000000
7498.000000
6753.000000
6603.000000
6121.000000
6340.000000
7875.000000
9751.000000
10199.000000
10184.000000
11603.000000
11121.000000
10712.000000
10668.000000
9161.000000
8362.000000
7653.000000
7031.000000
6760.000000
5699.000000
5041.000000
5050.000000
4524.000000
3842.000000
3168.000000
2902.000000
2639.000000
2488.000000
2223.000000
2237.000000
2518.000000
2871.000000
3538.000000
3927.000000
4295.000000
4375.000000
4318.000000
4152.000000
3885.000000
3632.000000
3543.000000
3123.000000
2972.000000
3172.000000
3071.000000
3027.000000
2788.000000
2552.000000
2081.000000
1792.000000
1616.000000
1500.000000
1454.000000
1553.000000
1721.000000
1950.000000
2199.000000
2952.000000
3021.000000
2936.000000
2853.000000
2800.000000
2647.000000
2706.000000
2656.000000
2334.000000
2087.000000
2233.000000
2152.000000
1928.000000
2005.000000
1687.000000
1412.000000
1226.000000
1095.000000
1048.000000
998.000000
1150.000000
1172.000000
1300.000000
1540.000000
1634.000000
1785.000000
1840.000000
1765.000000
1781.000000
1959.000000
1753.000000
1836.000000
1790.000000
1722.000000
1683.000000
1707.000000
1637.000000
1512.000000
1475.000000
1269.000000
1109.000000
1072.000000
893.000000
864.000000
904.000000
961.000000
1132.000000
1364.000000
1424.000000
1439.000000
1515.000000
1456.000000
1361.000000
1402.000000
1424.000000
1446.000000
1507.000000
1422.000000
1406.000000
1453.000000
1511.000000
1389.000000
1312.000000
1211.000000
1018.000000
970.000000
910.000000
794.000000
885.000000
977.000000
1131.000000
1343.000000
1501.000000
1767.000000
2048.000000
2165.000000
2093.000000
2017.000000
1734.000000
1839.000000
1757.000000
1765.000000
2524.000000
10945.000000
8279.000000
6627.000000
4747.000000
3539.000000
2774.000000
2282.000000
2018.000000
1935.000000
1935.000000
2389.000000
2981.000000
3357.000000
3446.000000
3014.000000
3137.000000
2767.000000
2432.000000
2429.000000
2205.000000
2077.000000
2166.000000
1820.000000
1746.000000
1685.000000
1866.000000
1605.000000
1318.000000
1109.000000
919.000000
723.000000
684.000000
644.000000
649.000000
732.000000
889.000000
1170.000000
1285.000000
1278.000000
