86.000000
72.000000
67.000000
60.000000
69.000000
47.000000
57.000000
48.000000
40.000000
20.000000
29.000000
23.000000
22.000000
14.000000
26.000000
21.000000
22.000000
27.000000
47.000000
74.000000
60.000000
68.000000
154.000000
179.000000
165.000000
162.000000
92.000000
39.000000
77.000000
91.000000
56.000000
69.000000
50.000000
46.000000
20.000000
25.000000
20.000000
29.000000
19.000000
14.000000
33.000000
42.000000
59.000000
66.000000
110.000000
112.000000
85.000000
109.000000
111.000000
90.000000
83.000000
42.000000
49.000000
44.000000
53.000000
58.000000
61.000000
32.000000
49.000000
23.000000
16.000000
24.000000
24.000000
39.000000
35.000000
47.000000
91.000000
85.000000
104.000000
97.000000
108.000000
136.000000
94.000000
158.000000
107.000000
46.000000
48.000000
52.000000
60.000000
52.000000
59.000000
38.000000
43.000000
21.000000
16.000000
42.000000
21.000000
23.000000
31.000000
56.000000
56.000000
96.000000
86.000000
77.000000
95.000000
64.000000
78.000000
105.000000
71.000000
102.000000
68.000000
65.000000
82.000000
98.000000
61.000000
55.000000
43.000000
40.000000
39.000000
30.000000
38.000000
65.000000
74.000000
83.000000
81.000000
63.000000
96.000000
127.000000
117.000000
114.000000
129.000000
110.000000
116.000000
139.000000
197.000000
216.000000
223.000000
204.000000
183.000000
154.000000
82.000000
62.000000
59.000000
56.000000
79.000000
100.000000
191.000000
259.000000
370.000000
460.000000
420.000000
393.000000
358.000000
327.000000
320.000000
330.000000
314.000000
376.000000
380.000000
383.000000
421.000000
475.000000
732.000000
607.000000
277.000000
504.000000
482.000000
435.000000
435.000000
590.000000
763.000000
1206.000000
1755.000000
1751.000000
1879.000000
2089.000000
1931.000000
2512.000000
2626.000000
2569.000000
2453.000000
1978.000000
1463.000000
1396.000000
1152.000000
862.000000
669.000000
536.000000
485.000000
340.000000
273.000000
299.000000
278.000000
284.000000
398.000000
588.000000
869.000000
721.000000
693.000000
612.000000
526.000000
477.000000
413.000000
434.000000
398.000000
356.000000
329.000000
299.000000
275.000000
235.000000
238.000000
159.000000
170.000000
147.000000
145.000000
94.000000
85.000000
78.000000
108.000000
128.000000
138.000000
204.000000
222.000000
254.000000
203.000000
176.000000
174.000000
219.000000
177.000000
168.000000
133.000000
148.000000
141.000000
127.000000
133.000000
101.000000
67.000000
77.000000
50.000000
59.000000
50.000000
76.000000
74.000000
78.000000
99.000000
178.000000
169.000000
226.000000
143.000000
164.000000
165.000000
164.000000
120.000000
111.000000
113.000000
119.000000
104.000000
83.000000
96.000000
83.000000
72.000000
68.000000
50.000000
27.000000
43.000000
49.000000
41.000000
47.000000
55.000000
72.000000
87.000000
97.000000
109.000000
118.000000
106.000000
92.000000
63.000000
71.000000
52.000000
59.000000
82.000000
39.000000
53.000000
33.000000
66.000000
30.000000
33.000000
29.000000
41.000000
63.000000
52.000000
33.000000
44.000000
49.000000
68.000000
65.000000
68.000000
73.000000
91.000000
108.000000
77.000000
81.000000
75.000000
82.000000
156.000000
74.000000
76.000000
70.000000
28.000000
30.000000
64.000000
64.000000
59.000000
66.000000
78.000000
41.000000
57.000000
64.000000
135.000000
134.000000
128.000000
119.000000
145.000000
141.000000
128.000000
57.000000
39.000000
57.000000
67.000000
71.000000
58.000000
28.000000
34.000000
31.000000
33.000000
27.000000
14.000000
25.000000
26.000000
23.000000
50.000000
51.000000
56.000000
42.000000
45.000000
66.000000
75.000000
