73.000000
72.000000
72.000000
67.000000
96.000000
64.000000
66.000000
73.000000
68.000000
61.000000
70.000000
66.000000
50.000000
33.000000
26.000000
25.000000
20.000000
31.000000
16.000000
32.000000
55.000000
67.000000
86.000000
73.000000
59.000000
68.000000
76.000000
57.000000
49.000000
69.000000
53.000000
46.000000
44.000000
80.000000
69.000000
58.000000
53.000000
42.000000
22.000000
29.000000
18.000000
28.000000
13.000000
31.000000
38.000000
74.000000
55.000000
73.000000
56.000000
99.000000
56.000000
69.000000
54.000000
64.000000
47.000000
77.000000
45.000000
74.000000
59.000000
57.000000
48.000000
33.000000
29.000000
24.000000
43.000000
11.000000
19.000000
33.000000
38.000000
53.000000
76.000000
80.000000
65.000000
66.000000
58.000000
72.000000
73.000000
73.000000
64.000000
64.000000
67.000000
74.000000
70.000000
69.000000
56.000000
60.000000
35.000000
23.000000
28.000000
26.000000
26.000000
25.000000
64.000000
87.000000
93.000000
101.000000
76.000000
99.000000
90.000000
96.000000
102.000000
119.000000
99.000000
100.000000
111.000000
113.000000
120.000000
0.000000
85.000000
71.000000
80.000000
31.000000
42.000000
47.000000
32.000000
60.000000
107.000000
81.000000
132.000000
162.000000
144.000000
140.000000
101.000000
145.000000
135.000000
138.000000
151.000000
181.000000
202.000000
193.000000
218.000000
160.000000
202.000000
167.000000
90.000000
74.000000
79.000000
62.000000
103.000000
113.000000
210.000000
271.000000
364.000000
426.000000
374.000000
377.000000
473.000000
435.000000
405.000000
423.000000
438.000000
498.000000
441.000000
570.000000
662.000000
713.000000
586.000000
463.000000
409.000000
428.000000
404.000000
475.000000
624.000000
877.000000
1093.000000
1252.000000
1304.000000
1337.000000
1392.000000
1305.000000
1318.000000
1382.000000
1244.000000
1183.000000
1120.000000
1278.000000
1131.000000
1155.000000
1149.000000
884.000000
642.000000
500.000000
396.000000
341.000000
381.000000
281.000000
294.000000
412.000000
435.000000
506.000000
517.000000
376.000000
458.000000
321.000000
347.000000
351.000000
345.000000
387.000000
320.000000
330.000000
343.000000
345.000000
357.000000
353.000000
297.000000
238.000000
160.000000
149.000000
148.000000
130.000000
173.000000
159.000000
227.000000
142.000000
178.000000
152.000000
140.000000
140.000000
128.000000
142.000000
133.000000
160.000000
109.000000
153.000000
144.000000
163.000000
148.000000
151.000000
124.000000
116.000000
76.000000
46.000000
54.000000
69.000000
49.000000
64.000000
72.000000
105.000000
124.000000
82.000000
81.000000
80.000000
84.000000
95.000000
103.000000
84.000000
88.000000
100.000000
114.000000
111.000000
99.000000
90.000000
103.000000
82.000000
72.000000
48.000000
63.000000
50.000000
42.000000
45.000000
35.000000
50.000000
73.000000
71.000000
81.000000
57.000000
93.000000
64.000000
60.000000
55.000000
60.000000
55.000000
62.000000
79.000000
57.000000
55.000000
67.000000
52.000000
34.000000
56.000000
43.000000
35.000000
64.000000
28.000000
45.000000
61.000000
50.000000
49.000000
53.000000
57.000000
71.000000
42.000000
46.000000
52.000000
54.000000
64.000000
56.000000
56.000000
59.000000
50.000000
43.000000
60.000000
32.000000
35.000000
62.000000
28.000000
26.000000
50.000000
45.000000
34.000000
50.000000
38.000000
56.000000
28.000000
48.000000
81.000000
55.000000
50.000000
56.000000
67.000000
66.000000
65.000000
76.000000
72.000000
43.000000
30.000000
46.000000
54.000000
36.000000
50.000000
42.000000
35.000000
24.000000
56.000000
61.000000
55.000000
41.000000
