177.000000
143.000000
143.000000
138.000000
124.000000
96.000000
45.000000
80.000000
59.000000
41.000000
56.000000
84.000000
93.000000
152.000000
192.000000
205.000000
199.000000
175.000000
198.000000
198.000000
209.000000
192.000000
174.000000
158.000000
152.000000
178.000000
144.000000
137.000000
113.000000
110.000000
76.000000
64.000000
50.000000
37.000000
54.000000
67.000000
103.000000
148.000000
217.000000
207.000000
192.000000
159.000000
195.000000
211.000000
201.000000
183.000000
161.000000
132.000000
169.000000
176.000000
163.000000
167.000000
109.000000
77.000000
85.000000
60.000000
51.000000
61.000000
62.000000
67.000000
107.000000
164.000000
221.000000
246.000000
214.000000
197.000000
222.000000
207.000000
249.000000
246.000000
208.000000
173.000000
256.000000
295.000000
232.000000
218.000000
205.000000
155.000000
98.000000
89.000000
80.000000
83.000000
113.000000
140.000000
178.000000
292.000000
318.000000
341.000000
323.000000
288.000000
342.000000
353.000000
376.000000
340.000000
307.000000
272.000000
332.000000
296.000000
298.000000
256.000000
212.000000
175.000000
127.000000
96.000000
89.000000
97.000000
80.000000
132.000000
159.000000
254.000000
274.000000
269.000000
268.000000
290.000000
283.000000
261.000000
301.000000
262.000000
240.000000
303.000000
298.000000
267.000000
312.000000
327.000000
266.000000
219.000000
135.000000
126.000000
114.000000
91.000000
109.000000
153.000000
195.000000
265.000000
289.000000
378.000000
368.000000
368.000000
422.000000
486.000000
457.000000
544.000000
538.000000
903.000000
1024.000000
1307.000000
1565.000000
1394.000000
1063.000000
819.000000
623.000000
413.000000
388.000000
574.000000
1107.000000
1184.000000
1201.000000
1196.000000
1177.000000
1324.000000
1252.000000
1278.000000
1308.000000
1377.000000
1147.000000
1145.000000
1331.000000
1798.000000
1971.000000
1890.000000
1950.000000
1690.000000
1487.000000
1251.000000
1123.000000
949.000000
886.000000
903.000000
1027.000000
1190.000000
1170.000000
1308.000000
1316.000000
1173.000000
1183.000000
1133.000000
1081.000000
934.000000
873.000000
796.000000
744.000000
632.000000
628.000000
651.000000
666.000000
598.000000
510.000000
456.000000
377.000000
320.000000
323.000000
294.000000
318.000000
287.000000
325.000000
421.000000
424.000000
450.000000
464.000000
434.000000
436.000000
416.000000
379.000000
375.000000
317.000000
239.000000
277.000000
233.000000
308.000000
295.000000
232.000000
214.000000
188.000000
158.000000
139.000000
148.000000
172.000000
177.000000
149.000000
206.000000
242.000000
222.000000
249.000000
197.000000
243.000000
224.000000
206.000000
184.000000
181.000000
173.000000
181.000000
183.000000
164.000000
162.000000
188.000000
144.000000
104.000000
101.000000
77.000000
85.000000
110.000000
125.000000
143.000000
155.000000
133.000000
155.000000
162.000000
150.000000
146.000000
142.000000
151.000000
140.000000
127.000000
115.000000
92.000000
121.000000
134.000000
130.000000
127.000000
109.000000
83.000000
79.000000
94.000000
71.000000
85.000000
96.000000
86.000000
85.000000
103.000000
108.000000
124.000000
114.000000
110.000000
130.000000
104.000000
103.000000
125.000000
99.000000
95.000000
121.000000
134.000000
104.000000
102.000000
73.000000
71.000000
80.000000
59.000000
69.000000
66.000000
54.000000
85.000000
85.000000
115.000000
115.000000
83.000000
113.000000
86.000000
97.000000
105.000000
106.000000
80.000000
115.000000
107.000000
120.000000
112.000000
143.000000
122.000000
114.000000
86.000000
84.000000
76.000000
72.000000
84.000000
94.000000
113.000000
118.000000
146.000000
167.000000
162.000000
148.000000
140.000000
129.000000
143.000000
157.000000
124.000000
132.000000
129.000000
