64.000000
83.000000
39.000000
49.000000
40.000000
48.000000
54.000000
94.000000
86.000000
62.000000
88.000000
65.000000
69.000000
85.000000
59.000000
40.000000
30.000000
42.000000
32.000000
30.000000
32.000000
42.000000
44.000000
75.000000
69.000000
72.000000
65.000000
104.000000
74.000000
75.000000
75.000000
78.000000
82.000000
79.000000
57.000000
53.000000
52.000000
56.000000
47.000000
45.000000
36.000000
46.000000
28.000000
32.000000
46.000000
48.000000
68.000000
70.000000
70.000000
87.000000
80.000000
79.000000
75.000000
80.000000
90.000000
61.000000
72.000000
60.000000
52.000000
45.000000
51.000000
57.000000
38.000000
38.000000
32.000000
23.000000
35.000000
45.000000
33.000000
37.000000
51.000000
60.000000
70.000000
51.000000
90.000000
72.000000
80.000000
93.000000
68.000000
81.000000
71.000000
73.000000
62.000000
74.000000
61.000000
51.000000
53.000000
47.000000
43.000000
41.000000
50.000000
71.000000
76.000000
90.000000
62.000000
76.000000
88.000000
106.000000
99.000000
128.000000
97.000000
103.000000
110.000000
101.000000
121.000000
72.000000
85.000000
67.000000
66.000000
60.000000
75.000000
51.000000
42.000000
41.000000
43.000000
67.000000
55.000000
73.000000
85.000000
100.000000
112.000000
105.000000
119.000000
133.000000
126.000000
134.000000
124.000000
118.000000
152.000000
214.000000
137.000000
135.000000
114.000000
115.000000
123.000000
102.000000
135.000000
126.000000
130.000000
165.000000
158.000000
170.000000
252.000000
302.000000
306.000000
372.000000
404.000000
433.000000
457.000000
485.000000
561.000000
659.000000
736.000000
741.000000
786.000000
807.000000
954.000000
915.000000
805.000000
1692.000000
1291.000000
1154.000000
1136.000000
1151.000000
1195.000000
1211.000000
1329.000000
1564.000000
2532.000000
2409.000000
2404.000000
2302.000000
2328.000000
2185.000000
1975.000000
1869.000000
1681.000000
1592.000000
1486.000000
1334.000000
1271.000000
1141.000000
1122.000000
1012.000000
833.000000
817.000000
811.000000
855.000000
829.000000
769.000000
829.000000
857.000000
900.000000
899.000000
857.000000
855.000000
894.000000
776.000000
771.000000
810.000000
719.000000
711.000000
647.000000
602.000000
532.000000
525.000000
431.000000
385.000000
353.000000
394.000000
396.000000
427.000000
416.000000
418.000000
419.000000
505.000000
519.000000
512.000000
548.000000
492.000000
518.000000
465.000000
479.000000
455.000000
421.000000
397.000000
354.000000
328.000000
345.000000
300.000000
297.000000
290.000000
234.000000
236.000000
242.000000
200.000000
264.000000
243.000000
300.000000
307.000000
318.000000
318.000000
361.000000
409.000000
392.000000
380.000000
378.000000
296.000000
293.000000
247.000000
254.000000
219.000000
239.000000
258.000000
175.000000
181.000000
170.000000
147.000000
137.000000
185.000000
163.000000
194.000000
231.000000
252.000000
267.000000
258.000000
277.000000
293.000000
282.000000
281.000000
239.000000
252.000000
220.000000
220.000000
210.000000
183.000000
158.000000
156.000000
146.000000
141.000000
126.000000
117.000000
124.000000
100.000000
124.000000
136.000000
149.000000
156.000000
194.000000
186.000000
245.000000
195.000000
239.000000
208.000000
193.000000
208.000000
217.000000
164.000000
181.000000
163.000000
175.000000
157.000000
142.000000
133.000000
175.000000
116.000000
92.000000
121.000000
66.000000
65.000000
83.000000
93.000000
100.000000
125.000000
127.000000
98.000000
133.000000
147.000000
170.000000
171.000000
156.000000
157.000000
160.000000
157.000000
152.000000
157.000000
151.000000
124.000000
88.000000
118.000000
95.000000
107.000000
113.000000
133.000000
110.000000
87.000000
105.000000
