45.000000
42.000000
37.000000
24.000000
18.000000
15.000000
17.000000
15.000000
17.000000
13.000000
35.000000
39.000000
35.000000
38.000000
40.000000
43.000000
46.000000
70.000000
45.000000
50.000000
35.000000
23.000000
44.000000
50.000000
30.000000
32.000000
20.000000
7.000000
15.000000
11.000000
14.000000
11.000000
23.000000
17.000000
25.000000
31.000000
28.000000
41.000000
51.000000
37.000000
39.000000
33.000000
40.000000
50.000000
33.000000
35.000000
38.000000
41.000000
37.000000
38.000000
21.000000
27.000000
11.000000
16.000000
13.000000
10.000000
15.000000
21.000000
26.000000
40.000000
48.000000
43.000000
45.000000
58.000000
49.000000
68.000000
37.000000
66.000000
53.000000
63.000000
58.000000
66.000000
59.000000
58.000000
52.000000
27.000000
22.000000
27.000000
14.000000
18.000000
24.000000
34.000000
38.000000
42.000000
51.000000
65.000000
82.000000
82.000000
70.000000
89.000000
103.000000
90.000000
70.000000
81.000000
87.000000
60.000000
94.000000
55.000000
38.000000
30.000000
23.000000
27.000000
16.000000
25.000000
23.000000
32.000000
53.000000
99.000000
87.000000
71.000000
108.000000
81.000000
82.000000
77.000000
86.000000
105.000000
87.000000
126.000000
108.000000
102.000000
105.000000
100.000000
52.000000
32.000000
32.000000
32.000000
19.000000
38.000000
31.000000
57.000000
74.000000
104.000000
113.000000
117.000000
139.000000
119.000000
156.000000
115.000000
150.000000
123.000000
138.000000
148.000000
167.000000
220.000000
232.000000
220.000000
146.000000
109.000000
93.000000
75.000000
96.000000
99.000000
89.000000
155.000000
235.000000
295.000000
365.000000
381.000000
418.000000
449.000000
411.000000
483.000000
495.000000
699.000000
940.000000
1342.000000
1809.000000
2511.000000
4003.000000
2631.000000
925.000000
552.000000
334.000000
268.000000
239.000000
216.000000
354.000000
401.000000
505.000000
580.000000
516.000000
481.000000
438.000000
428.000000
405.000000
343.000000
338.000000
325.000000
313.000000
221.000000
237.000000
221.000000
209.000000
128.000000
114.000000
91.000000
74.000000
75.000000
60.000000
62.000000
68.000000
66.000000
111.000000
133.000000
135.000000
137.000000
114.000000
119.000000
148.000000
147.000000
135.000000
127.000000
145.000000
112.000000
125.000000
132.000000
147.000000
94.000000
142.000000
108.000000
68.000000
44.000000
42.000000
44.000000
59.000000
68.000000
107.000000
121.000000
136.000000
134.000000
137.000000
168.000000
205.000000
245.000000
336.000000
280.000000
253.000000
224.000000
205.000000
202.000000
153.000000
118.000000
87.000000
65.000000
40.000000
44.000000
218.000000
278.000000
287.000000
267.000000
379.000000
423.000000
463.000000
494.000000
505.000000
546.000000
514.000000
525.000000
570.000000
475.000000
462.000000
418.000000
406.000000
359.000000
321.000000
326.000000
292.000000
212.000000
164.000000
184.000000
181.000000
199.000000
160.000000
227.000000
256.000000
277.000000
308.000000
331.000000
366.000000
400.000000
345.000000
286.000000
321.000000
306.000000
263.000000
254.000000
264.000000
264.000000
216.000000
190.000000
210.000000
122.000000
137.000000
148.000000
125.000000
151.000000
207.000000
174.000000
207.000000
204.000000
218.000000
273.000000
276.000000
265.000000
263.000000
272.000000
274.000000
266.000000
242.000000
212.000000
231.000000
233.000000
174.000000
224.000000
186.000000
177.000000
122.000000
154.000000
152.000000
140.000000
167.000000
177.000000
190.000000
214.000000
244.000000
233.000000
250.000000
229.000000
266.000000
269.000000
272.000000
252.000000
233.000000
218.000000
169.000000
186.000000
181.000000
