101.000000
84.000000
65.000000
65.000000
45.000000
35.000000
29.000000
27.000000
22.000000
32.000000
48.000000
64.000000
87.000000
109.000000
96.000000
74.000000
134.000000
103.000000
115.000000
115.000000
101.000000
95.000000
108.000000
102.000000
104.000000
80.000000
79.000000
41.000000
28.000000
30.000000
40.000000
34.000000
26.000000
68.000000
56.000000
80.000000
112.000000
100.000000
104.000000
116.000000
119.000000
132.000000
124.000000
100.000000
118.000000
101.000000
100.000000
123.000000
112.000000
117.000000
82.000000
59.000000
52.000000
47.000000
33.000000
50.000000
36.000000
41.000000
71.000000
88.000000
117.000000
124.000000
94.000000
113.000000
117.000000
127.000000
147.000000
125.000000
113.000000
154.000000
111.000000
140.000000
131.000000
93.000000
69.000000
37.000000
36.000000
34.000000
25.000000
22.000000
28.000000
49.000000
57.000000
86.000000
113.000000
119.000000
142.000000
109.000000
168.000000
150.000000
173.000000
143.000000
151.000000
155.000000
131.000000
136.000000
148.000000
109.000000
87.000000
98.000000
62.000000
30.000000
43.000000
26.000000
19.000000
57.000000
77.000000
125.000000
148.000000
122.000000
143.000000
128.000000
200.000000
184.000000
162.000000
188.000000
207.000000
154.000000
144.000000
184.000000
155.000000
124.000000
143.000000
79.000000
90.000000
55.000000
58.000000
39.000000
47.000000
60.000000
55.000000
84.000000
94.000000
141.000000
149.000000
170.000000
178.000000
192.000000
144.000000
176.000000
210.000000
230.000000
206.000000
219.000000
179.000000
165.000000
166.000000
87.000000
92.000000
181.000000
121.000000
150.000000
89.000000
104.000000
144.000000
209.000000
291.000000
368.000000
352.000000
360.000000
313.000000
398.000000
452.000000
437.000000
497.000000
584.000000
727.000000
849.000000
2544.000000
2247.000000
1721.000000
1543.000000
1030.000000
678.000000
514.000000
425.000000
359.000000
495.000000
705.000000
922.000000
1259.000000
1211.000000
1159.000000
1221.000000
1211.000000
1197.000000
1102.000000
1125.000000
1062.000000
1004.000000
1037.000000
1011.000000
877.000000
885.000000
802.000000
581.000000
393.000000
285.000000
248.000000
198.000000
197.000000
206.000000
321.000000
393.000000
568.000000
579.000000
599.000000
602.000000
640.000000
687.000000
806.000000
822.000000
744.000000
721.000000
627.000000
544.000000
522.000000
417.000000
418.000000
311.000000
273.000000
195.000000
140.000000
115.000000
117.000000
104.000000
154.000000
199.000000
326.000000
264.000000
246.000000
348.000000
313.000000
323.000000
264.000000
254.000000
280.000000
221.000000
250.000000
178.000000
238.000000
249.000000
180.000000
133.000000
115.000000
279.000000
507.000000
376.000000
316.000000
316.000000
318.000000
396.000000
428.000000
490.000000
440.000000
483.000000
533.000000
620.000000
713.000000
673.000000
551.000000
598.000000
565.000000
536.000000
554.000000
493.000000
499.000000
366.000000
299.000000
228.000000
249.000000
201.000000
152.000000
158.000000
172.000000
162.000000
201.000000
136.000000
208.000000
191.000000
208.000000
284.000000
232.000000
229.000000
233.000000
225.000000
205.000000
218.000000
226.000000
212.000000
165.000000
114.000000
128.000000
110.000000
117.000000
107.000000
76.000000
99.000000
59.000000
89.000000
110.000000
118.000000
129.000000
160.000000
109.000000
127.000000
125.000000
138.000000
123.000000
149.000000
139.000000
145.000000
161.000000
159.000000
118.000000
101.000000
100.000000
85.000000
66.000000
38.000000
29.000000
56.000000
24.000000
50.000000
62.000000
61.000000
65.000000
65.000000
83.000000
67.000000
88.000000
68.000000
94.000000
114.000000
98.000000
92.000000
104.000000
