470.000000
386.000000
284.000000
214.000000
200.000000
171.000000
140.000000
155.000000
167.000000
256.000000
249.000000
331.000000
371.000000
359.000000
394.000000
355.000000
407.000000
463.000000
409.000000
473.000000
444.000000
446.000000
430.000000
446.000000
433.000000
389.000000
287.000000
251.000000
216.000000
221.000000
181.000000
172.000000
167.000000
212.000000
250.000000
349.000000
398.000000
423.000000
331.000000
397.000000
425.000000
466.000000
460.000000
430.000000
392.000000
383.000000
461.000000
473.000000
475.000000
327.000000
325.000000
242.000000
226.000000
178.000000
150.000000
167.000000
144.000000
219.000000
283.000000
308.000000
368.000000
402.000000
372.000000
426.000000
507.000000
480.000000
519.000000
465.000000
443.000000
467.000000
510.000000
422.000000
440.000000
353.000000
300.000000
247.000000
238.000000
269.000000
368.000000
250.000000
288.000000
294.000000
353.000000
424.000000
428.000000
400.000000
451.000000
539.000000
494.000000
489.000000
554.000000
528.000000
597.000000
548.000000
550.000000
600.000000
562.000000
471.000000
430.000000
295.000000
246.000000
211.000000
196.000000
243.000000
218.000000
269.000000
394.000000
407.000000
482.000000
449.000000
495.000000
552.000000
618.000000
679.000000
641.000000
684.000000
621.000000
632.000000
796.000000
771.000000
680.000000
654.000000
498.000000
398.000000
330.000000
292.000000
242.000000
253.000000
279.000000
287.000000
400.000000
575.000000
600.000000
722.000000
717.000000
869.000000
1031.000000
1078.000000
1100.000000
1037.000000
1115.000000
1174.000000
1176.000000
1226.000000
1237.000000
1239.000000
1176.000000
878.000000
739.000000
653.000000
566.000000
567.000000
688.000000
833.000000
1113.000000
1475.000000
1792.000000
1908.000000
2131.000000
2236.000000
2461.000000
2657.000000
3155.000000
3418.000000
4277.000000
5631.000000
12023.000000
13550.000000
16334.000000
15949.000000
12038.000000
8436.000000
6196.000000
4721.000000
3895.000000
3698.000000
4644.000000
5692.000000
6620.000000
6885.000000
5761.000000
5094.000000
4850.000000
4858.000000
4770.000000
4667.000000
4405.000000
4073.000000
3835.000000
3523.000000
3354.000000
3166.000000
3007.000000
2558.000000
2086.000000
1499.000000
1288.000000
1113.000000
1004.000000
988.000000
1023.000000
1155.000000
1393.000000
1470.000000
1479.000000
1570.000000
1488.000000
1412.000000
1434.000000
1425.000000
1442.000000
1426.000000
1311.000000
1323.000000
1171.000000
1232.000000
1220.000000
1070.000000
825.000000
657.000000
592.000000
558.000000
488.000000
431.000000
464.000000
502.000000
600.000000
651.000000
709.000000
738.000000
750.000000
818.000000
879.000000
929.000000
904.000000
971.000000
914.000000
935.000000
905.000000
969.000000
926.000000
844.000000
592.000000
487.000000
367.000000
409.000000
357.000000
319.000000
380.000000
372.000000
478.000000
558.000000
565.000000
587.000000
632.000000
629.000000
605.000000
731.000000
802.000000
818.000000
723.000000
807.000000
674.000000
720.000000
613.000000
582.000000
488.000000
375.000000
312.000000
268.000000
253.000000
272.000000
274.000000
334.000000
368.000000
468.000000
453.000000
698.000000
405.000000
502.000000
520.000000
479.000000
480.000000
516.000000
479.000000
454.000000
459.000000
490.000000
413.000000
361.000000
383.000000
273.000000
219.000000
238.000000
194.000000
168.000000
158.000000
212.000000
246.000000
295.000000
293.000000
343.000000
362.000000
327.000000
351.000000
388.000000
386.000000
365.000000
373.000000
349.000000
399.000000
371.000000
406.000000
405.000000
287.000000
220.000000
195.000000
209.000000
195.000000
179.000000
169.000000
170.000000
195.000000
273.000000
325.000000
361.000000
390.000000
407.000000
362.000000
361.000000
393.000000
406.000000
454.000000
460.000000
395.000000
446.000000
432.000000
