455.000000
474.000000
415.000000
295.000000
279.000000
258.000000
200.000000
186.000000
164.000000
182.000000
207.000000
282.000000
418.000000
419.000000
436.000000
376.000000
474.000000
463.000000
474.000000
497.000000
557.000000
441.000000
462.000000
475.000000
478.000000
474.000000
429.000000
338.000000
274.000000
229.000000
206.000000
191.000000
174.000000
184.000000
239.000000
314.000000
343.000000
406.000000
429.000000
459.000000
432.000000
480.000000
495.000000
531.000000
513.000000
508.000000
494.000000
472.000000
467.000000
485.000000
502.000000
370.000000
287.000000
264.000000
224.000000
199.000000
184.000000
170.000000
199.000000
265.000000
339.000000
440.000000
403.000000
561.000000
548.000000
651.000000
742.000000
690.000000
743.000000
747.000000
721.000000
724.000000
787.000000
868.000000
1336.000000
1262.000000
914.000000
827.000000
617.000000
543.000000
621.000000
532.000000
566.000000
781.000000
1002.000000
1131.000000
1192.000000
1163.000000
1180.000000
1274.000000
1308.000000
1176.000000
1333.000000
1525.000000
1594.000000
1613.000000
1479.000000
1524.000000
1421.000000
1119.000000
1038.000000
946.000000
787.000000
740.000000
676.000000
721.000000
851.000000
1008.000000
1248.000000
1281.000000
1301.000000
1340.000000
1483.000000
1733.000000
1452.000000
1728.000000
1698.000000
1638.000000
1667.000000
1733.000000
1572.000000
1578.000000
1620.000000
1270.000000
972.000000
969.000000
807.000000
772.000000
738.000000
706.000000
915.000000
1190.000000
1379.000000
1501.000000
1567.000000
1745.000000
1865.000000
2138.000000
2154.000000
2472.000000
2606.000000
2713.000000
2617.000000
2517.000000
2758.000000
2895.000000
2918.000000
2575.000000
2256.000000
2357.000000
1979.000000
1649.000000
1590.000000
1766.000000
2223.000000
2871.000000
3720.000000
3815.000000
3786.000000
4237.000000
4684.000000
5494.000000
5725.000000
6202.000000
6996.000000
7640.000000
8671.000000
10188.000000
23971.000000
18555.000000
17729.000000
15183.000000
12847.000000
11180.000000
9108.000000
7713.000000
6936.000000
7496.000000
8952.000000
10156.000000
11463.000000
11403.000000
10285.000000
9917.000000
9600.000000
9354.000000
8820.000000
8386.000000
7834.000000
7414.000000
7022.000000
6357.000000
5925.000000
5163.000000
4712.000000
4068.000000
4176.000000
3763.000000
3619.000000
3147.000000
2786.000000
4679.000000
2725.000000
3072.000000
3247.000000
3344.000000
3279.000000
3310.000000
3648.000000
3671.000000
3720.000000
3666.000000
3480.000000
3394.000000
3081.000000
3030.000000
2783.000000
2449.000000
2257.000000
1942.000000
1759.000000
1558.000000
1364.000000
1196.000000
1111.000000
1003.000000
945.000000
1154.000000
1183.000000
1235.000000
1260.000000
1414.000000
1476.000000
1556.000000
1685.000000
1807.000000
1632.000000
1678.000000
1645.000000
1325.000000
1330.000000
1314.000000
1236.000000
1061.000000
901.000000
800.000000
695.000000
653.000000
575.000000
574.000000
678.000000
579.000000
669.000000
770.000000
716.000000
825.000000
836.000000
852.000000
1005.000000
1009.000000
980.000000
981.000000
1030.000000
1022.000000
1054.000000
1009.000000
924.000000
811.000000
751.000000
792.000000
642.000000
544.000000
522.000000
480.000000
569.000000
581.000000
764.000000
833.000000
784.000000
946.000000
1094.000000
1035.000000
1128.000000
990.000000
1013.000000
974.000000
947.000000
1012.000000
991.000000
803.000000
719.000000
681.000000
590.000000
597.000000
447.000000
447.000000
399.000000
385.000000
380.000000
444.000000
516.000000
582.000000
612.000000
692.000000
699.000000
726.000000
869.000000
887.000000
1114.000000
1013.000000
887.000000
841.000000
810.000000
738.000000
686.000000
595.000000
477.000000
479.000000
409.000000
398.000000
321.000000
335.000000
357.000000
395.000000
478.000000
610.000000
568.000000
611.000000
602.000000
705.000000
658.000000
706.000000
700.000000
672.000000
657.000000
611.000000
626.000000
