255.000000
184.000000
146.000000
132.000000
127.000000
146.000000
192.000000
295.000000
357.000000
372.000000
396.000000
463.000000
416.000000
478.000000
479.000000
486.000000
499.000000
469.000000
455.000000
403.000000
424.000000
422.000000
378.000000
321.000000
242.000000
199.000000
137.000000
173.000000
165.000000
163.000000
206.000000
256.000000
331.000000
431.000000
461.000000
516.000000
463.000000
511.000000
567.000000
561.000000
554.000000
499.000000
471.000000
499.000000
470.000000
488.000000
416.000000
393.000000
316.000000
284.000000
206.000000
203.000000
201.000000
180.000000
243.000000
315.000000
334.000000
470.000000
507.000000
616.000000
524.000000
544.000000
494.000000
510.000000
507.000000
473.000000
498.000000
518.000000
408.000000
389.000000
363.000000
322.000000
306.000000
235.000000
210.000000
194.000000
210.000000
166.000000
218.000000
264.000000
323.000000
471.000000
405.000000
442.000000
482.000000
527.000000
522.000000
476.000000
491.000000
433.000000
463.000000
509.000000
428.000000
431.000000
391.000000
378.000000
321.000000
267.000000
220.000000
238.000000
229.000000
200.000000
218.000000
248.000000
350.000000
438.000000
443.000000
596.000000
625.000000
578.000000
585.000000
556.000000
618.000000
642.000000
685.000000
725.000000
720.000000
644.000000
610.000000
708.000000
494.000000
420.000000
405.000000
339.000000
293.000000
364.000000
401.000000
523.000000
664.000000
764.000000
957.000000
1137.000000
1165.000000
1256.000000
1307.000000
1342.000000
1339.000000
1245.000000
1364.000000
1358.000000
1346.000000
1268.000000
1337.000000
1182.000000
1045.000000
864.000000
787.000000
647.000000
727.000000
650.000000
660.000000
877.000000
1198.000000
1513.000000
1842.000000
1934.000000
2071.000000
2207.000000
2164.000000
2185.000000
2341.000000
2480.000000
2718.000000
3846.000000
4813.000000
5371.000000
6685.000000
10007.000000
11846.000000
10019.000000
7750.000000
6597.000000
6077.000000
5506.000000
5856.000000
7323.000000
8531.000000
9131.000000
8970.000000
11204.000000
11038.000000
10594.000000
9810.000000
8687.000000
7905.000000
7485.000000
6616.000000
6164.000000
5445.000000
5129.000000
5159.000000
4702.000000
4030.000000
3340.000000
2930.000000
2828.000000
2711.000000
2491.000000
2434.000000
2715.000000
3109.000000
3842.000000
4136.000000
4643.000000
4591.000000
4526.000000
4483.000000
4279.000000
3961.000000
3722.000000
3437.000000
3302.000000
3134.000000
2792.000000
2860.000000
2769.000000
2564.000000
2171.000000
1953.000000
1652.000000
1651.000000
1582.000000
1478.000000
1690.000000
1957.000000
2214.000000
2907.000000
3222.000000
3043.000000
2951.000000
2876.000000
2994.000000
2840.000000
2669.000000
2481.000000
2303.000000
2105.000000
2138.000000
2029.000000
2030.000000
1962.000000
1588.000000
1407.000000
1146.000000
1210.000000
1124.000000
1477.000000
1275.000000
1473.000000
1649.000000
1824.000000
2066.000000
2272.000000
2328.000000
2135.000000
2023.000000
1990.000000
1910.000000
1915.000000
2004.000000
1890.000000
1781.000000
2008.000000
2267.000000
2019.000000
1812.000000
1521.000000
1350.000000
1149.000000
1020.000000
1050.000000
1080.000000
1340.000000
1560.000000
1811.000000
1966.000000
2046.000000
1910.000000
1786.000000
1883.000000
1815.000000
1910.000000
1810.000000
1635.000000
1695.000000
1550.000000
1533.000000
1559.000000
1475.000000
1253.000000
1126.000000
951.000000
995.000000
932.000000
913.000000
1011.000000
1115.000000
1370.000000
1498.000000
1713.000000
1822.000000
1859.000000
1819.000000
1921.000000
1778.000000
1833.000000
1792.000000
1625.000000
1728.000000
2346.000000
2080.000000
1954.000000
1592.000000
1273.000000
1159.000000
1014.000000
1063.000000
837.000000
886.000000
1031.000000
1226.000000
1415.000000
1671.000000
1554.000000
1655.000000
1499.000000
1474.000000
1457.000000
1402.000000
1551.000000
1375.000000
1418.000000
1258.000000
1367.000000
1545.000000
1671.000000
1377.000000
