210.000000
209.000000
237.000000
184.000000
276.000000
229.000000
249.000000
204.000000
176.000000
138.000000
143.000000
106.000000
117.000000
108.000000
172.000000
169.000000
185.000000
172.000000
158.000000
181.000000
161.000000
169.000000
184.000000
212.000000
187.000000
231.000000
277.000000
272.000000
243.000000
236.000000
225.000000
194.000000
181.000000
145.000000
156.000000
139.000000
153.000000
141.000000
182.000000
179.000000
182.000000
220.000000
191.000000
238.000000
298.000000
513.000000
441.000000
469.000000
519.000000
542.000000
471.000000
492.000000
475.000000
484.000000
424.000000
375.000000
302.000000
224.000000
241.000000
199.000000
210.000000
213.000000
251.000000
308.000000
276.000000
263.000000
286.000000
326.000000
322.000000
331.000000
353.000000
420.000000
507.000000
545.000000
489.000000
454.000000
494.000000
455.000000
498.000000
377.000000
288.000000
292.000000
245.000000
282.000000
291.000000
258.000000
293.000000
345.000000
362.000000
314.000000
350.000000
374.000000
378.000000
483.000000
500.000000
533.000000
529.000000
563.000000
561.000000
523.000000
726.000000
654.000000
758.000000
606.000000
436.000000
353.000000
320.000000
319.000000
273.000000
312.000000
406.000000
453.000000
467.000000
473.000000
514.000000
486.000000
527.000000
502.000000
624.000000
747.000000
813.000000
855.000000
751.000000
771.000000
877.000000
767.000000
760.000000
652.000000
600.000000
491.000000
544.000000
569.000000
478.000000
653.000000
639.000000
776.000000
878.000000
1058.000000
1030.000000
1018.000000
998.000000
1154.000000
1363.000000
1395.000000
1626.000000
1878.000000
1854.000000
1995.000000
2220.000000
2404.000000
2681.000000
2476.000000
1963.000000
1744.000000
1701.000000
1678.000000
1698.000000
1771.000000
2173.000000
1956.000000
2117.000000
2530.000000
2526.000000
2797.000000
2558.000000
2314.000000
2260.000000
2663.000000
3103.000000
3013.000000
3024.000000
2694.000000
2583.000000
2321.000000
2022.000000
1839.000000
1682.000000
1393.000000
1359.000000
1203.000000
1196.000000
1151.000000
1081.000000
980.000000
1040.000000
1047.000000
1032.000000
1029.000000
1034.000000
1003.000000
1080.000000
1087.000000
1235.000000
1300.000000
1250.000000
1218.000000
1211.000000
1193.000000
1166.000000
986.000000
924.000000
805.000000
755.000000
749.000000
761.000000
678.000000
713.000000
732.000000
797.000000
815.000000
829.000000
870.000000
1043.000000
803.000000
883.000000
937.000000
897.000000
894.000000
829.000000
833.000000
774.000000
798.000000
779.000000
610.000000
560.000000
447.000000
398.000000
398.000000
358.000000
341.000000
350.000000
325.000000
344.000000
362.000000
338.000000
325.000000
332.000000
382.000000
461.000000
409.000000
422.000000
453.000000
459.000000
481.000000
470.000000
362.000000
336.000000
311.000000
260.000000
260.000000
181.000000
235.000000
196.000000
186.000000
208.000000
192.000000
218.000000
218.000000
216.000000
190.000000
214.000000
243.000000
263.000000
289.000000
319.000000
308.000000
345.000000
315.000000
276.000000
276.000000
250.000000
228.000000
209.000000
147.000000
162.000000
146.000000
164.000000
115.000000
173.000000
120.000000
139.000000
171.000000
158.000000
163.000000
187.000000
212.000000
192.000000
183.000000
211.000000
213.000000
230.000000
251.000000
201.000000
225.000000
201.000000
189.000000
156.000000
133.000000
132.000000
125.000000
118.000000
125.000000
127.000000
401.000000
144.000000
154.000000
157.000000
133.000000
144.000000
167.000000
164.000000
181.000000
193.000000
191.000000
169.000000
216.000000
163.000000
166.000000
161.000000
141.000000
128.000000
104.000000
121.000000
115.000000
87.000000
110.000000
106.000000
108.000000
118.000000
104.000000
108.000000
113.000000
129.000000
143.000000
133.000000
169.000000
150.000000
