371.000000
413.000000
431.000000
431.000000
548.000000
731.000000
538.000000
540.000000
511.000000
555.000000
660.000000
698.000000
870.000000
789.000000
931.000000
907.000000
784.000000
766.000000
874.000000
793.000000
707.000000
651.000000
661.000000
718.000000
653.000000
645.000000
482.000000
379.000000
310.000000
266.000000
252.000000
209.000000
291.000000
290.000000
373.000000
437.000000
453.000000
497.000000
528.000000
549.000000
480.000000
549.000000
529.000000
444.000000
439.000000
417.000000
703.000000
501.000000
438.000000
433.000000
324.000000
288.000000
235.000000
185.000000
165.000000
198.000000
224.000000
205.000000
306.000000
376.000000
350.000000
442.000000
439.000000
492.000000
403.000000
388.000000
430.000000
370.000000
428.000000
392.000000
394.000000
418.000000
417.000000
437.000000
343.000000
252.000000
186.000000
183.000000
190.000000
162.000000
172.000000
221.000000
253.000000
351.000000
358.000000
438.000000
441.000000
397.000000
376.000000
437.000000
405.000000
429.000000
388.000000
416.000000
424.000000
418.000000
417.000000
394.000000
297.000000
278.000000
290.000000
221.000000
206.000000
229.000000
191.000000
282.000000
339.000000
412.000000
479.000000
528.000000
472.000000
456.000000
516.000000
564.000000
465.000000
501.000000
524.000000
466.000000
441.000000
468.000000
439.000000
359.000000
339.000000
258.000000
325.000000
213.000000
251.000000
243.000000
240.000000
258.000000
317.000000
415.000000
383.000000
392.000000
512.000000
465.000000
547.000000
420.000000
593.000000
650.000000
556.000000
572.000000
513.000000
548.000000
552.000000
559.000000
504.000000
560.000000
530.000000
560.000000
541.000000
558.000000
576.000000
576.000000
755.000000
1108.000000
1303.000000
1413.000000
1440.000000
1730.000000
1930.000000
2038.000000
1867.000000
2403.000000
2441.000000
2707.000000
2973.000000
7632.000000
8641.000000
7581.000000
6827.000000
5731.000000
4636.000000
3856.000000
3247.000000
3034.000000
3147.000000
3472.000000
4213.000000
4821.000000
4977.000000
4397.000000
4618.000000
3934.000000
3339.000000
3084.000000
3218.000000
2908.000000
2845.000000
2328.000000
2212.000000
2167.000000
2086.000000
1942.000000
1517.000000
2093.000000
1921.000000
1627.000000
1455.000000
1543.000000
1407.000000
1487.000000
1620.000000
1774.000000
1982.000000
1908.000000
1864.000000
1875.000000
1679.000000
1653.000000
1525.000000
2227.000000
2097.000000
1791.000000
1850.000000
1740.000000
1850.000000
1612.000000
1543.000000
1265.000000
1118.000000
909.000000
899.000000
749.000000
759.000000
795.000000
899.000000
1276.000000
1198.000000
1324.000000
1343.000000
1312.000000
1207.000000
1214.000000
1279.000000
1117.000000
1061.000000
997.000000
994.000000
1002.000000
979.000000
893.000000
740.000000
719.000000
601.000000
526.000000
466.000000
445.000000
454.000000
511.000000
630.000000
781.000000
840.000000
860.000000
892.000000
957.000000
879.000000
867.000000
885.000000
854.000000
798.000000
726.000000
600.000000
689.000000
671.000000
649.000000
591.000000
518.000000
408.000000
366.000000
352.000000
372.000000
378.000000
357.000000
461.000000
537.000000
521.000000
528.000000
597.000000
565.000000
527.000000
507.000000
536.000000
556.000000
513.000000
499.000000
477.000000
471.000000
460.000000
505.000000
436.000000
384.000000
305.000000
328.000000
253.000000
224.000000
209.000000
232.000000
315.000000
366.000000
351.000000
395.000000
426.000000
441.000000
397.000000
386.000000
379.000000
378.000000
369.000000
381.000000
389.000000
378.000000
397.000000
381.000000
378.000000
304.000000
284.000000
272.000000
279.000000
214.000000
197.000000
210.000000
286.000000
290.000000
340.000000
392.000000
326.000000
333.000000
293.000000
284.000000
329.000000
292.000000
292.000000
285.000000
323.000000
311.000000
330.000000
