233.000000
273.000000
206.000000
204.000000
236.000000
231.000000
310.000000
305.000000
274.000000
196.000000
188.000000
120.000000
140.000000
150.000000
66.000000
82.000000
69.000000
84.000000
90.000000
119.000000
134.000000
184.000000
226.000000
230.000000
215.000000
211.000000
232.000000
196.000000
226.000000
212.000000
202.000000
186.000000
217.000000
162.000000
220.000000
165.000000
143.000000
118.000000
63.000000
97.000000
102.000000
104.000000
124.000000
109.000000
133.000000
182.000000
242.000000
207.000000
251.000000
220.000000
285.000000
222.000000
243.000000
226.000000
319.000000
326.000000
167.000000
155.000000
152.000000
147.000000
146.000000
77.000000
56.000000
69.000000
75.000000
87.000000
81.000000
130.000000
123.000000
160.000000
188.000000
165.000000
191.000000
188.000000
218.000000
212.000000
184.000000
186.000000
182.000000
196.000000
169.000000
172.000000
160.000000
159.000000
150.000000
94.000000
77.000000
72.000000
106.000000
87.000000
97.000000
115.000000
146.000000
146.000000
234.000000
234.000000
216.000000
253.000000
264.000000
264.000000
275.000000
371.000000
358.000000
351.000000
319.000000
330.000000
333.000000
285.000000
208.000000
234.000000
222.000000
189.000000
169.000000
176.000000
187.000000
251.000000
312.000000
331.000000
454.000000
437.000000
497.000000
606.000000
590.000000
586.000000
657.000000
634.000000
631.000000
566.000000
616.000000
629.000000
629.000000
598.000000
565.000000
494.000000
330.000000
366.000000
392.000000
388.000000
401.000000
479.000000
597.000000
804.000000
942.000000
983.000000
1037.000000
1078.000000
1056.000000
1022.000000
1185.000000
1102.000000
1135.000000
1202.000000
1342.000000
1803.000000
1571.000000
1591.000000
2296.000000
3220.000000
2605.000000
1926.000000
2802.000000
2576.000000
2397.000000
2572.000000
2786.000000
3229.000000
3455.000000
3335.000000
3556.000000
3264.000000
3067.000000
2988.000000
2670.000000
2468.000000
2468.000000
2309.000000
1972.000000
1880.000000
1805.000000
1735.000000
1386.000000
1193.000000
1043.000000
1054.000000
966.000000
950.000000
954.000000
1006.000000
1182.000000
1425.000000
1751.000000
1659.000000
1836.000000
1883.000000
1832.000000
1708.000000
1825.000000
1764.000000
1572.000000
1633.000000
1328.000000
1234.000000
1287.000000
1202.000000
989.000000
991.000000
791.000000
769.000000
747.000000
719.000000
735.000000
698.000000
825.000000
958.000000
1141.000000
1237.000000
1277.000000
1229.000000
1164.000000
1255.000000
1215.000000
1148.000000
1049.000000
979.000000
848.000000
820.000000
735.000000
716.000000
716.000000
654.000000
557.000000
437.000000
414.000000
459.000000
474.000000
550.000000
532.000000
711.000000
731.000000
829.000000
935.000000
938.000000
889.000000
896.000000
794.000000
858.000000
807.000000
772.000000
800.000000
679.000000
850.000000
893.000000
604.000000
516.000000
419.000000
386.000000
382.000000
365.000000
399.000000
437.000000
457.000000
589.000000
624.000000
767.000000
796.000000
866.000000
750.000000
775.000000
791.000000
812.000000
801.000000
746.000000
680.000000
753.000000
705.000000
698.000000
577.000000
496.000000
538.000000
440.000000
397.000000
385.000000
400.000000
474.000000
547.000000
685.000000
830.000000
868.000000
1014.000000
973.000000
916.000000
889.000000
919.000000
896.000000
808.000000
727.000000
750.000000
616.000000
590.000000
613.000000
543.000000
474.000000
428.000000
344.000000
335.000000
299.000000
357.000000
386.000000
438.000000
597.000000
689.000000
732.000000
801.000000
732.000000
884.000000
953.000000
892.000000
861.000000
786.000000
758.000000
749.000000
598.000000
642.000000
548.000000
471.000000
459.000000
355.000000
299.000000
282.000000
261.000000
300.000000
295.000000
417.000000
498.000000
627.000000
604.000000
734.000000
