175.000000
146.000000
136.000000
111.000000
73.000000
62.000000
82.000000
59.000000
44.000000
46.000000
83.000000
113.000000
150.000000
161.000000
174.000000
193.000000
144.000000
150.000000
212.000000
178.000000
166.000000
159.000000
159.000000
167.000000
150.000000
141.000000
134.000000
114.000000
90.000000
71.000000
53.000000
49.000000
61.000000
40.000000
70.000000
80.000000
113.000000
134.000000
145.000000
155.000000
149.000000
121.000000
146.000000
170.000000
174.000000
169.000000
170.000000
181.000000
150.000000
181.000000
142.000000
105.000000
84.000000
54.000000
68.000000
54.000000
64.000000
47.000000
89.000000
84.000000
155.000000
188.000000
156.000000
147.000000
169.000000
163.000000
198.000000
227.000000
192.000000
213.000000
161.000000
148.000000
178.000000
194.000000
155.000000
138.000000
113.000000
70.000000
81.000000
57.000000
58.000000
74.000000
89.000000
99.000000
135.000000
126.000000
157.000000
210.000000
226.000000
204.000000
213.000000
260.000000
204.000000
202.000000
198.000000
277.000000
254.000000
265.000000
227.000000
221.000000
190.000000
132.000000
127.000000
101.000000
116.000000
146.000000
190.000000
190.000000
207.000000
363.000000
346.000000
368.000000
383.000000
383.000000
333.000000
398.000000
406.000000
329.000000
342.000000
345.000000
339.000000
364.000000
298.000000
256.000000
189.000000
179.000000
146.000000
115.000000
128.000000
93.000000
114.000000
199.000000
236.000000
281.000000
391.000000
362.000000
397.000000
398.000000
398.000000
444.000000
455.000000
486.000000
541.000000
552.000000
498.000000
433.000000
445.000000
389.000000
382.000000
321.000000
256.000000
237.000000
253.000000
308.000000
380.000000
568.000000
821.000000
989.000000
1019.000000
1094.000000
1129.000000
1227.000000
1225.000000
1398.000000
4083.000000
4607.000000
4746.000000
5306.000000
5831.000000
5732.000000
5228.000000
3768.000000
2972.000000
2407.000000
1995.000000
1819.000000
1616.000000
1813.000000
2407.000000
2812.000000
3076.000000
2848.000000
2618.000000
2568.000000
2722.000000
2589.000000
2673.000000
2395.000000
2394.000000
2297.000000
2226.000000
2037.000000
1943.000000
1872.000000
1575.000000
1283.000000
1055.000000
895.000000
679.000000
825.000000
615.000000
572.000000
699.000000
746.000000
791.000000
874.000000
936.000000
942.000000
974.000000
992.000000
954.000000
964.000000
936.000000
990.000000
996.000000
879.000000
750.000000
760.000000
622.000000
542.000000
460.000000
401.000000
356.000000
296.000000
265.000000
240.000000
332.000000
319.000000
435.000000
438.000000
473.000000
433.000000
515.000000
520.000000
472.000000
507.000000
497.000000
460.000000
460.000000
431.000000
441.000000
477.000000
425.000000
401.000000
234.000000
246.000000
241.000000
194.000000
183.000000
177.000000
218.000000
278.000000
308.000000
286.000000
352.000000
359.000000
410.000000
405.000000
431.000000
402.000000
445.000000
458.000000
462.000000
390.000000
418.000000
407.000000
422.000000
319.000000
270.000000
236.000000
155.000000
225.000000
204.000000
167.000000
191.000000
245.000000
255.000000
271.000000
294.000000
265.000000
281.000000
340.000000
432.000000
616.000000
587.000000
631.000000
570.000000
605.000000
544.000000
494.000000
488.000000
373.000000
386.000000
316.000000
291.000000
253.000000
274.000000
222.000000
236.000000
264.000000
274.000000
355.000000
346.000000
330.000000
315.000000
331.000000
390.000000
341.000000
437.000000
462.000000
446.000000
395.000000
443.000000
390.000000
367.000000
320.000000
272.000000
260.000000
261.000000
245.000000
225.000000
182.000000
250.000000
199.000000
256.000000
286.000000
299.000000
330.000000
338.000000
332.000000
365.000000
361.000000
408.000000
370.000000
433.000000
427.000000
402.000000
