159.000000
161.000000
147.000000
127.000000
123.000000
163.000000
152.000000
115.000000
89.000000
85.000000
80.000000
54.000000
66.000000
73.000000
61.000000
91.000000
118.000000
147.000000
148.000000
164.000000
155.000000
190.000000
178.000000
152.000000
183.000000
173.000000
155.000000
152.000000
149.000000
190.000000
194.000000
147.000000
124.000000
105.000000
76.000000
88.000000
71.000000
56.000000
65.000000
88.000000
123.000000
155.000000
179.000000
178.000000
149.000000
141.000000
191.000000
205.000000
188.000000
218.000000
216.000000
155.000000
231.000000
182.000000
205.000000
137.000000
123.000000
97.000000
94.000000
70.000000
78.000000
79.000000
89.000000
99.000000
106.000000
152.000000
169.000000
159.000000
193.000000
197.000000
205.000000
266.000000
261.000000
295.000000
263.000000
257.000000
295.000000
357.000000
360.000000
287.000000
249.000000
243.000000
194.000000
135.000000
124.000000
135.000000
160.000000
151.000000
221.000000
204.000000
229.000000
252.000000
271.000000
328.000000
320.000000
370.000000
385.000000
366.000000
366.000000
341.000000
411.000000
326.000000
352.000000
302.000000
217.000000
184.000000
150.000000
152.000000
129.000000
131.000000
185.000000
200.000000
277.000000
396.000000
408.000000
347.000000
339.000000
342.000000
364.000000
383.000000
355.000000
409.000000
384.000000
326.000000
322.000000
339.000000
313.000000
274.000000
203.000000
194.000000
141.000000
104.000000
112.000000
154.000000
151.000000
193.000000
261.000000
349.000000
443.000000
370.000000
383.000000
426.000000
441.000000
445.000000
430.000000
448.000000
446.000000
498.000000
514.000000
573.000000
551.000000
472.000000
414.000000
464.000000
375.000000
273.000000
280.000000
340.000000
476.000000
680.000000
982.000000
1244.000000
1615.000000
1519.000000
1591.000000
1638.000000
1677.000000
1674.000000
2301.000000
2207.000000
2232.000000
2226.000000
2284.000000
2166.000000
2196.000000
1998.000000
1594.000000
1095.000000
922.000000
822.000000
673.000000
692.000000
805.000000
1045.000000
1172.000000
1206.000000
1240.000000
973.000000
1001.000000
1104.000000
1106.000000
1052.000000
989.000000
994.000000
972.000000
997.000000
1049.000000
1021.000000
950.000000
858.000000
666.000000
550.000000
460.000000
369.000000
319.000000
328.000000
381.000000
393.000000
452.000000
490.000000
522.000000
504.000000
529.000000
489.000000
459.000000
456.000000
476.000000
460.000000
433.000000
496.000000
463.000000
488.000000
527.000000
480.000000
355.000000
337.000000
278.000000
235.000000
182.000000
177.000000
187.000000
225.000000
247.000000
264.000000
307.000000
304.000000
335.000000
311.000000
300.000000
330.000000
296.000000
327.000000
303.000000
257.000000
356.000000
296.000000
342.000000
298.000000
288.000000
239.000000
160.000000
185.000000
181.000000
136.000000
168.000000
171.000000
211.000000
205.000000
248.000000
212.000000
244.000000
249.000000
235.000000
208.000000
279.000000
246.000000
271.000000
263.000000
265.000000
285.000000
264.000000
246.000000
269.000000
234.000000
192.000000
191.000000
161.000000
145.000000
181.000000
207.000000
272.000000
254.000000
287.000000
293.000000
294.000000
340.000000
308.000000
319.000000
378.000000
333.000000
301.000000
264.000000
366.000000
331.000000
314.000000
312.000000
227.000000
203.000000
162.000000
139.000000
150.000000
137.000000
138.000000
190.000000
235.000000
261.000000
269.000000
237.000000
261.000000
280.000000
252.000000
257.000000
266.000000
301.000000
276.000000
260.000000
297.000000
259.000000
281.000000
218.000000
168.000000
158.000000
127.000000
128.000000
115.000000
117.000000
130.000000
144.000000
168.000000
168.000000
189.000000
223.000000
220.000000
212.000000
233.000000
251.000000
235.000000
