110.000000
104.000000
92.000000
93.000000
76.000000
47.000000
30.000000
38.000000
42.000000
33.000000
48.000000
45.000000
60.000000
95.000000
71.000000
106.000000
105.000000
119.000000
123.000000
113.000000
119.000000
91.000000
107.000000
102.000000
98.000000
102.000000
97.000000
62.000000
64.000000
53.000000
33.000000
37.000000
32.000000
31.000000
32.000000
37.000000
61.000000
90.000000
111.000000
111.000000
101.000000
111.000000
88.000000
142.000000
112.000000
141.000000
116.000000
100.000000
93.000000
122.000000
115.000000
82.000000
58.000000
23.000000
35.000000
34.000000
31.000000
54.000000
37.000000
54.000000
80.000000
87.000000
90.000000
112.000000
125.000000
85.000000
88.000000
131.000000
145.000000
111.000000
112.000000
97.000000
133.000000
115.000000
97.000000
85.000000
76.000000
78.000000
49.000000
36.000000
46.000000
37.000000
42.000000
55.000000
80.000000
71.000000
94.000000
96.000000
126.000000
94.000000
102.000000
91.000000
119.000000
126.000000
123.000000
144.000000
129.000000
112.000000
120.000000
94.000000
87.000000
59.000000
43.000000
59.000000
50.000000
54.000000
51.000000
63.000000
80.000000
82.000000
103.000000
110.000000
112.000000
117.000000
99.000000
122.000000
110.000000
134.000000
133.000000
126.000000
153.000000
182.000000
176.000000
123.000000
129.000000
81.000000
61.000000
75.000000
69.000000
58.000000
66.000000
93.000000
145.000000
186.000000
225.000000
256.000000
237.000000
280.000000
295.000000
263.000000
327.000000
305.000000
306.000000
337.000000
376.000000
391.000000
385.000000
360.000000
291.000000
227.000000
207.000000
237.000000
283.000000
264.000000
314.000000
414.000000
503.000000
505.000000
530.000000
542.000000
552.000000
552.000000
586.000000
601.000000
779.000000
808.000000
1122.000000
1121.000000
1145.000000
1073.000000
966.000000
883.000000
810.000000
608.000000
595.000000
482.000000
418.000000
500.000000
594.000000
692.000000
895.000000
883.000000
921.000000
816.000000
825.000000
815.000000
820.000000
878.000000
876.000000
738.000000
746.000000
733.000000
680.000000
596.000000
674.000000
559.000000
457.000000
375.000000
292.000000
263.000000
252.000000
267.000000
308.000000
395.000000
465.000000
535.000000
570.000000
569.000000
584.000000
546.000000
603.000000
607.000000
606.000000
656.000000
657.000000
642.000000
624.000000
598.000000
565.000000
431.000000
334.000000
209.000000
232.000000
158.000000
162.000000
170.000000
233.000000
258.000000
361.000000
333.000000
411.000000
454.000000
469.000000
466.000000
490.000000
528.000000
522.000000
476.000000
529.000000
464.000000
528.000000
716.000000
725.000000
594.000000
466.000000
289.000000
215.000000
203.000000
179.000000
199.000000
189.000000
236.000000
239.000000
286.000000
287.000000
303.000000
274.000000
313.000000
276.000000
283.000000
313.000000
312.000000
313.000000
340.000000
339.000000
285.000000
270.000000
216.000000
208.000000
144.000000
482.000000
477.000000
539.000000
533.000000
477.000000
495.000000
450.000000
394.000000
349.000000
372.000000
361.000000
365.000000
394.000000
432.000000
471.000000
456.000000
424.000000
410.000000
504.000000
461.000000
418.000000
423.000000
314.000000
306.000000
236.000000
233.000000
227.000000
223.000000
218.000000
236.000000
254.000000
297.000000
341.000000
337.000000
379.000000
346.000000
364.000000
433.000000
443.000000
380.000000
383.000000
363.000000
321.000000
372.000000
339.000000
259.000000
268.000000
201.000000
164.000000
147.000000
105.000000
107.000000
116.000000
175.000000
178.000000
221.000000
248.000000
236.000000
248.000000
272.000000
244.000000
242.000000
281.000000
294.000000
301.000000
326.000000
339.000000
