88.000000
65.000000
73.000000
85.000000
61.000000
77.000000
63.000000
46.000000
48.000000
35.000000
46.000000
54.000000
57.000000
62.000000
96.000000
82.000000
90.000000
96.000000
109.000000
157.000000
113.000000
95.000000
95.000000
93.000000
75.000000
99.000000
81.000000
61.000000
82.000000
52.000000
44.000000
41.000000
26.000000
34.000000
48.000000
46.000000
57.000000
57.000000
76.000000
79.000000
109.000000
147.000000
120.000000
92.000000
101.000000
104.000000
150.000000
99.000000
85.000000
86.000000
78.000000
69.000000
69.000000
46.000000
51.000000
32.000000
45.000000
36.000000
22.000000
40.000000
54.000000
59.000000
89.000000
128.000000
115.000000
122.000000
100.000000
152.000000
126.000000
124.000000
108.000000
163.000000
128.000000
76.000000
119.000000
116.000000
83.000000
100.000000
63.000000
55.000000
40.000000
53.000000
47.000000
43.000000
55.000000
68.000000
86.000000
110.000000
116.000000
124.000000
140.000000
173.000000
178.000000
141.000000
170.000000
121.000000
146.000000
154.000000
137.000000
98.000000
95.000000
87.000000
76.000000
75.000000
53.000000
66.000000
52.000000
66.000000
73.000000
83.000000
113.000000
127.000000
160.000000
183.000000
129.000000
149.000000
129.000000
146.000000
160.000000
154.000000
131.000000
140.000000
112.000000
105.000000
167.000000
99.000000
69.000000
70.000000
49.000000
51.000000
53.000000
45.000000
55.000000
83.000000
75.000000
88.000000
96.000000
112.000000
119.000000
123.000000
123.000000
129.000000
152.000000
203.000000
217.000000
201.000000
203.000000
194.000000
156.000000
133.000000
179.000000
168.000000
154.000000
169.000000
160.000000
164.000000
175.000000
224.000000
277.000000
333.000000
435.000000
472.000000
486.000000
559.000000
840.000000
1630.000000
2999.000000
3847.000000
4124.000000
2706.000000
2345.000000
1994.000000
1624.000000
1223.000000
938.000000
784.000000
642.000000
522.000000
548.000000
598.000000
763.000000
920.000000
935.000000
1106.000000
1127.000000
1029.000000
948.000000
935.000000
883.000000
830.000000
779.000000
720.000000
700.000000
652.000000
621.000000
577.000000
767.000000
580.000000
527.000000
445.000000
427.000000
406.000000
395.000000
401.000000
385.000000
421.000000
424.000000
505.000000
384.000000
411.000000
472.000000
533.000000
455.000000
539.000000
524.000000
519.000000
437.000000
426.000000
394.000000
384.000000
380.000000
295.000000
258.000000
232.000000
170.000000
223.000000
165.000000
154.000000
195.000000
196.000000
271.000000
301.000000
294.000000
356.000000
269.000000
253.000000
200.000000
185.000000
188.000000
179.000000
164.000000
151.000000
96.000000
110.000000
117.000000
100.000000
101.000000
68.000000
72.000000
234.000000
46.000000
40.000000
78.000000
88.000000
99.000000
140.000000
138.000000
117.000000
142.000000
129.000000
146.000000
167.000000
164.000000
113.000000
116.000000
115.000000
128.000000
107.000000
106.000000
81.000000
72.000000
57.000000
52.000000
19.000000
36.000000
36.000000
56.000000
59.000000
65.000000
63.000000
90.000000
79.000000
85.000000
91.000000
75.000000
91.000000
84.000000
78.000000
83.000000
70.000000
90.000000
70.000000
74.000000
54.000000
79.000000
47.000000
45.000000
42.000000
40.000000
36.000000
34.000000
28.000000
35.000000
58.000000
56.000000
50.000000
50.000000
57.000000
57.000000
62.000000
65.000000
58.000000
65.000000
62.000000
72.000000
78.000000
66.000000
44.000000
30.000000
34.000000
55.000000
22.000000
31.000000
27.000000
36.000000
33.000000
40.000000
37.000000
46.000000
56.000000
41.000000
40.000000
54.000000
83.000000
86.000000
64.000000
96.000000
