445.000000
566.000000
524.000000
507.000000
469.000000
440.000000
377.000000
311.000000
264.000000
241.000000
260.000000
259.000000
237.000000
224.000000
320.000000
395.000000
397.000000
419.000000
445.000000
433.000000
438.000000
509.000000
558.000000
490.000000
491.000000
519.000000
539.000000
584.000000
550.000000
496.000000
371.000000
276.000000
312.000000
268.000000
247.000000
219.000000
205.000000
233.000000
282.000000
317.000000
351.000000
362.000000
380.000000
435.000000
492.000000
478.000000
495.000000
557.000000
563.000000
502.000000
522.000000
477.000000
489.000000
494.000000
491.000000
317.000000
328.000000
290.000000
236.000000
243.000000
207.000000
294.000000
311.000000
389.000000
403.000000
483.000000
475.000000
503.000000
599.000000
627.000000
761.000000
685.000000
646.000000
612.000000
590.000000
650.000000
688.000000
637.000000
517.000000
409.000000
389.000000
294.000000
313.000000
310.000000
255.000000
314.000000
399.000000
466.000000
446.000000
444.000000
520.000000
502.000000
611.000000
686.000000
697.000000
611.000000
616.000000
529.000000
692.000000
667.000000
696.000000
531.000000
506.000000
424.000000
334.000000
418.000000
360.000000
314.000000
335.000000
362.000000
502.000000
548.000000
547.000000
634.000000
666.000000
725.000000
875.000000
864.000000
817.000000
944.000000
886.000000
915.000000
923.000000
866.000000
760.000000
772.000000
687.000000
599.000000
634.000000
499.000000
479.000000
398.000000
405.000000
481.000000
615.000000
682.000000
852.000000
941.000000
1049.000000
1126.000000
1192.000000
1195.000000
1207.000000
1400.000000
1457.000000
1395.000000
1534.000000
1378.000000
1449.000000
1409.000000
1219.000000
989.000000
967.000000
894.000000
1035.000000
990.000000
1151.000000
1135.000000
1391.000000
1613.000000
1912.000000
2123.000000
2205.000000
2404.000000
2249.000000
2431.000000
2846.000000
3478.000000
14756.000000
14295.000000
12030.000000
12189.000000
11126.000000
10950.000000
8483.000000
7117.000000
5858.000000
5049.000000
4712.000000
4500.000000
4767.000000
5922.000000
6652.000000
6957.000000
6553.000000
6030.000000
5708.000000
6053.000000
8236.000000
8266.000000
7883.000000
7175.000000
6828.000000
6474.000000
6339.000000
5741.000000
5164.000000
4697.000000
3760.000000
3221.000000
3019.000000
2734.000000
2414.000000
2322.000000
2318.000000
2156.000000
2432.000000
2476.000000
2486.000000
2504.000000
2546.000000
2870.000000
2883.000000
2935.000000
3022.000000
2903.000000
3324.000000
3162.000000
3166.000000
3010.000000
2731.000000
2400.000000
2070.000000
1720.000000
1452.000000
1469.000000
1400.000000
1361.000000
1118.000000
1213.000000
1249.000000
1370.000000
1323.000000
1470.000000
1402.000000
1511.000000
1887.000000
1845.000000
1886.000000
1624.000000
1572.000000
1477.000000
1541.000000
1534.000000
1572.000000
1310.000000
1044.000000
887.000000
936.000000
835.000000
817.000000
731.000000
672.000000
693.000000
734.000000
773.000000
765.000000
884.000000
905.000000
983.000000
1061.000000
1132.000000
1187.000000
1234.000000
1162.000000
1088.000000
1090.000000
1153.000000
1082.000000
986.000000
957.000000
725.000000
658.000000
577.000000
614.000000
519.000000
526.000000
616.000000
612.000000
584.000000
699.000000
672.000000
634.000000
742.000000
851.000000
951.000000
933.000000
995.000000
924.000000
945.000000
913.000000
913.000000
868.000000
718.000000
681.000000
542.000000
613.000000
446.000000
499.000000
417.000000
421.000000
352.000000
427.000000
503.000000
493.000000
510.000000
588.000000
510.000000
565.000000
625.000000
706.000000
742.000000
698.000000
730.000000
736.000000
686.000000
701.000000
653.000000
565.000000
530.000000
438.000000
468.000000
468.000000
444.000000
557.000000
417.000000
453.000000
430.000000
456.000000
531.000000
544.000000
528.000000
579.000000
648.000000
655.000000
793.000000
738.000000
