25   226.735300
26   209.003724
27   189.398371
28   169.255314
29   149.947268
30   132.790046
31   118.952883
32   109.378760
33   104.720137
34   105.294491
35   111.062681
36   121.631615
37   136.281037
38   154.012613
39   173.617966
40   193.761023
41   213.069069
42   230.226291
43   244.063453
44   253.637577
45   258.296200
46   257.721846
47   251.953656
48   241.384722
49   226.735300
50   209.003724
51   189.398371
52   169.255314
53   149.947268
54   132.790046
55   118.952883
56   109.378760
57   104.720137
58   105.294491
59   111.062681
60   121.631615
61   136.281037
62   154.012613
63   173.617966
64   193.761023
65   213.069069
66   230.226291
67   244.063453
68   253.637577
69   258.296200
70   257.721846
71   251.953656
72   241.384722
73   226.735300
74   209.003724
75   189.398371
76   169.255314
77   149.947268
78   132.790046
79   118.952883
80   109.378760
81   104.720137
82   105.294491
83   111.062681
84   121.631615
85   136.281037
86   154.012613
87   173.617966
88   193.761023
89   213.069069
90   230.226291
91   244.063453
92   253.637577
93   258.296200
94   257.721846
95   251.953656
96   241.384722
97   226.735300
98   209.003724
99   189.398371
100   169.255314
101   149.947268
102   132.790046
103   118.952883
104   109.378760
105   104.720137
106   105.294491
107   111.062681
108   121.631615
109   136.281037
110   154.012613
111   173.617966
112   193.761023
113   213.069069
114   230.226291
115   244.063453
116   253.637577
117   258.296200
118   257.721846
119   251.953656
120   241.384722
121   226.735300
122   209.003724
123   189.398371
124   169.255314
125   149.947268
126   132.790046
127   118.952883
128   109.378760
129   104.720137
130   105.294491
131   111.062681
132   121.631615
133   136.281037
134   154.012613
135   173.617966
136   193.761023
137   213.069069
138   230.226291
139   244.063453
140   253.637577
141   258.296200
142   257.721846
143   251.953656
144   241.384722
145   226.735300
146   209.003724
147   189.398371
148   169.255314
149   149.947268
150   132.790046
151   118.952883
152   109.378760
153   104.720137
154   105.294491
155   111.062681
156   121.631615
157   136.281037
158   154.012613
159   173.617966
160   193.761023
161   213.069069
162   230.226291
163   244.063453
164   253.637577
165   258.296200
166   257.721846
167   251.953656
168   241.384722
