25   173.548885
26   155.288162
27   139.801975
28   128.289246
29   117.120808
30   110.180886
31   102.916694
32   99.075289
33   96.188953
34   97.855674
35   100.149798
36   102.211275
37   104.807071
38   106.038115
39   111.552971
40   116.598363
41   120.725632
42   124.224753
43   128.608704
44   128.626390
45   130.033935
46   132.471413
47   134.352371
48   133.475043
49   125.155858
50   114.608652
51   106.719462
52   98.308511
53   92.282997
54   93.011398
55   82.712612
56   78.760731
57   78.679380
58   78.699168
59   80.478571
60   82.616247
61   85.120095
62   89.087670
63   93.596232
64   98.834521
65   103.574382
66   108.055105
67   111.747466
68   119.245150
69   121.203716
70   122.212650
71   117.984045
72   115.643551
73   108.434177
74   98.511819
75   89.388887
76   81.782743
77   75.758225
78   70.966852
79   67.231193
80   65.166494
81   65.788573
82   65.621014
83   68.067173
84   70.859592
85   73.010153
86   76.951241
87   84.399481
88   89.164239
89   98.400058
90   105.186357
91   108.571065
92   112.764344
93   117.018057
94   120.706061
95   116.777068
96   113.851035
97   103.664651
98   93.963233
99   83.495226
100   75.404376
101   70.867186
102   66.172400
103   62.880434
104   61.955619
105   61.689697
106   62.454203
107   64.813006
108   67.059155
109   69.005309
110   79.689562
111   85.327945
112   86.834611
113   91.731621
114   95.106709
115   102.986924
116   108.983550
117   106.353313
118   102.403305
119   98.307351
120   99.324160
121   92.772463
122   82.117961
123   74.127310
124   67.526466
125   64.266516
126   60.268560
127   58.593796
128   55.299848
129   55.468750
130   57.208975
131   59.215655
132   62.515042
133   65.116124
134   72.373697
135   74.763496
136   81.013880
137   82.291602
138   85.343392
139   84.830560
140   85.619475
141   87.338143
142   89.834395
143   94.949187
144   98.403652
145   103.583695
146   84.666837
147   72.385479
148   65.349390
149   61.805101
150   58.978831
151   56.609085
152   55.690158
153   54.769651
154   56.723392
155   59.431853
156   62.201746
157   64.685709
158   67.239510
159   70.577557
160   75.102403
161   78.795161
162   81.847850
163   84.088438
164   86.150097
165   87.803480
166   89.758770
167   95.265634
168   99.852815
