1   753.0
2   380.0
3   240.0
4   214.0
5   150.0
6   167.0
7   151.0
8   161.0
9   163.0
10   142.0
11   172.0
12   169.0
13   191.0
14   150.0
15   209.0
16   180.0
17   218.0
18   210.0
19   241.0
20   244.0
21   193.0
22   200.0
23   234.0
24   241.0
25   234.0
26   198.0
27   174.0
28   135.0
29   111.0
30   91.0
31   117.0
32   111.0
33   94.0
34   78.0
35   115.0
36   120.0
37   147.0
38   164.0
39   177.0
40   189.0
41   173.0
42   197.0
43   255.0
44   173.0
45   199.0
46   187.0
47   226.0
48   201.0
49   163.0
50   155.0
51   146.0
52   99.0
53   92.0
54   88.0
55   90.0
56   75.0
57   89.0
58   103.0
59   105.0
60   117.0
61   120.0
62   158.0
63   155.0
64   165.0
65   261.0
66   217.0
67   173.0
68   197.0
69   254.0
70   228.0
71   233.0
72   223.0
73   254.0
74   198.0
75   166.0
76   147.0
77   120.0
78   92.0
79   109.0
80   99.0
81   104.0
82   108.0
83   105.0
84   126.0
85   131.0
86   127.0
87   172.0
88   212.0
89   238.0
90   238.0
91   254.0
92   297.0
93   502.0
94   631.0
95   368.0
96   299.0
97   281.0
98   229.0
99   211.0
100   149.0
101   164.0
102   144.0
103   165.0
104   129.0
105   128.0
106   131.0
107   139.0
108   139.0
109   170.0
110   202.0
111   178.0
112   200.0
113   202.0
114   204.0
115   221.0
116   226.0
117   259.0
118   252.0
119   215.0
120   276.0
121   269.0
122   247.0
123   198.0
124   178.0
125   150.0
126   123.0
127   142.0
128   94.0
129   104.0
130   102.0
131   110.0
132   141.0
133   154.0
134   147.0
135   173.0
136   190.0
137   226.0
138   237.0
139   232.0
140   311.0
141   276.0
142   250.0
143   275.0
144   300.0
145   304.0
146   275.0
147   209.0
148   169.0
149   116.0
150   133.0
151   124.0
152   125.0
153   124.0
154   165.0
155   120.0
156   197.0
157   222.0
158   281.0
159   266.0
160   308.0
161   273.0
162   248.0
163   292.0
164   275.0
165   255.0
166   268.0
167   303.0
168   476.0
