25  126.842431
26  124.480818
27  122.249865
28  120.137892
29  118.134634
30  116.231026
31  114.419030
32  112.691490
33  111.042008
34  109.464848
35  107.954849
36  106.507351
37  105.118136
38  103.783375
39  102.499582
40  101.263578
41  100.072454
42  98.923544
43  97.814400
44  96.742767
45  95.706566
46  94.703877
47  93.732922
48  92.792053
49  91.879739
50  90.994558
51  90.135182
52  89.300377
53  88.488986
54  87.699930
55  86.932196
56  86.184837
57  85.456962
58  84.747735
59  84.056368
60  83.382120
61  82.724292
62  82.082225
63  81.455297
64  80.842918
65  80.244531
66  79.659608
67  79.087650
68  78.528181
69  77.980752
70  77.444934
71  76.920321
72  76.406524
73  75.903176
74  75.409925
75  74.926437
76  74.452391
77  73.987482
78  73.531420
79  73.083926
80  72.644732
81  72.213585
82  71.790241
83  71.374465
84  70.966033
85  70.564731
86  70.170352
87  69.782699
88  69.401581
89  69.026816
90  68.658228
91  68.295649
92  67.938917
93  67.587874
94  67.242370
95  66.902261
96  66.567407
97  66.237673
98  65.912929
99  65.593050
100  65.277915
101  64.967408
102  64.661415
103  64.359827
104  64.062540
105  63.769451
106  63.480462
107  63.195478
108  62.914407
109  62.637159
110  62.363648
111  62.093791
112  61.827506
113  61.564714
114  61.305341
115  61.049311
116  60.796553
117  60.546998
118  60.300578
119  60.057228
120  59.816885
121  59.579485
122  59.344970
123  59.113282
124  58.884363
125  58.658159
126  58.434615
127  58.213681
128  57.995305
129  57.779438
130  57.566033
131  57.355042
132  57.146419
133  56.940122
134  56.736107
135  56.534331
136  56.334754
137  56.137335
138  55.942037
139  55.748821
140  55.557651
141  55.368490
142  55.181302
143  54.996055
144  54.812714
145  54.631246
146  54.451620
147  54.273806
148  54.097771
149  53.923487
150  53.750925
151  53.580056
152  53.410852
153  53.243288
154  53.077335
155  52.912969
156  52.750164
157  52.588895
158  52.429139
159  52.270871
160  52.114069
161  51.958710
162  51.804772
163  51.652233
164  51.501072
165  51.351268
166  51.202801
167  51.055652
168  50.909800
