25  231.839831
26  213.602764
27  193.142170
28  172.107955
29  152.074510
30  134.394519
31  120.113137
32  109.941172
33  104.272088
34  103.222229
35  106.675480
36  114.319668
37  125.669092
38  140.073931
39  156.722137
40  174.642807
41  192.721895
42  209.740937
43  224.446474
44  235.651374
45  242.359694
46  243.896186
47  240.013876
48  230.952390
49  217.428267
50  200.554534
51  181.705062
52  162.352565
53  143.912810
54  127.621190
55  114.455091
56  105.101870
57  99.962288
58  99.174822
59  102.646970
60  110.083519
61  121.006940
62  134.770067
63  150.565390
64  167.438199
65  184.312198
66  200.035551
67  213.452047
68  223.496085
69  229.302264
70  230.312578
71  226.359643
72  217.705698
73  205.025177
74  189.331468
75  171.861612
76  153.941547
77  136.856260
78  121.744119
79  109.525643
80  100.867418
81  96.174760
82  95.603203
83  99.078832
84  106.319826
85  116.855195
86  130.040516
87  145.073873
88  161.017534
89  176.831860
90  191.426880
91  203.733728
92  212.792837
93  217.849476
94  218.441818
95  214.464424
96  206.192601
97  194.260280
98  179.594001
99  163.314855
100  146.625859
101  130.702786
102  116.602612
103  105.197421
104  97.135165
105  92.823685
106  92.431709
107  95.900062
108  102.957569
109  113.138513
110  125.801253
111  140.150156
112  155.264798
113  170.140824
114  183.745650
115  195.089093
116  203.304589
117  207.731905
118  207.988756
119  204.018252
120  196.102137
121  184.836075
122  171.070601
123  155.827720
124  140.206401
125  125.290122
126  112.066688
127  101.366383
128  93.820268
129  89.837201
130  89.596146
131  93.049692
132  99.935191
133  109.791236
134  121.978987
135  135.709571
136  150.079924
137  164.119512
138  176.849019
139  187.349387
140  194.836068
141  198.730036
142  198.715284
143  194.773164
144  187.187222
145  176.517325
146  163.547187
147  149.213443
148  134.526122
149  120.489839
150  108.032934
151  97.949186
152  90.854217
153  87.156774
154  87.043764
155  90.477224
156  97.201384
157  106.758405
158  118.512279
159  131.681218
160  145.379411
161  158.668671
162  170.619203
163  180.376472
164  187.228607
165  190.666799
166  190.430618
167  186.531644
168  179.251976
