Peak/peak_1.txt    0.385322  17.074659  202.192862  3.979293  51.400810  864.400960  99.684909  21.770835  0.040167
Peak/peak_2.txt    0.422165  20.680930  5298.279987  656.267615  10.506663  16969.102017  610.899433  13.637435  0.046517
Peak/peak_3.txt    0.534262  17.454173  2668.921363  54.453826  8.482080  1609.778547  159.803421  5.888885  0.126483
Peak/peak_4.txt    0.340729  15.830176  2460.721232  482.166795  3.264707  2601.065480  103.383022  18.267397  0.078494
Peak/peak_5.txt    0.468414  15.263326  497.802426  41.637524  35.574169  364.627822  56.406720  17.748102  0.096729
Peak/peak_6.txt    0.511467  16.685143  430.556580  95.547648  11.727894  1584.962038  174.602898  24.140298  0.127877
Peak/peak_7.txt    0.478489  15.011185  627.652359  76.986798  4.034470  1626.112078  55.352904  15.081025  0.048347
Peak/peak_8.txt    0.235482  10.212161  5392.737905  339.855017  2.631392  983.055148  61.296863  49.225887  0.184082
Peak/peak_9.txt    0.632569  16.429068  813.296116  29.821340  1.921587  585.941944  15.388355  10.138570  0.076604
Peak/peak_10.txt    0.307321  16.940407  4735.617722  201.076065  3.767215  3224.162562  276.673620  22.621420  0.072450
Peak/peak_11.txt    0.478595  8.909021  1764.758137  61.115242  12.719617  1927.595934  77.308060  12.184081  0.031719
Peak/peak_12.txt    0.342120  16.553867  11438.160155  680.133103  18.558002  14879.370993  1160.605666  5.282651  0.116577
Peak/peak_13.txt    0.182629  20.679334  1908.095559  53.797581  13.312057  2034.672274  173.076320  22.057331  0.027521
Peak/peak_14.txt    0.143254  10.330360  3973.204733  348.411097  10.045740  2866.188372  452.314787  36.426698  0.065965
Peak/peak_15.txt    0.390127  18.832713  306.599249  24.146018  10.498734  340.239378  32.760178  15.602018  0.082545
Peak/peak_16.txt    0.619166  14.418966  398.674556  48.109552  24.236448  1417.260497  50.658715  11.020014  0.068230
Peak/peak_17.txt    0.297827  17.258546  1501.362019  61.647304  14.882372  1135.324695  36.314643  39.144929  0.060461
Peak/peak_18.txt    0.308940  9.991650  1500.662586  61.910594  12.264972  1200.811791  49.578864  19.746195  0.038297
Peak/peak_19.txt    0.540306  15.141860  1197.042501  57.035968  4.274377  1349.448629  45.018303  12.695202  0.044461
Peak/peak_20.txt    0.472457  16.415690  872.794335  123.577161  8.525752  2211.037814  68.287018  24.010202  0.058696
Peak/peak_21.txt    0.376616  17.622174  15608.020232  980.624948  2.965902  16217.550034  312.138370  13.300502  0.057382
Peak/peak_22.txt    0.367899  18.964828  3811.043697  67.189025  2.622965  8355.064767  230.459312  1.076554  0.103420
Peak/peak_23.txt    0.793994  6.125338  9201.403158  476.464480  1.741098  14983.864504  171.041376  6.122053  0.208466
Peak/peak_24.txt    0.180299  7.820120  1344.080837  137.426144  24.662952  1872.904047  103.779545  20.124203  0.105088
Peak/peak_25.txt    0.233578  6.956595  6535.346639  474.696481  14.451650  8325.436068  536.693691  24.832972  0.035578
Peak/peak_26.txt    0.564856  15.476841  703.167710  60.779038  4.804980  1092.758341  63.392972  20.106805  0.065091
Peak/peak_27.txt    0.483742  14.886813  602.368693  82.517330  14.104377  2179.103539  75.919033  24.785587  0.027498
Peak/peak_28.txt    0.129960  14.156732  1015.161789  25.122377  24.890722  546.815421  102.731601  26.718816  0.096086
Peak/peak_29.txt    0.488058  14.940590  4732.297961  206.481527  3.304682  4612.557694  305.141537  9.330392  0.111128
Peak/peak_30.txt    0.073858  14.940738  3879.884093  150.541458  5.677888  2529.999048  187.407808  17.669846  0.035882
Peak/peak_31.txt    0.226881  18.662652  100.842586  5.159939  16.722867  811.518595  166.095933  15.820170  0.038389
Peak/peak_32.txt    0.205498  16.679826  34606.292069  1498.427474  5.306468  33461.090413  2204.191032  15.845181  0.034037
Peak/peak_33.txt    0.227286  21.138254  3960.358058  179.213543  14.988205  1854.924397  606.898169  28.278687  0.068811
Peak/peak_34.txt    0.198623  17.854355  877.876045  253.623450  23.376539  3220.807824  0.001000  87.710933  0.224307
Peak/peak_35.txt    0.158699  17.609732  248395.446744  9235.816131  5.737854  102460.203200  13972.690234  17.674691  0.074046
Peak/peak_36.txt    0.426190  15.525571  5420.295107  198.900712  4.071943  5236.661515  328.112635  16.166153  0.037580
Peak/peak_37.txt    0.513771  14.982191  1408.230696  77.602786  2.950650  1387.422332  48.246709  20.587992  0.054045
Peak/peak_38.txt    0.301022  16.543741  6184.640376  609.817311  19.038480  18269.154251  711.477858  18.507169  0.025348
Peak/peak_39.txt    0.350267  16.041978  1979.280706  416.553921  22.844700  10856.346747  506.181708  27.975871  0.013892
Peak/peak_40.txt    0.431367  18.599515  1749.124002  90.497011  12.750018  907.598743  228.556995  7.681283  0.244502
Peak/peak_41.txt    0.226666  17.817767  2830.649347  221.089694  27.436960  2093.078754  132.909944  32.964573  0.056838
Peak/peak_42.txt    0.208997  13.974266  2688.910527  149.495389  7.588648  2347.770079  337.646762  19.629267  0.139221
Peak/peak_43.txt    0.306107  14.311568  718.647518  81.658567  17.829939  670.878573  283.969047  35.927863  0.112899
Peak/peak_44.txt    0.156391  13.495527  1348.924837  14.820907  14.593198  694.051826  27.219868  29.923945  0.095932
Peak/peak_45.txt    0.416260  15.146043  815.219973  102.112994  13.781439  750.896403  109.012995  27.361328  0.141723
Peak/peak_46.txt    0.100299  17.856307  3789.777170  203.355953  4.640601  1518.932977  287.853704  45.970899  0.125051
Peak/peak_47.txt    0.423431  15.107025  713.648391  101.226267  15.159816  2949.841390  119.193951  15.496751  0.050943
Peak/peak_48.txt    0.335328  20.496615  1778.515795  126.833796  6.821455  1984.071818  77.878381  14.233692  0.022504
Peak/peak_49.txt    0.503219  15.226139  1102.065550  105.675086  3.686235  1339.164797  107.686647  11.663530  0.196414
Peak/peak_50.txt    0.092141  14.445560  3002.445756  232.344030  11.155825  3602.256129  244.914118  15.502582  0.057203
Peak/peak_51.txt    0.333164  16.778715  9395.026579  432.371080  3.677941  4992.738746  450.682732  32.807186  0.070108
Peak/peak_52.txt    0.198879  15.960463  53886.760840  2265.099059  6.172240  32110.912397  2541.332540  14.730731  0.061910
Peak/peak_53.txt    0.322593  11.405039  1893.276302  167.103006  6.268484  2425.647083  141.828311  23.432205  0.057078
Peak/peak_54.txt    0.279448  15.285257  295.877663  58.396683  13.514843  318.796973  128.489039  25.873491  0.086837
Peak/peak_55.txt    0.496032  16.267840  916.146673  64.349380  4.878495  917.754174  43.584633  12.258883  0.059898
Peak/peak_56.txt    0.687308  16.954149  828.986363  17.553995  1.012549  776.500201  21.013738  5.810192  0.166606
Peak/peak_57.txt    0.369384  14.886868  3365.484024  159.279810  5.041885  3530.882346  299.273030  22.644398  0.057248
Peak/peak_58.txt    0.479320  16.791877  840.872312  133.725071  39.010807  793.036239  154.913069  13.530684  0.256926
Peak/peak_59.txt    0.471791  16.166341  5262.201983  677.017120  4.681649  11338.725127  766.416082  25.166229  0.039561
Peak/peak_60.txt    0.496313  14.244793  1077.591187  59.105466  4.226257  1478.732890  47.134406  22.487313  0.041207
Peak/peak_61.txt    0.116664  17.855357  1927.666961  45.248408  26.460641  1253.549524  203.557706  21.423838  0.127335
Peak/peak_62.txt    0.559715  14.594945  1209.753056  38.788373  4.261246  821.719519  45.102839  15.683412  0.036242
Peak/peak_63.txt    0.496780  15.279290  1358.633745  80.214903  6.220789  1990.495614  72.457688  12.319598  0.039671
Peak/peak_64.txt    0.328981  8.150975  22047.599064  605.641944  2.820954  21939.607571  844.712232  14.267615  0.040421
Peak/peak_65.txt    0.191205  21.237283  7073.167770  468.315705  3.173538  6246.966595  483.486106  21.351116  0.084466
Peak/peak_66.txt    0.219546  17.213960  1109.677965  8.616821  30.146329  1791.674876  295.818152  28.931845  0.082672
Peak/peak_67.txt    0.464877  13.709772  582.115092  26.996575  3.375339  708.282724  90.254632  17.228005  0.064027
Peak/peak_68.txt    0.346245  12.707277  14084.715736  846.139425  4.386074  11831.381689  1013.087265  32.845611  0.055620
Peak/peak_69.txt    0.217825  16.584841  4120.086902  495.755034  11.910841  9182.537165  371.293330  32.190276  0.024581
Peak/peak_70.txt    0.417083  14.778133  2447.704584  66.791163  2.396096  1961.296790  244.809151  11.367924  0.185490
Peak/peak_71.txt    0.504357  15.234378  17413.952885  499.276794  2.354683  17760.350350  510.553398  9.722281  0.045421
Peak/peak_72.txt    0.315186  14.975526  3024.711382  221.911061  9.400782  3713.085294  102.069927  16.174899  0.036045
Peak/peak_73.txt    0.355519  20.032561  14175.385899  545.162468  3.148973  10953.325650  1490.100019  20.939639  0.038017
Peak/peak_74.txt    0.292305  23.765093  14697.090720  592.096803  13.687211  10063.784233  2012.423723  7.831170  0.177254
Peak/peak_75.txt    0.128870  20.326935  939.731730  92.960377  10.637081  1310.644808  0.001000  79.331604  0.106557
Peak/peak_76.txt    0.144320  9.812276  10789.553802  649.487806  5.322904  10931.526047  736.694747  26.169348  0.064213
Peak/peak_77.txt    0.322940  15.769979  902.816209  69.358832  5.469714  987.761754  22.977068  35.149691  0.045304
Peak/peak_78.txt    0.470743  15.591233  3010.217122  86.806225  2.867929  1757.742612  80.831889  15.703459  0.051414
Peak/peak_79.txt    0.692731  14.487965  8076.332197  120.056037  1.739759  8228.271824  146.548878  8.404846  0.038940
Peak/peak_80.txt    0.280824  9.648639  1522.190909  191.203668  12.129530  1891.777982  213.333822  22.693620  0.064508
Peak/peak_81.txt    0.462528  15.506592  1653.442060  55.373143  3.721448  1495.632318  50.603729  19.698629  0.034557
Peak/peak_82.txt    0.191338  18.896706  1291.134131  34.715692  4.580613  732.473058  40.549730  14.303241  0.068864
Peak/peak_83.txt    0.206002  7.382781  2167.897645  69.222283  9.565457  1810.365962  107.273593  13.127256  0.078000
Peak/peak_84.txt    0.257300  5.187146  8088.373269  677.668895  11.472633  7083.011860  165.681645  36.382277  0.227078
Peak/peak_85.txt    0.521155  21.270950  3121.414069  58.219823  2.658316  1857.501369  55.263868  8.702789  0.044402
Peak/peak_86.txt    0.363318  14.928499  2554.023051  51.595223  37.196256  1723.882592  0.001000  84.361067  0.081844
Peak/peak_87.txt    0.597775  15.040637  13814.900864  303.199242  1.988001  15644.862956  755.505414  8.319334  0.072720
Peak/peak_88.txt    0.235091  10.821720  3573.156038  167.554956  5.275890  2026.848338  204.055628  24.652438  0.057999
Peak/peak_89.txt    0.462528  15.506592  1653.442060  55.373143  3.721448  1495.632318  50.603729  19.698629  0.034557
Peak/peak_90.txt    0.431936  16.610717  4296.003778  101.507630  2.206552  1916.613550  78.670638  20.459274  0.037845
Peak/peak_91.txt    0.430208  15.580338  3587.137497  207.171209  2.754693  2173.010764  162.737158  18.218814  0.108503
Peak/peak_92.txt    0.338564  17.494117  1758.038045  133.790470  24.852411  2275.879009  281.531710  19.065449  0.056012
