Peak/peak_1.txt    0.156599  23.563424  186.397636  0.864968  16.566327  115.547113  30.647410  44.411588  0.103176
Peak/peak_2.txt    0.470205  23.121433  2243.531595  551.677893  35.099069  3011.949056  0.001000  97.108994  0.084828
Peak/peak_3.txt    0.345425  23.009119  1017.397772  104.716690  89.942706  1067.024141  178.984793  80.275008  0.165731
Peak/peak_4.txt    0.321521  22.518180  277.425890  5.447740  25.387274  171.884056  59.722964  32.661626  0.112935
Peak/peak_5.txt    0.437500  22.544682  62.258797  2.721705  91.143996  154.750144  0.001000  131.675866  0.235457
Peak/peak_6.txt    0.136053  19.951695  101.702663  16.809190  11.443716  123.419371  0.001000  122.225403  0.125134
Peak/peak_7.txt    0.243832  20.383239  79.825220  26.363711  31.346959  94.338095  0.972215  320.537446  0.196710
Peak/peak_8.txt    0.155166  22.757578  5275.344154  1062.463560  23.825262  5258.389325  1325.695985  55.356510  0.081025
Peak/peak_9.txt    0.306645  22.659282  3862.488547  1109.204964  21.428463  3840.504332  1302.920996  45.321199  0.083368
Peak/peak_10.txt    0.265407  22.185805  1161.075618  431.172254  33.944768  1155.514517  427.161173  61.007145  0.113105
Peak/peak_11.txt    0.246228  21.613836  78.784578  23.686650  10.882331  65.432695  2.598244  140.054410  0.206159
Peak/peak_12.txt    0.210929  23.184165  4775.685569  0.001000  83.485716  4091.823217  1713.387712  81.286368  0.130359
Peak/peak_13.txt    0.341513  22.874951  2520.834703  1389.641758  29.490009  3599.731093  352.400440  94.550061  0.181840
Peak/peak_14.txt    0.153447  21.096211  233.511205  13.393188  10.407775  181.662847  22.507487  86.969865  0.051424
Peak/peak_15.txt    0.291497  21.466892  267.003180  104.873333  26.065619  478.230143  97.658725  53.258759  0.065065
Peak/peak_16.txt    0.086671  21.253702  28372.648755  414.516701  63.161947  21971.219634  6472.986396  68.937874  0.094914
Peak/peak_17.txt    0.340800  23.526319  694.574814  207.979199  36.119872  736.892889  229.083125  62.713127  0.096273
Peak/peak_18.txt    0.420086  22.798128  275.654498  131.035161  69.307954  315.356973  117.017727  59.096441  0.184177
Peak/peak_19.txt    0.105390  1.597615  354.348234  187.052826  8.735382  273.324808  162.889676  54.703289  0.233488
Peak/peak_20.txt    0.148371  20.557052  9491.517915  1032.435378  61.348022  8025.738874  1869.916829  80.954116  0.098641
Peak/peak_21.txt    0.299103  22.074498  671.159401  175.164863  13.994968  306.938948  235.070174  80.682292  0.150382
Peak/peak_22.txt    0.146922  19.816047  2229.295018  58.456670  10.046399  1523.229917  169.740352  44.769587  0.074082
Peak/peak_23.txt    0.423322  22.650838  2131.046307  449.523625  33.659673  1953.726761  184.597581  89.831531  0.175389
Peak/peak_24.txt    0.224629  22.052472  12810.540901  1266.210018  47.275513  10905.767289  1273.631059  74.808782  0.089674
Peak/peak_25.txt    0.173359  20.826140  6667.041982  1533.335741  31.154295  7244.563424  0.001000  115.612092  0.073136
Peak/peak_26.txt    0.382080  21.135909  309.482456  55.978172  30.652005  245.988278  0.001000  159.956756  0.158421
Peak/peak_27.txt    0.404053  21.984853  484.783771  184.819671  50.968957  425.660586  219.819430  64.364478  0.241036
Peak/peak_28.txt    0.282846  22.802775  3.904524  94.398532  336.000000  244.648360  33.832058  159.807633  0.346534
Peak/peak_29.txt    0.388268  20.860341  935.534019  232.748924  38.904610  915.911926  284.097010  56.546652  0.104678
Peak/peak_30.txt    0.289003  19.250636  575.367616  43.809631  76.486406  714.124289  6.950451  256.845488  0.191996
Peak/peak_31.txt    0.121431  17.606759  17602.316215  1862.625987  42.450439  20923.367257  0.001000  129.677773  0.081367
Peak/peak_32.txt    0.232063  20.410057  81.999322  40.188654  66.259967  79.463605  43.926766  109.223389  0.252948
Peak/peak_33.txt    0.344200  20.353201  0.364805  22.171227  336.000000  48.844919  4.478190  258.529429  0.499521
Peak/peak_34.txt    0.451873  18.785644  18.444133  30.037006  9.594241  46.501833  27.002821  26.261727  0.355187
Peak/peak_35.txt    0.353753  20.924581  117.034066  65.966556  17.814219  105.773436  35.387649  86.587638  0.183064
Peak/peak_36.txt    0.367563  21.331678  1341.616792  0.001000  105.205242  1238.371591  138.033055  72.185272  0.186079
Peak/peak_37.txt    0.384096  21.569661  766.395757  156.652341  17.113888  531.414022  103.034624  69.478761  0.080355
Peak/peak_38.txt    0.434248  22.092541  1217.284849  639.651458  19.511159  1404.704314  0.001000  132.949272  0.168968
Peak/peak_39.txt    0.409652  23.119519  727.149662  0.001000  85.873863  747.907578  151.417127  61.890395  0.287947
Peak/peak_40.txt    0.461416  11.799517  25660.892094  1591.216013  17.208664  16045.004033  8109.406282  306.039693  0.082799
Peak/peak_41.txt    0.465039  20.540485  328.594741  0.001000  83.610336  324.251129  60.957807  47.215169  0.235784
Peak/peak_42.txt    0.257329  20.014411  44.840406  7.577099  237.367973  101.773467  0.001000  141.913358  0.503969
Peak/peak_43.txt    0.220057  18.850843  2833.202054  327.517838  75.521619  3220.636616  0.001000  215.674858  0.124581
Peak/peak_44.txt    0.326577  22.394315  424.829565  235.560472  35.197143  547.302151  267.540542  47.622729  0.319427
Peak/peak_45.txt    0.284393  17.127422  155.116358  40.967325  11.441403  170.927622  40.524561  31.064475  0.151704
Peak/peak_46.txt    0.408107  21.310312  477.154848  298.548418  25.964302  720.780261  141.157623  77.376316  0.129556
Peak/peak_47.txt    0.397209  22.228595  877.455149  390.098299  42.323090  882.448538  365.939999  60.734182  0.133937
Peak/peak_48.txt    0.299076  19.113638  161.444599  20.941295  73.182345  162.096656  111.567400  15.404383  0.451774
Peak/peak_49.txt    0.353825  23.195076  6500.091299  455.366891  13.601183  6781.045782  0.001000  102.886986  0.080639
Peak/peak_50.txt    0.443368  21.804572  1077.907752  270.220149  26.970454  1142.778535  0.001000  164.949710  0.078096
Peak/peak_51.txt    0.297087  19.329581  50.320908  18.442266  78.908431  72.071791  0.001000  175.408430  0.412840
Peak/peak_52.txt    0.354784  22.880155  4335.506364  359.509562  43.298081  3109.225157  427.117153  68.206883  0.130890
Peak/peak_53.txt    0.313530  20.020434  331.365869  167.996942  66.270032  455.728675  147.935743  70.145193  0.158962
Peak/peak_54.txt    0.393639  21.157442  667.273855  66.288107  5.089875  286.449273  4.362802  225.734739  0.206863
Peak/peak_55.txt    0.458804  22.724227  544.103457  351.937959  192.399511  2042.660482  0.001000  109.750363  0.270132
Peak/peak_56.txt    0.401795  22.836053  320.989779  232.302672  103.588559  711.358405  1142.750086  0.500000  0.357331
Peak/peak_57.txt    0.249848  20.338273  571.690375  138.333172  22.385455  492.426386  111.974202  105.929612  0.087383
Peak/peak_58.txt    0.212929  23.883308  3242.599416  244.309234  13.410411  2891.531450  3.637684  256.717995  0.053499
Peak/peak_59.txt    0.308019  21.165358  634.453669  219.302319  29.047939  794.050008  0.001000  167.469077  0.106793
Peak/peak_60.txt    0.253418  21.046378  249.772555  27.899612  22.558608  102.225242  98.480685  109.923268  0.118092
Peak/peak_61.txt    0.238806  18.463790  424.592402  39.063304  35.952228  206.287991  189.197628  46.805267  0.113712
Peak/peak_62.txt    0.343101  22.702848  1350.882825  236.778081  33.343273  1237.161914  464.925629  46.266917  0.121754
Peak/peak_63.txt    0.273447  20.506391  80.207805  40.164572  41.094692  88.685286  56.751063  36.331933  0.478584
Peak/peak_64.txt    0.194301  20.976057  242.640157  13.538347  28.081054  122.978929  73.872632  38.106004  0.151227
Peak/peak_65.txt    0.245825  22.486479  2618.193014  590.221343  44.105148  2314.599624  987.295271  70.399643  0.110371
Peak/peak_66.txt    0.323182  22.666304  8744.601357  478.052018  20.971297  6713.365616  1416.264528  55.272785  0.062188
Peak/peak_67.txt    0.376542  21.390855  195.525409  106.012210  14.679623  144.626040  83.883179  37.833295  0.232608
Peak/peak_68.txt    0.391375  21.719393  175.009515  0.254650  7.551809  76.687857  21.009398  31.158712  0.137494
Peak/peak_69.txt    0.478684  23.583575  646.091806  343.673269  54.057415  608.151608  350.739984  56.962856  0.208575
Peak/peak_70.txt    0.437017  21.869671  357.660851  225.192246  25.156577  722.799223  0.001000  168.904128  0.273470
Peak/peak_71.txt    0.315094  20.113761  0.001000  151.806087  336.000000  323.888203  43.253703  100.372086  0.544434
Peak/peak_72.txt    0.410901  21.392646  308.784036  121.177046  21.772140  606.202083  30.596078  99.392593  0.053579
Peak/peak_73.txt    0.295385  21.904143  1682.196949  297.878686  44.769975  1574.175166  246.027418  114.227362  0.141181
Peak/peak_74.txt    0.376443  22.057740  208.226842  213.830867  18.196047  246.064822  166.506965  51.737976  0.242296
Peak/peak_75.txt    0.394159  20.674675  107.725114  14.312567  53.093267  65.702404  29.971091  78.140829  0.179118
Peak/peak_76.txt    0.256093  17.278119  907.047728  61.314251  5.096572  681.899390  145.980227  19.094041  0.040810
Peak/peak_77.txt    0.318453  21.238699  731.530694  167.531997  39.708176  806.938425  38.676957  85.798063  0.201013
Peak/peak_78.txt    0.319138  19.372073  157.443277  46.186145  8.926938  102.234505  86.641013  22.782361  0.181079
Peak/peak_79.txt    0.287009  21.406777  470.092187  30.429297  15.446362  265.326626  77.883276  44.215327  0.065343
Peak/peak_80.txt    0.241035  20.792482  298.437288  81.606424  15.437522  201.876892  87.966254  54.337817  0.189356
Peak/peak_81.txt    0.223969  19.283401  103.520431  15.268043  13.067893  74.477545  17.058285  91.038089  0.143001
Peak/peak_82.txt    0.181387  16.665129  144.408605  17.568628  11.828350  95.605688  26.026189  103.367889  0.103571
Peak/peak_83.txt    0.255875  21.009655  1582.640891  450.745682  39.180393  2007.465935  11.063654  112.637036  0.091717
Peak/peak_84.txt    0.319031  21.429410  11220.748213  2574.658647  35.432971  16131.340973  0.001000  140.329703  0.118744
Peak/peak_85.txt    0.369147  22.583028  624.701717  192.505346  44.937570  623.852306  175.298558  52.658776  0.222686
Peak/peak_86.txt    0.260858  20.238013  362.616672  543.906134  19.099399  573.788664  592.031620  1.538233  0.467021
Peak/peak_87.txt    0.331018  21.844644  89.010941  0.001000  113.660109  69.588197  26.210190  28.739420  0.439156
Peak/peak_88.txt    0.394032  22.644692  1580.637064  433.180538  19.668413  2395.216597  663.312891  19.616924  0.118894
Peak/peak_89.txt    0.233362  21.308025  1971.031255  632.298749  30.739803  2467.150263  0.001000  122.156362  0.100936
Peak/peak_90.txt    0.180762  18.955647  42.200039  56.856974  31.217027  104.847342  53.649972  72.362880  0.276657
Peak/peak_91.txt    0.335641  21.555315  1191.493823  419.090535  24.381209  1351.466555  331.307952  79.466185  0.091213
Peak/peak_92.txt    0.387159  20.787529  194.010746  58.069325  27.419683  93.682639  124.645460  38.454701  0.260372
Peak/peak_93.txt    0.339172  22.375067  6526.463974  707.210263  26.240201  4858.672691  1227.163332  85.234041  0.105936
Peak/peak_94.txt    0.117609  21.476160  1544.374774  665.009091  28.112852  1661.010924  504.305515  74.607296  0.177812
Peak/peak_95.txt    0.342451  20.311936  203.833428  80.371593  12.465730  171.431548  54.414845  25.429249  0.167113
Peak/peak_96.txt    0.522804  22.399099  729.306318  124.821126  31.784675  952.998216  0.001000  108.691028  0.106684
Peak/peak_97.txt    0.151662  18.356186  1571.335599  984.877570  20.562432  2090.688788  348.426141  128.056193  0.213183
Peak/peak_98.txt    0.393519  21.481105  2821.131667  1160.736932  24.776726  2355.916530  367.446292  92.932479  0.134527
Peak/peak_99.txt    0.310965  21.992103  441.929541  209.854341  13.881603  393.186285  240.420242  91.380286  0.094338
Peak/peak_100.txt    0.499967  20.989997  202.813104  49.270890  37.417317  214.375539  0.001000  145.251157  0.234508
Peak/peak_101.txt    0.298102  22.085483  6834.133880  1130.272442  29.434749  5844.435993  580.684840  86.525101  0.055540
Peak/peak_102.txt    0.337244  19.858048  1290.160472  623.000811  34.237418  27032.195389  1979.145901  0.500000  0.308689
Peak/peak_103.txt    0.384989  22.631386  886.729550  113.478722  10.877003  651.274557  236.067083  30.686958  0.117202
Peak/peak_104.txt    0.114433  19.816738  199.718606  41.887473  20.259729  203.054794  0.001000  141.246121  0.118472
Peak/peak_105.txt    0.030875  4.787751  69.207136  0.001000  89.808798  35.236676  39.599229  116.575150  0.258814
Peak/peak_106.txt    0.457577  22.144404  168.791468  55.018427  43.160956  190.098105  38.905350  80.632687  0.183962
Peak/peak_107.txt    0.141788  21.760003  905.703144  51.973759  37.482349  615.332402  133.033972  90.817413  0.107087
Peak/peak_108.txt    0.293527  0.493180  13885.632819  1096.375418  14.498028  10567.278693  1344.814174  126.897674  0.053037
Peak/peak_109.txt    0.083804  22.032560  3923.692881  391.194936  42.164706  2696.202152  1209.842045  72.669799  0.086645
Peak/peak_110.txt    0.201387  21.698274  237.346796  64.754568  8.995247  208.633021  42.760076  75.729800  0.148982
Peak/peak_111.txt    0.244775  19.920812  86.388252  0.001000  226.061437  86.029899  7.057087  176.594576  0.369194
Peak/peak_112.txt    0.211777  21.018110  1445.893577  507.917916  35.688927  1255.637796  849.208476  60.057409  0.186139
Peak/peak_113.txt    0.435251  23.066152  682.839629  103.418922  68.214894  514.282416  228.145442  61.398693  0.130943
Peak/peak_114.txt    0.211212  22.343555  328.904497  0.308411  17.235500  172.703242  50.424055  56.021018  0.061011
Peak/peak_115.txt    0.421620  0.044277  545.543315  149.352931  16.230260  561.938480  178.892327  25.418798  0.075131
Peak/peak_116.txt    0.310554  23.186963  1249.056458  315.666160  19.925599  1663.964859  0.001000  158.493438  0.092202
Peak/peak_117.txt    0.552164  23.948541  223.363765  222.599370  95.724285  607.128185  82.362062  100.059610  0.277410
Peak/peak_118.txt    0.346151  22.962732  1084.375717  523.033467  43.124366  1277.438200  320.522470  64.844228  0.162182
Peak/peak_119.txt    0.340531  23.872696  65269.771369  54.222080  2.037551  45746.729219  4988.688915  18.936491  0.019613
Peak/peak_120.txt    0.386550  23.316885  1684.215430  1297.722436  53.014193  2312.009297  689.310960  50.542756  0.258808
Peak/peak_121.txt    0.193521  19.025573  115.773958  23.521497  13.845253  145.751111  0.001000  122.388929  0.114866
Peak/peak_122.txt    0.346098  18.919909  35.369781  47.493375  11.508984  76.412865  0.001000  336.000000  0.323441
Peak/peak_123.txt    0.300857  20.948054  31.940927  17.505072  70.959747  21.410913  30.669044  30.208657  0.437116
Peak/peak_124.txt    0.382915  19.872743  32.335125  104.689984  8.311203  69.432504  70.326504  88.103394  0.270971
Peak/peak_125.txt    0.380254  23.380396  5276.511335  579.206965  36.687415  6440.037411  0.001000  119.192950  0.085898
Peak/peak_126.txt    0.355331  23.511246  641.137413  19.245387  127.640482  571.189625  112.163385  81.096640  0.149539
Peak/peak_127.txt    0.158614  20.799910  3777.573955  678.102661  58.786549  4795.642989  571.281095  93.434338  0.068102
Peak/peak_128.txt    0.309540  22.977336  1081.137614  380.225003  47.082662  2713.949188  0.001000  116.656482  0.121153
Peak/peak_129.txt    0.371705  20.602265  58.135495  27.995343  42.589749  66.410609  15.991909  85.944722  0.247292
Peak/peak_130.txt    0.318446  21.021178  791.473437  129.486218  64.114462  723.018275  33.722931  120.592797  0.077568
Peak/peak_131.txt    0.492327  23.529132  106.099590  259.190465  7.640083  720.463416  6.490400  336.000000  0.362570
Peak/peak_132.txt    0.334656  20.546213  47.885011  0.517643  216.129633  37.922918  33.874986  21.200979  0.481323
Peak/peak_133.txt    0.432877  0.479499  1710.486743  579.633568  41.002342  2263.634304  423.446524  54.832333  0.194533
Peak/peak_134.txt    0.252796  21.860573  507.302455  135.691326  24.458432  459.269901  21.105334  172.810880  0.153757
Peak/peak_135.txt    0.123991  20.192283  5862.137375  606.741531  56.450186  6817.897132  0.001000  122.713866  0.117737
Peak/peak_136.txt    0.405246  21.480557  1327.965376  329.523877  74.543617  285.337004  1248.482650  22.085363  0.129209
Peak/peak_137.txt    0.409440  21.852728  2126.862230  319.170649  41.665568  2091.980039  348.281250  74.168103  0.093209
Peak/peak_138.txt    0.406539  21.357431  849.088316  324.716421  39.793712  1032.452826  357.590105  56.685463  0.142494
Peak/peak_139.txt    0.321281  20.772435  67.263375  40.929265  12.590136  42.382144  44.779327  49.706802  0.358994
Peak/peak_140.txt    0.330620  22.331638  1405.773034  558.964167  43.543206  1566.073838  340.437231  75.295871  0.132313
Peak/peak_141.txt    0.521722  21.582859  1069.499566  0.001000  125.978824  1048.042341  41.864776  93.874976  0.233354
Peak/peak_142.txt    0.314302  19.714500  37.494353  33.780759  37.880367  79.884095  0.001000  217.057354  0.422642
Peak/peak_143.txt    0.657700  23.410778  128.650945  193.242332  53.534464  481.818811  0.001000  194.243114  0.429585
Peak/peak_144.txt    0.151783  18.731926  2538.249782  1019.854153  22.162126  5391.945243  218.165878  336.000000  0.229739
Peak/peak_145.txt    0.358379  22.289553  3775.377364  1122.803072  24.464461  3225.646954  1419.113484  28.877086  0.095643
Peak/peak_146.txt    0.430772  21.156821  213.708635  46.049761  25.865390  230.503955  0.001000  149.244131  0.093841
Peak/peak_147.txt    0.361451  21.662592  1118.473238  65.706764  78.890908  1386.744380  0.001000  136.392663  0.097504
Peak/peak_148.txt    0.376865  21.987820  1607.883029  264.653035  25.101613  1809.378676  0.001000  97.127261  0.120192
Peak/peak_149.txt    0.117312  16.713995  69518.262197  0.001000  61.419155  63660.952401  0.001000  166.644196  0.101428
Peak/peak_150.txt    0.272610  21.386731  176.673255  231.596887  75.535723  443.773214  77.784878  157.858598  0.343933
Peak/peak_151.txt    0.317758  20.458489  65.334558  33.514986  53.588504  87.741240  0.001000  183.788419  0.286455
Peak/peak_152.txt    0.356904  21.579853  1964.720616  393.383428  18.070520  1441.547505  524.832074  33.925351  0.098064
Peak/peak_153.txt    0.339155  21.948507  383.366852  62.559639  52.245332  330.588793  139.798504  86.298738  0.141067
Peak/peak_154.txt    0.350840  21.738359  14.343795  4.842758  74.207388  111.931024  43.989251  0.500000  0.316621
Peak/peak_155.txt    0.355823  22.228558  629.124848  198.834406  24.583460  791.193880  0.001000  144.306432  0.200676
Peak/peak_156.txt    0.332398  19.470816  55.171621  15.156874  152.003504  241.135862  0.001000  96.600969  0.409028
Peak/peak_157.txt    0.174970  15.996796  589.899561  95.261242  16.246407  626.726243  68.948144  108.845510  0.055640
Peak/peak_158.txt    0.201234  20.423213  732.137249  11.283705  51.335624  668.738167  278.451862  32.988941  0.100660
Peak/peak_159.txt    0.081800  18.754654  18773.437979  0.001000  84.787370  22101.387868  0.001000  141.970285  0.130785
Peak/peak_160.txt    0.468302  21.655235  287.415138  170.557543  58.602896  293.320918  157.614020  152.388520  0.221708
Peak/peak_161.txt    0.207200  20.047603  204.521764  0.001000  98.606205  83.855023  82.048289  29.577319  0.284170
Peak/peak_162.txt    0.076872  16.514928  425.251448  70.846119  11.003207  390.368658  0.001000  140.245046  0.072698
Peak/peak_163.txt    0.372766  22.579995  1712.270462  160.039414  18.893800  966.930753  432.811616  77.723085  0.082184
Peak/peak_164.txt    0.433677  21.447737  228.055458  33.121813  54.291477  128.514071  142.017353  18.635190  0.134830
Peak/peak_165.txt    0.306132  22.911911  6986.431868  1154.891011  35.744200  4484.620665  2301.445322  179.014529  0.113233
Peak/peak_166.txt    0.353392  22.823304  1656.348679  431.150750  56.257191  1971.009826  0.001000  166.068254  0.192569
Peak/peak_167.txt    0.466821  20.572253  175.443193  19.129394  6.281677  171.140114  23.997875  52.142853  0.108969
Peak/peak_168.txt    0.267607  19.582929  92.776077  40.349038  7.898687  160.320747  46.458935  57.310148  0.128625
Peak/peak_169.txt    0.239023  23.308003  3023.450995  687.487965  30.407325  3290.785611  0.001000  162.674860  0.137101
Peak/peak_170.txt    0.371158  19.967763  289.654488  22.392149  68.765794  140.734616  164.760540  11.205117  0.163372
Peak/peak_171.txt    0.371738  22.225355  839.157167  297.032417  58.575918  1154.738211  0.001000  213.486532  0.201783
Peak/peak_172.txt    0.344934  22.190062  3611.640320  472.708889  28.978091  3748.695064  90.603290  136.342415  0.066305
Peak/peak_173.txt    0.096548  21.263659  10381.676097  1523.007792  50.616259  11539.278805  224.485365  124.953645  0.120937
Peak/peak_174.txt    0.336841  20.413321  141.923708  0.001000  135.582219  69.747990  72.383632  83.451819  0.230707
Peak/peak_175.txt    0.120742  18.187201  2443.941327  546.664033  49.371930  2930.042109  256.360299  187.483826  0.082935
Peak/peak_176.txt    0.364915  21.640218  457.448847  78.121212  30.721476  250.675481  371.872425  25.359492  0.137872
Peak/peak_177.txt    0.303141  20.692430  5011.531856  1920.362050  53.930554  8445.389834  0.001000  152.778473  0.132424
Peak/peak_178.txt    0.387072  22.287170  152.030851  48.526018  84.400630  292.183095  211.449608  11.752283  0.319027
Peak/peak_179.txt    0.353896  22.854359  1631.004382  260.258036  37.597711  1849.778407  70.876524  79.322673  0.119585
Peak/peak_180.txt    0.117460  19.022993  127.744154  58.308606  19.878132  150.095463  0.001000  336.000000  0.206782
Peak/peak_181.txt    0.373660  22.452506  2544.256345  602.858477  17.862137  2119.240847  273.437865  90.362679  0.093722
Peak/peak_182.txt    0.266387  11.662646  85.417934  22.599789  63.558052  51.248386  55.349505  60.663658  0.264701
Peak/peak_183.txt    0.224083  20.905486  230.869590  50.558554  29.973685  210.790901  0.001000  336.000000  0.161044
Peak/peak_184.txt    0.229269  18.413120  80.853926  0.001000  140.289035  60.154797  49.514419  11.977690  0.326449
Peak/peak_185.txt    0.313360  21.851888  3150.168248  602.199578  28.365555  2608.964862  254.701907  109.179563  0.092262
Peak/peak_186.txt    0.233779  20.652310  1315.808763  322.341911  44.650240  1523.949718  0.001000  231.765766  0.076021
Peak/peak_187.txt    0.228567  21.610976  841.951156  235.079758  37.322910  980.555439  137.243861  142.457113  0.120173
Peak/peak_188.txt    0.288537  20.734385  106.412696  14.338840  141.135016  196.286209  92.906870  36.508887  0.144406
Peak/peak_189.txt    0.250672  21.918962  85.704798  25.696839  22.076036  42.418532  38.103970  53.852462  0.317416
Peak/peak_190.txt    0.339176  21.627902  237.918297  132.679551  45.956163  349.495766  38.191118  144.845377  0.172144
Peak/peak_191.txt    0.329509  22.612823  2573.087963  502.310069  42.928691  3090.930506  0.001000  202.082642  0.146715
Peak/peak_192.txt    0.374661  22.309177  2365.984969  242.042694  38.865152  2446.937815  0.001000  134.529311  0.106188
Peak/peak_193.txt    0.228615  21.926387  1328.588586  486.949409  27.860169  1363.902124  259.117500  147.779176  0.167928
Peak/peak_194.txt    0.122132  18.303884  380.406688  60.291356  10.894579  381.985918  0.001000  157.916459  0.066238
Peak/peak_195.txt    0.363572  21.894196  2017.319629  395.200547  40.343939  2073.923956  43.343456  105.022903  0.081650
Peak/peak_196.txt    0.338510  22.152145  406.735595  149.253573  70.141049  808.919570  0.001000  128.949976  0.166534
Peak/peak_197.txt    0.348762  21.253152  164.937003  115.956585  32.174990  269.783422  0.001000  228.869733  0.200695
Peak/peak_198.txt    0.094043  14.196669  18529.284715  0.001000  67.097101  13656.405546  3455.048325  59.564135  0.085307
Peak/peak_199.txt    0.324959  21.936243  1120.730081  282.744916  22.400151  999.888880  303.112763  96.486778  0.110622
Peak/peak_200.txt    0.174026  19.788375  8705.299131  2454.883237  29.157655  11191.891665  403.871263  71.798162  0.049378
Peak/peak_201.txt    0.322570  21.914903  4673.271739  1374.956836  44.157675  5811.133601  1986.315146  42.577190  0.135939
Peak/peak_202.txt    0.548757  22.278758  229.101143  105.079140  131.293536  413.180531  115.767130  55.128927  0.282712
Peak/peak_203.txt    0.349000  20.361911  374.233096  100.704264  18.862086  195.717272  149.295324  52.191011  0.156429
Peak/peak_204.txt    0.414187  21.881418  746.263966  196.861750  40.619485  945.221191  0.001000  115.556752  0.113174
Peak/peak_205.txt    0.333978  20.748539  490.554727  167.314910  2.321415  458.948184  175.683524  3.428986  0.334181
Peak/peak_206.txt    0.350606  21.848871  783.110540  355.871675  26.225485  868.542515  303.680250  75.279595  0.129532
Peak/peak_207.txt    0.326486  22.496411  1100.622246  161.431764  36.261163  1067.574015  0.001000  95.745922  0.110772
Peak/peak_208.txt    0.257256  18.781270  89.363553  12.299602  97.737053  69.004026  13.239809  334.200794  0.321654
Peak/peak_209.txt    0.285809  22.238500  2475.879888  822.241172  26.394701  3130.725898  0.001000  116.899921  0.115112
Peak/peak_210.txt    0.350360  21.502277  266.738868  139.772548  58.037685  272.976565  261.107640  175.066270  0.217742
Peak/peak_211.txt    0.322197  22.577105  9312.623268  2070.816874  32.180589  9576.287581  564.563053  148.486455  0.110587
Peak/peak_212.txt    0.242631  20.669023  1850.019223  468.811429  35.915906  2520.064003  0.001000  124.780582  0.102955
Peak/peak_213.txt    0.363328  20.102093  337.642637  46.997546  29.732832  283.582089  42.902851  62.331697  0.138465
Peak/peak_214.txt    0.327996  21.931429  741.354128  226.069734  11.707551  1532.556002  313.904172  6.601982  0.503729
Peak/peak_215.txt    0.426693  22.180583  1644.813337  610.006551  33.823558  2580.903095  0.001000  151.265813  0.121643
Peak/peak_216.txt    0.280921  22.404329  1031.131795  62.670380  205.483525  1512.853808  0.001000  162.461794  0.181209
Peak/peak_217.txt    0.252258  22.229965  2609.808532  945.354661  40.626020  3741.050212  0.001000  116.297520  0.097827
Peak/peak_218.txt    0.095999  20.022523  11653.959243  2267.641276  28.826849  14227.368864  0.001000  130.191113  0.066672
Peak/peak_219.txt    0.341031  22.307846  1021.005775  633.329781  56.416904  906.153004  949.394140  22.350211  0.209778
Peak/peak_220.txt    0.297049  23.255800  4730.242229  1213.896749  30.498213  4284.256489  133.751245  194.729549  0.171014
Peak/peak_221.txt    0.359852  21.745898  244.866947  100.754715  116.279617  0.001000  366.872479  336.000000  0.284314
Peak/peak_222.txt    0.221128  22.855393  344.452915  151.220536  7.595367  158.095715  175.669205  36.048987  0.429779
Peak/peak_223.txt    0.511439  11.713788  24198.170040  1639.560488  14.317820  23043.729402  32.689723  189.130544  0.066827
Peak/peak_224.txt    0.245070  23.167828  1124.983929  294.820623  50.120283  1056.358596  450.485554  51.191737  0.152486
Peak/peak_225.txt    0.340903  21.441509  128.639273  35.538865  75.135850  132.358302  94.109225  68.243818  0.173927
Peak/peak_226.txt    0.273980  21.047756  257.804144  95.382929  26.697357  339.373645  0.751354  296.418270  0.285769
Peak/peak_227.txt    0.184158  23.316837  5776.623081  2296.256873  32.555749  6944.698980  238.393311  178.142683  0.136569
Peak/peak_228.txt    0.336733  22.215583  323.991382  290.196923  26.556875  107.706356  439.014328  61.715499  0.153059
Peak/peak_229.txt    0.456999  0.052865  1549.438777  837.438144  12.760361  1737.438372  766.861985  80.449170  0.118398
