Peak/20180526_RealMadridCF.txt    0.627258  13.925493  24214.252633  648.453427  1.420639  21615.460705  1092.093098  6.149813  0.100024  1
Peak/20180526_LiverpoolF.C..txt    0.534527  14.142556  29062.041756  711.128597  1.684065  11322.010471  757.324636  7.050455  0.088148  -1
Peak/20180213_JuventusF.C..txt    0.359771  16.226545  11763.734822  223.751414  1.361856  897.370284  269.406048  10.224956  0.057815  0
Peak/20180213_TottenhamHotspurF.C..txt    0.459758  16.542446  6785.426898  357.856713  0.985470  956.603392  265.768666  11.883383  0.152033  0
Peak/20180307_TottenhamHotspurF.C..txt    0.362117  16.399907  12906.496059  300.878086  0.527407  10333.385662  313.905268  1.129588  0.099981  -1
Peak/20180307_JuventusF.C..txt    0.424462  16.367688  9317.483550  250.653796  1.154273  1866.828444  269.532043  11.438375  0.065574  1
Peak/20180213_FCBasel.txt    0.724950  13.535245  3279.651283  64.843882  1.186161  2188.447121  44.920761  4.788140  0.141204  -1
Peak/20180213_ManchesterCityF.C..txt    0.369649  16.578173  426.685775  9.767704  264.548833  1274.796825  340.469415  2.505391  0.362680  1
Peak/20180307_ManchesterCityF.C..txt    0.373898  16.595901  2512.683149  425.874184  0.500000  1192.086548  357.046491  1.628623  0.542805  -1
Peak/20180307_FCBasel.txt    0.610206  14.563499  997.077078  42.338133  1.118132  1254.810242  42.393470  5.993605  0.068305  1
Peak/20180214_FCPorto.txt    0.778427  13.804701  5902.704022  125.656129  1.024534  4675.421236  80.821745  4.784083  0.121879  -1
Peak/20180214_LiverpoolF.C..txt    0.409283  16.487686  267.504674  209.688449  94.154441  1088.309830  311.377035  11.867917  0.298205  1
Peak/20180306_LiverpoolF.C..txt    0.374959  16.475300  515.530263  0.001000  289.492748  242.270386  375.663337  11.568828  0.400844  0
Peak/20180306_FCPorto.txt    0.349799  16.613024  1853.494164  81.320882  1.532491  244.752333  74.421117  14.954837  0.093541  0
Peak/20180221_SevillaFC.txt    0.340866  14.907595  15073.043465  151.889345  0.713714  25712.063557  113.965011  0.608387  0.066099  0
Peak/20180221_ManchesterUnitedF.C..txt    0.373335  16.084129  5564.459163  448.889066  0.609292  7440.888888  473.898765  0.692146  0.280171  0
Peak/20180313_ManchesterUnitedF.C..txt    0.399173  15.826448  3881.744734  540.240788  1.178246  1280.338089  498.946350  9.916340  0.204244  -1
Peak/20180313_SevillaFC.txt    0.466160  14.780119  10859.433626  103.955630  1.075878  3394.882953  166.371777  8.611403  0.041210  1
Peak/20180214_RealMadridCF.txt    0.359073  16.036832  5778.427567  368.671283  1.287436  948.420472  443.172620  7.703896  0.159760  1
Peak/20180214_ParisSaint-GermainF.C..txt    0.279299  15.448385  13367.995076  278.495245  0.917072  28974.797206  321.352328  0.806830  0.066652  -1
Peak/20180306_ParisSaint-GermainF.C..txt    0.882236  13.121476  20136.733436  206.002781  0.602632  13829.431204  207.458478  3.649563  0.120114  -1
Peak/20180306_RealMadridCF.txt    0.347240  15.787838  4340.476881  404.195243  1.520214  797.482678  406.624134  14.123269  0.159659  1
Peak/20180221_FCShakhtarDonetsk.txt    0.503545  15.037472  8098.286217  99.636587  1.237454  2644.625482  74.538014  7.951465  0.060250  1
Peak/20180221_A.S.Roma.txt    0.329368  16.218819  1387.471163  131.754707  0.920744  1871.435680  119.990387  1.905319  0.149640  -1
Peak/20180313_A.S.Roma.txt    0.375017  16.412221  2013.930894  124.061372  1.181018  670.705150  180.597131  6.010725  0.249309  1
Peak/20180313_FCShakhtarDonetsk.txt    0.305347  15.715859  3947.536105  94.518726  0.882764  5219.140176  82.636170  1.096274  0.086732  -1
Peak/20180220_ChelseaF.C..txt    0.346588  16.119415  5026.211770  380.803155  1.038846  13034.674186  370.102314  0.788371  0.115546  0
Peak/20180220_FCBarcelona.txt    0.340303  16.078564  4358.779260  454.479424  1.018934  12599.486409  437.841929  0.728199  0.132164  0
Peak/20180314_FCBarcelona.txt    0.340718  15.673663  10957.600466  473.720505  0.975236  897.950624  453.445271  12.601193  0.089917  1
Peak/20180314_ChelseaF.C..txt    0.348956  15.706992  3932.915787  366.779482  0.899749  9117.011807  344.985779  0.907157  0.109622  -1
Peak/20180220_FCBayernMunich.txt    0.349657  16.184715  3209.150671  226.375519  1.104624  740.183572  274.609147  6.893231  0.391069  1
Peak/20180220_BeşiktaşJ.K..txt    0.695291  13.631241  8754.249869  124.729323  0.775947  3982.830930  74.623220  5.077936  0.091847  -1
Peak/20180314_BeşiktaşJ.K..txt    0.383556  16.527506  5525.524643  73.237677  0.721365  507.495389  72.541753  8.058304  0.042710  -1
Peak/20180314_FCBayernMunich.txt    0.374105  16.357767  3684.199674  239.512484  0.586028  678.070266  242.300084  10.573561  0.204161  1
Peak/20180404_FCBarcelona.txt    0.294802  15.985582  2246.685517  393.754884  1.657979  1343.314833  560.401470  0.960125  0.544186  1
Peak/20180404_A.S.Roma.txt    0.083983  12.771039  3412.646648  130.914689  1.271769  14792.056389  532.627585  0.500000  0.872377  -1
Peak/20180410_A.S.Roma.txt    0.554732  14.232443  6499.102519  187.325916  0.790583  9203.617109  422.363356  9.468543  0.096825  1
Peak/20180410_FCBarcelona.txt    0.392696  15.858464  2007.786548  499.493047  0.876694  1453.511376  470.038088  13.673217  0.296739  -1
Peak/20180403_SevillaFC.txt    0.266478  15.219342  1054.807594  109.335193  1.634114  3508.844215  102.837876  0.983312  0.150422  -1
Peak/20180403_FCBayernMunich.txt    0.324879  15.718330  2264.032413  231.734425  1.261907  1574.672522  346.918456  0.883396  0.405734  1
Peak/20180411_FCBayernMunich.txt    0.359758  17.046093  782.655693  312.861884  19.985825  481.416457  275.904137  74.265255  0.413401  0
Peak/20180411_SevillaFC.txt    0.272848  16.759189  300.597126  94.145762  7.316178  1587.168938  92.281285  1.030969  0.267709  0
Peak/20180403_JuventusF.C..txt    0.269545  15.490312  12998.534483  234.490562  0.702493  14935.806456  285.739000  0.833271  0.105511  -1
Peak/20180403_RealMadridCF.txt    0.361156  15.378689  7142.422133  354.927315  1.070198  1021.143234  449.646210  16.421727  0.103813  1
Peak/20180411_RealMadridCF.txt    0.378575  15.509332  6975.767134  515.587466  1.100336  1866.720907  507.338739  9.545620  0.254473  -1
Peak/20180411_JuventusF.C..txt    0.453604  15.292980  19439.182936  249.051584  0.714474  2400.682074  251.412414  10.036064  0.058317  1
Peak/20180404_LiverpoolF.C..txt    0.348477  14.196959  5446.858394  343.747395  0.847515  10892.485552  684.870714  1.457569  0.271272  1
Peak/20180404_ManchesterCityF.C..txt    0.347990  15.639863  352.989949  190.163135  74.485725  6053.283042  489.071214  0.947329  0.407181  -1
Peak/20180410_ManchesterCityF.C..txt    0.354894  16.663504  8123.835334  489.003378  0.500000  7521.090134  577.434402  0.908404  0.667029  -1
Peak/20180410_LiverpoolF.C..txt    0.430279  15.581687  0.001000  656.794664  336.000000  2245.239191  688.394234  9.950360  0.562157  1
Peak/20180425_FCBayernMunich.txt    0.292455  19.245200  2574.285427  265.512542  20.835314  29298.408256  440.671045  0.737008  0.203462  -1
Peak/20180425_RealMadridCF.txt    0.265471  18.392159  2255.267944  431.396057  21.437974  2942.315344  713.415298  1.644239  0.477520  1
Peak/20180501_RealMadridCF.txt    0.294012  16.345093  10947.303420  713.032254  0.983218  1497.654124  547.969265  25.921336  0.418213  0
Peak/20180501_FCBayernMunich.txt    0.302901  15.791761  22000.995833  526.535718  0.842170  1406.544235  240.550052  14.974771  0.273174  0
Peak/20180424_LiverpoolF.C..txt    0.447055  14.439535  27082.054391  519.421695  0.889219  3231.896739  505.730747  18.660239  0.055666  1
Peak/20180424_A.S.Roma.txt    0.286878  13.362238  12844.535384  273.850688  1.231018  40818.596442  269.382436  0.720033  0.091854  -1
Peak/20180502_A.S.Roma.txt    0.266839  14.817610  22233.936897  237.135429  0.646166  35794.789702  197.703119  0.729413  0.052514  1
Peak/20180502_LiverpoolF.C..txt    0.431904  14.847059  27233.900384  635.570463  0.823751  4097.223601  538.325664  12.868693  0.080912  -1
Peak/20170912_S.L.Benfica.txt    0.393791  15.730246  368.094049  112.784864  4.159739  186.221029  88.836203  16.522626  0.187071  -1
Peak/20170912_PFCCSKAMoscow.txt    0.386466  15.682270  122.625135  41.732534  11.489063  184.686798  38.627804  20.194091  0.194980  1
Peak/20170912_ManchesterUnitedF.C..txt    0.363283  14.798005  2461.673913  508.705471  1.162265  502.795014  556.655579  8.611429  0.293638  1
Peak/20170912_FCBasel.txt    0.903252  4.273234  19050.625245  36.935081  2.248018  37988.200775  46.820221  0.535889  0.097576  -1
Peak/20170927_FCBasel.txt    0.624641  14.612243  1688.379461  36.556408  0.906220  729.588499  37.013956  8.923814  0.062849  1
Peak/20170927_S.L.Benfica.txt    0.406832  15.716480  967.363280  85.993676  1.013584  228.119111  74.375225  12.422453  0.210166  -1
Peak/20170927_PFCCSKAMoscow.txt    0.337473  13.016542  5886.892022  80.364141  0.906077  6213.869301  59.471970  1.192511  0.139047  -1
Peak/20170927_ManchesterUnitedF.C..txt    0.373659  14.860062  5127.281523  508.180612  0.500000  956.542639  465.505625  5.781445  0.397206  1
Peak/20171018_PFCCSKAMoscow.txt    0.451520  15.993352  69.390923  27.394097  18.600054  113.325120  28.843218  9.209831  0.285501  -1
Peak/20171018_FCBasel.txt    0.506276  14.950448  663.972758  35.478329  1.252916  245.585253  37.247042  7.912992  0.165409  1
Peak/20171018_S.L.Benfica.txt    0.529535  13.660654  10531.922711  85.140632  1.207014  2536.511879  89.010796  9.546363  0.044047  -1
Peak/20171018_ManchesterUnitedF.C..txt    0.402251  14.836221  2234.970462  394.418868  0.892597  472.253968  411.172320  2.517451  0.248932  1
Peak/20171031_FCBasel.txt    0.394803  15.927033  97.027059  32.321623  5.871649  232.861506  36.501332  1.941624  0.267324  -1
Peak/20171031_PFCCSKAMoscow.txt    0.446886  16.518014  105.122298  27.263136  3.008037  60.874792  31.188655  22.020482  0.291386  1
Peak/20171031_ManchesterUnitedF.C..txt    0.388998  15.379452  3200.958240  407.678255  0.500000  1312.367317  425.062006  1.451131  0.271183  1
Peak/20171031_S.L.Benfica.txt    0.685460  14.499590  4503.182041  72.498570  0.600359  1728.983893  79.445762  5.958101  0.123602  -1
Peak/20171122_PFCCSKAMoscow.txt    0.430098  15.731645  1578.556320  31.315085  0.720792  195.234628  30.679998  9.870604  0.072074  1
Peak/20171122_S.L.Benfica.txt    0.386332  16.947305  528.413237  60.269652  1.523568  194.975641  66.603713  6.882199  0.181758  -1
Peak/20171122_FCBasel.txt    0.551403  15.482955  4566.523014  41.527361  1.148760  1002.542526  42.785297  9.555385  0.051862  1
Peak/20171122_ManchesterUnitedF.C..txt    0.308503  14.666193  218.269065  373.794555  0.500048  0.016110  436.602031  4.094905  0.575854  -1
Peak/20171205_S.L.Benfica.txt    0.349018  17.232375  421.623425  64.127489  1.429071  110.074487  70.142628  16.371392  0.236089  -1
Peak/20171205_FCBasel.txt    0.385069  17.166771  414.359927  39.260823  1.453048  153.144780  77.051695  13.483866  0.426302  1
Peak/20171205_ManchesterUnitedF.C..txt    0.351722  16.092525  1579.346344  434.553133  0.763361  359.005153  481.899582  2.185337  0.493248  1
Peak/20171205_PFCCSKAMoscow.txt    0.454099  16.875724  2077.844189  41.425686  0.649596  3324.379283  72.681236  0.715943  0.307814  -1
Peak/20170912_FCBayernMunich.txt    0.419994  15.389888  125.167943  149.222225  95.692512  209.616594  229.233768  18.236845  0.294673  1
Peak/20170912_R.S.C.Anderlecht.txt    0.545771  14.777529  135.170923  50.932792  16.430421  414.135291  56.743238  7.498091  0.272099  -1
Peak/20170912_CelticF.C..txt    0.503593  14.875900  1723.209717  142.853315  1.091419  972.577445  133.003959  9.130623  0.138787  -1
Peak/20170912_ParisSaint-GermainF.C..txt    0.383762  14.474329  1634.305265  413.033040  0.812891  1660.344245  335.785557  8.574715  0.301955  1
Peak/20170927_ParisSaint-GermainF.C..txt    0.347410  14.719036  10125.243912  276.739912  0.945948  850.636932  287.397998  14.849342  0.084297  1
Peak/20170927_FCBayernMunich.txt    0.494533  16.134400  1277.991353  200.898519  13.342947  1300.542672  339.356677  10.596353  0.306773  -1
Peak/20170927_R.S.C.Anderlecht.txt    0.168709  17.545357  323.973821  56.966669  13.774927  0.004555  729.988638  1.265562  0.368996  -1
Peak/20170927_CelticF.C..txt    0.472353  15.559645  2015.649287  157.508786  0.660839  402.444862  119.442471  9.297196  0.301605  1
Peak/20171018_R.S.C.Anderlecht.txt    0.003552  0.314498  162.786520  679.490569  207.878754  1214.485668  0.001000  89.207832  0.375064  -1
Peak/20171018_ParisSaint-GermainF.C..txt    0.375366  15.594323  227.239718  26.399687  336.000000  527.232377  231.884101  6.638411  0.305054  1
Peak/20171018_FCBayernMunich.txt    0.401875  15.318317  2672.104473  224.313490  0.600520  760.077815  194.111229  6.117586  0.188251  1
Peak/20171018_CelticF.C..txt    0.428173  16.026742  925.060991  110.750579  1.148096  931.365618  126.003657  1.418994  0.170835  -1
Peak/20171031_ParisSaint-GermainF.C..txt    0.342395  16.110529  1078.377382  198.466265  0.865725  302.024553  220.857795  12.286769  0.281833  1
Peak/20171031_R.S.C.Anderlecht.txt    0.533143  15.594776  287.975698  41.256987  1.530880  277.379722  39.728314  9.337664  0.219125  -1
Peak/20171031_CelticF.C..txt    0.443440  16.363246  1594.591981  138.312026  1.272613  278.007291  152.130500  7.330692  0.235834  -1
Peak/20171031_FCBayernMunich.txt    0.354476  15.986865  661.382219  190.743851  1.098561  1165.554899  193.943191  1.172639  0.320437  1
Peak/20171122_R.S.C.Anderlecht.txt    0.365774  16.352004  909.751499  40.210316  0.844112  1661.748447  41.838950  0.875872  0.147419  -1
Peak/20171122_FCBayernMunich.txt    0.321648  16.523040  814.909920  153.029421  1.202778  156.383066  154.076742  9.630867  0.268943  1
Peak/20171122_ParisSaint-GermainF.C..txt    0.445608  15.490757  1946.864605  183.649776  0.739589  1577.871572  227.067784  6.625456  0.159851  1
Peak/20171122_CelticF.C..txt    0.385438  17.005213  1299.214159  107.431612  0.839458  1012.474310  150.729273  2.295948  0.300165  -1
Peak/20171205_FCBayernMunich.txt    0.322088  16.263361  1529.701314  156.810391  0.890208  4600.129835  245.701743  0.962074  0.136456  1
Peak/20171205_ParisSaint-GermainF.C..txt    0.356804  16.602553  1319.220734  209.563911  0.853423  3937.379192  232.554526  0.754378  0.243163  -1
Peak/20171205_CelticF.C..txt    0.406817  17.169322  459.518172  118.826515  1.247641  288.754294  124.753976  1.459298  0.388590  -1
Peak/20171205_R.S.C.Anderlecht.txt    0.406725  16.628564  367.442268  38.786550  1.708643  631.551595  47.751281  1.688444  0.238497  1
Peak/20170912_ChelseaF.C..txt    0.405315  14.835258  3507.693976  409.016310  0.741143  678.074451  367.674775  13.206534  0.182132  1
Peak/20170912_QarabağFK.txt    0.599802  13.107358  11950.546178  143.518810  1.595743  4354.217957  78.516789  7.615139  0.070064  -1
Peak/20170912_A.S.Roma.txt    0.383306  15.133580  588.209610  125.259423  1.784747  175.992335  112.737434  13.000339  0.234242  0
Peak/20170912_AtléticoMadrid.txt    0.316614  14.957130  249.006334  153.645114  3.832971  890.588158  219.061799  0.500000  0.639337  0
Peak/20170927_QarabağFK.txt    0.305800  17.963878  696.372837  42.278890  9.959014  6261.575458  64.733686  1.660495  0.078707  -1
Peak/20170927_A.S.Roma.txt    0.372758  15.381168  192.081831  108.963333  2.143881  822.925287  111.306007  1.875222  0.179187  1
Peak/20170927_AtléticoMadrid.txt    0.526220  14.169619  8109.998846  255.135167  0.566777  2413.041876  152.646426  4.772201  0.149158  -1
Peak/20170927_ChelseaF.C..txt    0.363891  15.294474  1673.458343  420.832901  0.810003  411.262882  301.848066  30.761487  0.321701  1
Peak/20171018_QarabağFK.txt    0.659818  14.122069  12453.903872  44.088494  0.640589  1851.806168  32.983956  7.516664  0.023734  0
Peak/20171018_AtléticoMadrid.txt    0.356781  15.271560  1284.553764  138.732399  0.591378  190.096213  107.023000  6.361245  0.386234  0
Peak/20171018_ChelseaF.C..txt    0.441323  15.187233  2177.740764  276.703494  0.981648  264.157677  319.445129  3.708291  0.307532  0
Peak/20171018_A.S.Roma.txt    0.408879  14.838164  4852.539559  110.305177  1.148454  819.981892  121.623755  9.361488  0.052059  0
Peak/20171031_AtléticoMadrid.txt    0.416101  16.080584  1340.113326  107.879751  0.616237  116.850539  118.110792  17.715298  0.227485  0
Peak/20171031_QarabağFK.txt    0.845774  13.455300  381.603736  24.122132  2.310309  3899.108792  43.818129  4.599798  0.054941  0
Peak/20171031_A.S.Roma.txt    0.668394  14.467614  8477.217171  109.258167  0.500000  2341.177419  116.834484  5.785638  0.142759  1
Peak/20171031_ChelseaF.C..txt    0.391055  15.913477  1337.883568  295.980271  0.979311  1562.202922  342.743492  0.500000  0.426235  -1
Peak/20171122_QarabağFK.txt    0.934280  7.306536  22205.489397  38.171589  0.700296  106349.524503  43.996694  1.449828  0.042222  -1
Peak/20171122_ChelseaF.C..txt    0.378947  16.441993  284.237423  61.146227  336.000000  259.113291  279.869259  4.841964  0.389076  1
Peak/20171122_AtléticoMadrid.txt    0.340272  15.963615  588.768494  130.479499  1.151212  151.605810  105.727186  8.033142  0.399111  1
Peak/20171122_A.S.Roma.txt    0.339571  16.534380  1153.210377  106.151737  0.525858  546.796199  88.682060  1.231866  0.335981  -1
Peak/20171205_ChelseaF.C..txt    0.430199  16.021754  1505.092774  300.537626  0.829799  1466.374269  345.042748  0.508387  0.410828  0
Peak/20171205_AtléticoMadrid.txt    0.356737  16.241867  1243.737212  113.414901  1.227976  198.276084  119.881143  11.634506  0.168012  0
Peak/20171205_A.S.Roma.txt    0.375582  16.466365  66.376790  37.358299  336.000000  143.568856  113.211712  8.038011  0.484262  1
Peak/20171205_QarabağFK.txt    0.787625  13.206562  1978.518131  24.107772  0.708089  1565.464455  29.038771  3.681713  0.142835  -1
Peak/20170912_FCBarcelona.txt    0.372382  15.457763  262.672460  345.485642  57.451938  456.824090  407.409712  11.583693  0.413269  1
Peak/20170912_JuventusF.C..txt    0.339036  15.135740  7026.238288  243.611018  0.632616  5676.110553  241.575000  0.944337  0.145138  -1
Peak/20170912_OlympiacosF.C..txt    0.561554  15.015369  130.626303  65.073936  17.420480  423.098823  59.595331  9.126363  0.152859  -1
Peak/20170912_SportingCP.txt    0.342115  15.758702  340.474260  112.825188  3.149594  1167.520185  97.913306  1.674649  0.218230  1
Peak/20170927_SportingCP.txt    0.338743  15.223036  1682.071364  101.641011  1.049368  3956.537004  89.142649  0.984083  0.149270  -1
Peak/20170927_FCBarcelona.txt    0.348018  15.458865  1775.175807  397.566502  0.744758  1318.914613  444.774778  0.500000  0.398750  1
Peak/20170927_JuventusF.C..txt    0.375225  15.656472  1666.434262  217.200447  0.861522  176.602442  175.020528  13.705551  0.272008  1
Peak/20170927_OlympiacosF.C..txt    0.471110  16.148893  187.734191  0.001000  122.256038  1304.393233  60.913385  1.459669  0.273245  -1
Peak/20171018_JuventusF.C..txt    0.380755  16.148540  222.769696  0.001000  336.000000  1205.256621  185.478898  0.990767  0.303466  1
Peak/20171018_SportingCP.txt    0.367066  15.884139  931.219041  70.943826  0.897558  1580.208987  74.414409  0.968056  0.157457  -1
Peak/20171018_FCBarcelona.txt    0.348597  15.638988  2478.784357  350.182519  0.788685  0.001000  365.883866  336.000000  0.272897  1
Peak/20171018_OlympiacosF.C..txt    0.366798  15.395862  3055.338358  66.563833  0.845551  4610.417182  72.688972  0.746228  0.099855  -1
Peak/20171031_SportingCP.txt    0.367780  16.558034  608.185412  65.189269  0.876894  1111.191508  70.898407  1.141917  0.197079  0
Peak/20171031_JuventusF.C..txt    0.407541  16.088357  2311.505082  191.231239  0.500000  189.084320  168.097601  19.610072  0.425472  0
Peak/20171031_OlympiacosF.C..txt    0.363556  15.357077  3289.130148  62.561007  0.648773  2293.083051  64.224808  1.361199  0.116887  0
Peak/20171031_FCBarcelona.txt    0.364218  16.203210  140.277109  243.385280  336.000000  117.785085  328.572911  16.223152  0.373129  0
Peak/20171122_JuventusF.C..txt    0.342732  16.701885  6552.156455  168.252058  0.536608  11387.363318  167.188732  0.522553  0.070302  0
Peak/20171122_FCBarcelona.txt    0.354387  15.983876  3573.903695  298.527710  0.500000  3857.699004  352.354887  0.641239  0.347745  0
Peak/20171122_SportingCP.txt    0.405568  16.890006  579.125393  59.085865  0.884175  979.496260  62.859901  1.180504  0.172122  1
Peak/20171122_OlympiacosF.C..txt    0.490667  16.613206  345.908792  42.161273  1.278111  65.593060  41.170798  9.312820  0.261240  -1
Peak/20171205_FCBarcelona.txt    0.358328  16.163368  0.001000  359.591170  336.000000  0.001000  373.934521  336.000000  0.508131  1
Peak/20171205_SportingCP.txt    0.373772  16.979863  996.237280  59.497157  1.342478  212.377752  73.525692  7.894182  0.127300  -1
Peak/20171205_OlympiacosF.C..txt    0.415304  16.772658  75.630180  37.717653  23.996020  438.290040  52.091177  1.448943  0.280666  -1
Peak/20171205_JuventusF.C..txt    0.369242  16.966589  91.214392  98.535696  193.698883  0.001000  205.057605  336.000000  0.539923  1
Peak/20170913_NKMaribor.txt    0.644793  14.170959  1521.712478  47.554816  1.682826  718.854228  21.081026  8.678073  0.115968  0
Peak/20170913_FCSpartakMoscow.txt    0.442245  15.965817  177.690700  41.896969  22.078283  184.274447  37.609776  14.322368  0.213344  0
Peak/20170913_LiverpoolF.C..txt    0.398829  15.015661  3772.371050  348.386537  0.500000  2987.575030  318.037397  1.032670  0.254763  0
Peak/20170913_SevillaFC.txt    0.426097  14.278807  4284.242812  119.633676  1.434925  634.485138  83.492662  9.500906  0.063130  0
Peak/20170926_SevillaFC.txt    0.381641  15.668501  1059.152061  87.796332  0.745132  136.863439  74.183358  13.478344  0.280258  1
Peak/20170926_NKMaribor.txt    0.654138  14.550834  117.037532  16.133860  11.126741  372.255195  23.504323  7.317564  0.153851  -1
Peak/20170926_FCSpartakMoscow.txt    0.917533  4.024882  17391.052806  32.223533  2.395836  36214.881529  47.471130  0.561178  0.121257  0
Peak/20170926_LiverpoolF.C..txt    0.372790  15.129964  1176.314548  278.417161  0.500000  988.296283  254.782573  1.250309  0.336577  0
Peak/20171017_FCSpartakMoscow.txt    0.477986  14.927487  457.158058  30.827708  1.270930  472.635182  44.255759  9.719198  0.154839  1
Peak/20171017_SevillaFC.txt    0.381596  15.589276  191.200627  61.472987  2.232920  120.607396  60.804509  9.450870  0.283577  -1
Peak/20171017_NKMaribor.txt    0.896021  11.198166  31854.469742  61.321723  0.599395  28338.536297  70.145769  3.374319  0.048725  -1
Peak/20171017_LiverpoolF.C..txt    0.436146  14.911995  2942.777811  256.538160  0.646747  418.855211  277.121032  8.421202  0.330153  1
Peak/20171101_SevillaFC.txt    0.348993  16.751229  61.858837  54.585590  9.076037  102.941178  0.001000  261.350713  0.474937  1
Peak/20171101_FCSpartakMoscow.txt    0.381951  16.665725  100.628237  30.168649  5.261853  49.753112  27.904436  17.765893  0.275539  -1
Peak/20171101_LiverpoolF.C..txt    0.391985  15.759836  871.702668  235.179483  1.041942  207.855759  263.544272  7.172010  0.378567  1
Peak/20171101_NKMaribor.txt    0.828725  13.159145  5878.281378  32.398724  0.878996  4928.900173  22.968075  3.830690  0.068613  -1
Peak/20171121_FCSpartakMoscow.txt    0.375353  16.541943  767.544737  29.931061  1.032911  84.581475  32.886248  17.942224  0.137016  0
Peak/20171121_NKMaribor.txt    0.484924  15.733306  806.754279  14.295636  0.909208  180.233886  13.618716  10.793527  0.062657  0
Peak/20171121_SevillaFC.txt    0.531688  14.575516  4147.919613  55.390846  1.181449  646.593095  60.517347  14.881300  0.053090  0
Peak/20171121_LiverpoolF.C..txt    0.369832  16.177371  157.614746  148.794145  132.564312  1175.133902  240.737885  1.697405  0.316209  0
Peak/20171206_NKMaribor.txt    0.727960  14.427958  337.410238  13.193213  1.193278  530.403499  14.912485  4.960812  0.111369  0
Peak/20171206_SevillaFC.txt    0.444670  15.940094  29.615054  50.460247  82.426814  271.068293  100.918049  2.017689  0.556247  0
Peak/20171206_LiverpoolF.C..txt    0.404115  16.021830  2844.800272  278.534052  0.892652  825.830558  318.929635  8.558602  0.257842  1
Peak/20171206_FCSpartakMoscow.txt    0.499114  15.358827  2529.894980  48.182318  1.456034  639.465151  46.037581  9.246378  0.081135  -1
Peak/20170913_Feyenoord.txt    0.636194  13.706001  2245.828311  76.079749  1.055652  1358.580166  44.224021  5.732480  0.118992  -1
Peak/20170913_ManchesterCityF.C..txt    0.407041  15.119768  2011.554265  342.078579  0.500000  978.102453  324.776216  1.724257  0.530606  1
Peak/20170913_FCShakhtarDonetsk.txt    0.493731  14.346012  3957.468313  67.397989  0.877048  691.238531  50.607427  9.244239  0.084036  1
Peak/20170913_S.S.C.Napoli.txt    0.389680  15.692805  94.509005  47.081772  184.826062  170.398607  93.174088  1.709685  0.376699  -1
Peak/20170926_S.S.C.Napoli.txt    0.376195  15.467686  28.765905  101.305075  336.000000  571.745151  116.783603  1.447711  0.535131  1
Peak/20170926_Feyenoord.txt    0.487577  14.651088  388.616098  44.580362  1.218639  222.334935  37.570416  6.680468  0.272331  -1
Peak/20170926_ManchesterCityF.C..txt    0.360009  15.207133  245.175858  121.473442  336.000000  1104.571146  324.820418  0.631220  0.507247  1
Peak/20170926_FCShakhtarDonetsk.txt    0.766111  13.281976  2767.782975  62.824738  1.158692  1565.795059  51.787113  5.171831  0.138092  -1
Peak/20171017_ManchesterCityF.C..txt    0.391883  15.449760  439.984577  0.001000  222.343554  1164.937163  343.973847  1.439486  0.427153  1
Peak/20171017_S.S.C.Napoli.txt    0.404360  16.310492  468.516038  78.877171  34.946758  323.724167  116.492920  14.352392  0.251952  -1
Peak/20171017_Feyenoord.txt    0.369841  15.332098  155.447158  37.497078  2.504444  318.553055  46.212252  1.566970  0.276466  -1
Peak/20171017_FCShakhtarDonetsk.txt    0.321210  15.523001  172.120905  36.804889  10.459705  1488.492256  53.584494  1.210951  0.163682  1
Peak/20171101_S.S.C.Napoli.txt    0.569079  15.241119  3233.550389  122.659398  0.585502  1106.939752  90.333275  6.485876  0.165061  -1
Peak/20171101_ManchesterCityF.C..txt    0.407529  15.656887  1283.465199  281.837923  1.090684  820.552431  359.523716  7.014734  0.392526  1
Peak/20171101_FCShakhtarDonetsk.txt    0.804782  14.170758  890.657951  33.377189  0.891816  1587.539528  37.408870  4.622546  0.071526  1
Peak/20171101_Feyenoord.txt    0.465694  15.987947  483.668251  37.660206  0.500000  159.871014  35.935907  5.683376  0.306813  -1
Peak/20171121_ManchesterCityF.C..txt    0.384850  16.509285  353.083446  0.001000  280.723552  0.001000  282.425382  336.000000  0.411936  1
Peak/20171121_Feyenoord.txt    0.226526  15.644068  856.605570  48.386451  1.265874  1929.670685  50.519353  1.103295  0.160177  -1
Peak/20171121_S.S.C.Napoli.txt    0.364982  16.960391  72.840327  48.800346  163.566742  101.985380  86.915628  11.281837  0.442037  1
Peak/20171121_FCShakhtarDonetsk.txt    0.411654  17.005449  2189.635600  40.277189  0.580547  2115.084474  60.632176  0.747765  0.249158  -1
Peak/20171206_Feyenoord.txt    0.426639  16.433173  1014.335288  35.223356  0.775273  110.463765  36.189316  10.411321  0.194036  1
Peak/20171206_S.S.C.Napoli.txt    0.347938  16.246987  787.705571  87.687148  0.500000  406.690425  75.979784  1.574801  0.423642  -1
Peak/20171206_FCShakhtarDonetsk.txt    0.668862  14.638411  3232.191228  52.380830  0.773777  3567.736927  99.180563  7.204228  0.055120  1
Peak/20171206_ManchesterCityF.C..txt    0.378270  16.494344  1503.753592  337.345731  0.500000  1348.562639  469.170309  0.668892  0.651466  -1
Peak/20170913_RBLeipzig.txt    0.507849  14.933824  293.976080  116.500156  14.499462  1013.556466  103.043345  7.180281  0.157243  0
Peak/20170913_ASMonacoFC.txt    0.346117  15.035934  116.239458  186.715457  5.066670  525.354661  124.648436  2.207527  0.279228  0
Peak/20170913_FCPorto.txt    0.423408  15.729910  98.932250  72.451195  32.270544  234.429812  66.421552  11.059915  0.213690  -1
Peak/20170913_BeşiktaşJ.K..txt    0.448541  14.681448  2205.210914  100.916114  0.988198  610.790691  79.489690  9.303519  0.105729  1
Peak/20170926_BeşiktaşJ.K..txt    0.493326  15.286222  205.039544  0.001000  176.438103  577.026258  76.051373  16.864669  0.250014  1
Peak/20170926_RBLeipzig.txt    0.501903  15.174814  150.316659  80.707584  6.714922  309.631063  79.376884  14.588858  0.234868  -1
Peak/20170926_ASMonacoFC.txt    0.327794  14.848362  729.336580  128.880042  1.180097  432.010553  172.636524  0.783202  0.434652  -1
Peak/20170926_FCPorto.txt    0.352569  15.883182  587.811097  69.703729  1.538025  222.899141  67.609285  18.616491  0.157125  1
Peak/20171017_ASMonacoFC.txt    0.339381  15.613921  287.802070  103.697062  1.150294  512.648842  102.618682  1.203313  0.393220  -1
Peak/20171017_BeşiktaşJ.K..txt    0.416296  15.211093  857.470607  58.173953  1.237982  499.610738  79.901683  12.913220  0.122014  1
Peak/20171017_RBLeipzig.txt    0.572473  14.720646  152.944254  0.001000  177.207934  1065.880805  102.463587  7.440334  0.151676  1
Peak/20171017_FCPorto.txt    0.379181  16.549971  73.484991  48.182045  62.074207  458.769500  70.066598  1.276968  0.330168  -1
Peak/20171101_BeşiktaşJ.K..txt    0.440182  15.503261  6714.585483  67.537418  0.595479  430.890650  73.494511  10.015158  0.057262  0
Peak/20171101_ASMonacoFC.txt    0.347663  16.418593  71.347679  97.634802  6.383968  1463.862521  95.625275  1.006802  0.231569  0
Peak/20171101_FCPorto.txt    0.342706  17.027559  106.780608  61.152050  10.142632  518.798769  67.068448  1.926865  0.276535  1
Peak/20171101_RBLeipzig.txt    0.366076  15.868602  993.807632  118.858703  0.679975  1059.400497  85.274219  1.427568  0.483670  -1
Peak/20171121_BeşiktaşJ.K..txt    0.384177  15.674483  4381.341026  55.564063  0.701201  478.218230  66.258129  13.501307  0.041277  0
Peak/20171121_FCPorto.txt    0.393192  17.117369  1753.498935  51.321674  0.734910  79.416697  54.766113  14.548507  0.096934  0
Peak/20171121_ASMonacoFC.txt    0.337220  16.367884  704.244977  84.248374  0.594036  127.463698  90.385989  8.901723  0.454415  -1
Peak/20171121_RBLeipzig.txt    0.452810  15.873292  1959.990193  73.216666  0.500000  548.957219  89.730677  7.343593  0.179101  1
Peak/20171206_RBLeipzig.txt    0.403913  15.977468  944.222481  68.711334  1.131321  222.041125  90.102914  6.024774  0.265184  -1
Peak/20171206_BeşiktaşJ.K..txt    0.411132  16.359641  1644.003074  69.945631  1.011429  535.732424  120.654695  10.630161  0.382756  1
Peak/20171206_FCPorto.txt    0.434480  16.659076  679.175185  60.829542  0.967963  320.587187  114.529168  4.287545  0.671069  1
Peak/20171206_ASMonacoFC.txt    0.334447  16.538060  452.990391  74.668534  1.584235  131.281000  86.408203  7.240784  0.315973  -1
Peak/20170913_RealMadridCF.txt    0.357819  15.337788  998.896532  389.333189  1.875607  0.001000  414.125532  336.000000  0.306887  1
Peak/20170913_APOELFC.txt    0.204345  13.183295  12770.075646  108.937493  0.827404  13544.692029  98.899915  0.919100  0.102302  -1
Peak/20170913_TottenhamHotspurF.C..txt    0.408698  15.359551  3653.518262  286.505623  1.049364  590.847357  250.763550  10.399261  0.149307  1
Peak/20170913_BorussiaDortmund.txt    0.353954  14.981525  9085.705947  238.902899  0.589918  3955.509633  224.171421  1.551248  0.110389  -1
Peak/20170926_BorussiaDortmund.txt    0.337869  15.860056  12215.995183  259.871351  0.557577  20691.378831  264.457810  0.513268  0.106160  -1
Peak/20170926_RealMadridCF.txt    0.338160  15.414121  3004.804523  391.011235  0.945464  206.502279  369.964430  19.912513  0.312926  1
Peak/20170926_APOELFC.txt    0.334271  13.434419  3922.235877  69.199354  1.019398  3617.933821  68.548422  1.588374  0.131595  -1
Peak/20170926_TottenhamHotspurF.C..txt    0.402903  15.415054  962.108429  232.799291  0.963953  362.267184  253.621061  8.194345  0.416650  1
Peak/20171017_APOELFC.txt    0.318828  16.119625  2430.495257  30.312030  0.897028  416.173250  34.029488  12.540587  0.055895  0
Peak/20171017_BorussiaDortmund.txt    0.361442  15.859480  0.001000  195.690218  336.000000  108.162510  166.614518  9.849660  0.517169  0
Peak/20171017_RealMadridCF.txt    0.337750  15.394312  4849.851622  321.408753  0.749899  7558.497371  353.653043  0.675056  0.147259  0
Peak/20171017_TottenhamHotspurF.C..txt    0.410475  15.633741  2898.201326  225.509028  0.944776  8256.209993  349.953131  0.714047  0.342317  0
Peak/20171101_BorussiaDortmund.txt    0.339638  16.236212  769.856728  139.025902  0.945076  183.657447  0.806811  336.000000  0.362874  0
Peak/20171101_APOELFC.txt    0.450982  16.371700  845.569900  27.187143  1.486865  355.557756  29.574246  10.427909  0.077162  0
Peak/20171101_TottenhamHotspurF.C..txt    0.462349  15.351090  10382.901407  271.713994  0.851731  1578.803640  306.186711  10.504444  0.119901  1
Peak/20171101_RealMadridCF.txt    0.373441  15.680160  4806.699574  333.705616  1.061800  697.121992  312.854852  10.497324  0.105452  -1
Peak/20171121_APOELFC.txt    0.115082  15.885776  15682.514251  38.743185  0.500000  10368.470255  61.976962  0.786746  0.063671  -1
Peak/20171121_RealMadridCF.txt    0.361658  16.116691  113.816765  232.272855  112.258264  184.721268  303.892917  12.510169  0.336190  1
Peak/20171121_BorussiaDortmund.txt    0.299812  16.577102  2399.291327  131.901858  0.689778  3387.445853  160.694188  0.934303  0.177399  -1
Peak/20171121_TottenhamHotspurF.C..txt    0.410823  16.511036  1499.284959  243.133554  0.703168  294.248148  185.732967  10.018742  0.307078  1
Peak/20171206_RealMadridCF.txt    0.394041  16.130934  1762.479373  304.678295  1.008166  871.712371  441.712464  0.632691  0.297725  1
Peak/20171206_BorussiaDortmund.txt    0.378482  17.061297  1429.903416  118.435584  0.669458  4795.917274  210.827624  0.517079  0.336976  -1
Peak/20171206_TottenhamHotspurF.C..txt    0.415768  16.707130  1305.513256  178.054001  0.500000  805.175485  224.819112  1.682073  0.320204  1
Peak/20171206_APOELFC.txt    0.724503  14.814915  1897.182093  28.355193  0.759537  826.693826  26.476725  5.385330  0.131043  -1
