Data/Holiday/peak_1.txt    0.391868  20.552552  4994.143522  625.237460  18.355496  4559.918333  133.598268  28.788235  0.044158
Data/Holiday/peak_2.txt    0.542009  22.380448  14923.923908  771.627141  8.247234  9098.017421  107.067663  17.097029  0.045164
Data/Holiday/peak_3.txt    0.721508  19.844729  31747.507124  709.570021  8.718765  17448.418597  521.883604  11.084367  0.054589
Data/Holiday/peak_4.txt    0.688331  21.650916  388.372461  35.560327  7.361400  554.198672  7.646229  8.053744  0.063091
Data/Holiday/peak_5.txt    0.586036  21.764897  13410.193621  934.029452  5.861814  8790.387182  241.451955  15.752680  0.038474
Data/Holiday/peak_6.txt    0.068506  22.247329  33912.694548  1790.867812  17.132859  39226.990001  656.488805  8.543132  0.024972
Data/Holiday/peak_7.txt    0.419650  6.540699  53372.856520  862.206702  12.926064  120859.965946  791.604433  4.041867  0.032550
Data/Holiday/peak_8.txt    0.280739  16.856492  63936.316194  761.574588  6.789904  43720.268090  319.534335  13.310317  0.038225
Data/Holiday/peak_9.txt    0.459398  22.163405  96876.457734  2271.750867  7.099794  68811.158758  366.424940  12.870574  0.022556
Data/Holiday/peak_10.txt    0.239213  20.565458  11020.527620  322.862222  10.452169  10841.459048  432.117296  7.401099  0.030078
Data/Holiday/peak_11.txt    0.037319  5.195302  18980.567219  676.291998  15.983520  25803.659688  562.620368  8.385325  0.030928
Data/Holiday/peak_12.txt    0.194627  7.510327  28588.248828  321.734712  10.185303  34379.109109  467.501218  10.018772  0.029960
Data/Holiday/peak_13.txt    0.120815  16.804524  16641.008967  2191.039805  27.786198  25685.469893  743.275390  11.042294  0.054286
Data/Holiday/peak_14.txt    0.677250  19.906070  530.299625  44.534434  11.120088  325.307228  3.807767  22.698205  0.056410
Data/Holiday/peak_15.txt    0.233764  16.436509  4387.522212  462.570692  20.615516  3676.789850  215.110589  14.490357  0.161154
Data/Holiday/peak_16.txt    0.549839  19.047451  562.353242  71.419325  3.412858  397.631618  25.659695  11.811956  0.086600
Data/Holiday/peak_17.txt    0.194555  17.884227  12376.688650  382.660473  13.165020  14736.891484  485.658278  9.986988  0.023944
Data/Holiday/peak_18.txt    0.513411  19.618646  24441.797118  982.567570  26.881736  32914.320950  630.451689  10.386448  0.036838
Data/Holiday/peak_19.txt    0.152351  18.722555  1076.715896  147.945535  14.004099  1080.272693  22.490136  11.042566  0.066830
Data/Holiday/peak_20.txt    0.356529  20.151032  82.207502  4.075338  11.634248  68.629503  2.438977  13.341507  0.057859
Data/Holiday/peak_21.txt    0.138516  15.623868  8984.398556  718.382684  27.353048  9182.290371  413.804839  17.389867  0.055873
Data/Holiday/peak_22.txt    0.829272  20.652124  8097.474681  129.762090  4.837070  5686.782910  64.797390  6.057791  0.077564
Data/Holiday/peak_23.txt    0.313802  19.090686  1718.765094  74.208391  7.723094  1447.269948  26.109898  14.180654  0.026576
Data/Holiday/peak_24.txt    0.563122  20.777275  37170.075464  1481.764769  6.555463  22389.783829  298.337626  16.147359  0.042482
Data/Holiday/peak_25.txt    0.253615  20.066044  28322.483054  1041.374031  11.215110  29307.157035  271.958769  14.241108  0.037171
Data/Holiday/peak_26.txt    0.364370  19.330928  664.654451  32.258171  6.099174  570.807526  7.464044  12.877705  0.029455
Data/Holiday/peak_27.txt    0.319084  23.049164  1278.415503  64.711996  12.299700  890.978854  25.776994  13.383182  0.063229
Data/Holiday/peak_28.txt    0.354450  19.393685  1816.180335  59.304252  11.412291  3447.383862  36.341180  7.237614  0.056049
Data/Holiday/peak_29.txt    0.740482  20.210976  2110.302865  29.453655  4.937736  1183.853902  22.554249  8.986944  0.026100
Data/Holiday/peak_30.txt    0.626996  20.462459  12924.034393  327.353039  20.430448  7615.036582  157.763252  15.980266  0.022364
Data/Holiday/peak_31.txt    0.241458  2.945087  484.644925  6.241699  10.333916  441.217171  5.165895  3.896878  0.076814
Data/Holiday/peak_32.txt    0.576456  20.658260  5803.626336  48.395857  7.321380  3732.861956  32.600721  12.081992  0.017716
Data/Holiday/peak_33.txt    0.206255  17.220233  31026.293507  3669.751263  21.563857  34819.915053  1235.002804  18.960651  0.011776
Data/Holiday/peak_34.txt    0.444588  21.362122  1838.151457  211.691712  13.025504  1693.075550  28.760025  15.746123  0.090856
Data/Holiday/peak_35.txt    0.157787  14.262286  14015.661937  1151.757813  43.335098  31420.367843  1310.870253  12.513276  0.049564
Data/Holiday/peak_36.txt    0.330405  20.087331  12336.308737  1313.781445  16.519363  12859.655312  596.907634  17.783796  0.034321
Data/Holiday/peak_37.txt    0.044060  16.330798  16947.278200  1135.688478  28.884086  13973.443682  820.261517  20.236054  0.027684
Data/Holiday/peak_38.txt    0.678765  20.735734  3026.305149  35.568228  5.999605  1931.789988  24.299015  7.263111  0.014483
Data/Holiday/peak_39.txt    0.212964  21.247500  1447.788714  68.848732  17.762384  1227.643325  36.811156  8.072747  0.022593
Data/Holiday/peak_40.txt    0.173292  18.475511  4087.246344  187.566391  11.225978  3420.340239  72.045265  15.165163  0.009555
Data/Holiday/peak_41.txt    0.247806  10.974552  8650.913726  1949.973534  9.476236  13204.849528  295.584038  27.009910  0.085102
Data/Holiday/peak_42.txt    0.278759  3.136313  17999.790135  158.012361  11.457776  24158.213387  163.148427  5.650726  0.019518
Data/Holiday/peak_43.txt    0.220165  6.186851  12182.955510  177.371546  9.239798  15396.519248  99.617290  12.184800  0.018232
Data/Holiday/peak_44.txt    0.242469  8.066646  8697.584163  447.976382  6.965096  6553.504925  89.778459  17.633841  0.054546
Data/Holiday/peak_45.txt    0.437700  17.360377  91.892811  13.621554  10.260001  120.635480  12.601125  16.303907  0.170710
Data/Holiday/peak_46.txt    0.494282  4.389688  36.945888  4.239774  15.383878  55.426837  1.021628  7.045569  0.150551
Data/Holiday/peak_47.txt    0.173805  20.863003  2209.271849  118.195741  17.851706  2114.903882  39.768428  10.556736  0.022868
Data/Holiday/peak_48.txt    0.302708  6.447707  9538.783434  388.892614  10.633922  8156.089063  109.695184  18.277166  0.057174
Data/Holiday/peak_49.txt    0.544625  16.402265  63.104407  5.941883  8.495092  94.530062  2.559898  9.464128  0.082841
Data/Holiday/peak_50.txt    0.723419  6.014034  97.265464  9.247344  9.253069  87.428922  3.036969  8.134715  0.127871
Data/Holiday/peak_51.txt    0.171197  8.492486  569.136620  24.458902  1.097088  240.166877  2.075052  15.566205  0.126136
Data/Holiday/peak_52.txt    0.527372  16.452250  1569.011740  76.977457  10.001894  936.470352  19.685615  16.956362  0.065423
Data/Holiday/peak_53.txt    0.102864  15.156262  224.982285  18.371001  8.307636  204.016526  16.656790  10.267190  0.072466
Data/Holiday/peak_54.txt    0.754522  14.223314  49.669824  8.843316  38.621365  355.565653  3.195004  0.984936  0.124215
Data/Holiday/peak_55.txt    0.732260  5.712488  4440.350719  142.148349  8.971520  1836.169754  50.169010  13.182331  0.050363
Data/Holiday/peak_56.txt    0.599446  17.609244  9324.941547  98.151808  4.440325  4873.666068  34.872570  9.755465  0.026248
Data/Holiday/peak_57.txt    0.277120  19.778006  33995.208737  1391.610259  11.996121  31692.491096  669.076674  9.781407  0.015357
Data/Holiday/peak_58.txt    0.078366  2.204028  38.771422  0.001000  122.401211  107.922744  0.544410  19.560040  0.345806
