../Peaks/Foot/peak_1.txt    0.377786  15.793466  377.288993  116.026072  3.971165  
../Peaks/Foot/peak_2.txt    0.368766  15.327214  127.793769  42.764919  10.481058  
../Peaks/Foot/peak_3.txt    0.448170  15.450456  390.715231  224.399833  336.000000  
../Peaks/Foot/peak_4.txt    0.912312  4.316087  20802.248505  38.162372  2.187049  
../Peaks/Foot/peak_5.txt    0.469009  14.914401  1666.453729  38.720451  0.935666  
../Peaks/Foot/peak_6.txt    0.385215  15.758963  980.375003  88.521735  1.004409  
../Peaks/Foot/peak_7.txt    0.917468  4.267587  20912.303544  40.162276  1.992687  
../Peaks/Foot/peak_8.txt    0.383988  15.420250  0.100000  526.155936  336.000000  
../Peaks/Foot/peak_9.txt    0.340378  16.876460  78.576282  27.743008  17.524343  
../Peaks/Foot/peak_10.txt    0.418331  14.807816  683.777054  36.985281  1.279384  
../Peaks/Foot/peak_11.txt    0.441592  14.808105  9207.088150  89.164142  1.260733  
../Peaks/Foot/peak_12.txt    0.478301  14.396933  0.100000  415.189288  336.000000  
../Peaks/Foot/peak_13.txt    0.424690  15.431193  103.252993  32.381598  5.109674  
../Peaks/Foot/peak_14.txt    0.452585  15.712268  127.850831  27.636638  2.485383  
../Peaks/Foot/peak_15.txt    0.439659  15.015313  308.929590  126.101148  336.000000  
../Peaks/Foot/peak_16.txt    0.434433  15.382843  4238.656734  78.772355  0.622839  
../Peaks/Foot/peak_17.txt    0.350896  15.430016  1670.403656  32.071410  0.725274  
../Peaks/Foot/peak_18.txt    0.396765  17.031556  525.369577  60.639234  1.515161  
../Peaks/Foot/peak_19.txt    0.416749  16.014290  4431.499327  44.559067  1.186446  
../Peaks/Foot/peak_20.txt    0.440387  16.404515  257.603388  184.842660  336.000000  
../Peaks/Foot/peak_21.txt    0.364893  17.511234  415.169072  66.734096  1.378827  
../Peaks/Foot/peak_22.txt    0.371953  16.456176  444.703792  39.361021  1.427440  
../Peaks/Foot/peak_23.txt    0.411025  16.926376  239.216941  250.073868  336.000000  
../Peaks/Foot/peak_24.txt    0.495979  15.958650  2279.391040  42.587491  0.624331  
../Peaks/Foot/peak_25.txt    0.409741  15.315732  144.832795  127.228486  135.085948  
../Peaks/Foot/peak_26.txt    0.403685  15.179725  151.820279  53.799799  15.120421  
../Peaks/Foot/peak_27.txt    0.411244  15.576182  1644.339021  149.783328  1.147353  
../Peaks/Foot/peak_28.txt    0.341664  16.089458  559.228550  8.986909  336.000000  
../Peaks/Foot/peak_29.txt    0.373765  14.869057  9973.792292  278.462985  0.938755  
../Peaks/Foot/peak_30.txt    0.859050  17.962490  1948.354475  183.895480  10.325641  
../Peaks/Foot/peak_31.txt    0.533793  14.551295  2316.138204  73.050902  0.914370  
../Peaks/Foot/peak_32.txt    0.534301  14.760381  213.052518  10.040741  336.000000  
../Peaks/Foot/peak_33.txt    0.055068  2.114461  413.791701  428.882547  336.000000  
../Peaks/Foot/peak_34.txt    0.397481  16.010580  182.586985  77.130902  336.000000  
../Peaks/Foot/peak_35.txt    0.449337  15.758749  186.998747  90.005659  336.000000  
../Peaks/Foot/peak_36.txt    0.457753  16.072566  916.181285  110.207728  1.129638  
../Peaks/Foot/peak_37.txt    0.384801  16.592014  95.910733  129.419909  336.000000  
../Peaks/Foot/peak_38.txt    0.434887  15.334787  301.918611  43.480735  1.576140  
../Peaks/Foot/peak_39.txt    0.509547  16.383312  1589.770462  142.406170  1.212737  
../Peaks/Foot/peak_40.txt    0.432259  16.411261  857.494778  198.881568  0.770903  
../Peaks/Foot/peak_41.txt    0.442864  16.262015  916.536246  39.766906  0.810319  
../Peaks/Foot/peak_42.txt    0.370944  16.388967  844.829847  157.585011  1.107913  
../Peaks/Foot/peak_43.txt    0.386936  16.052211  1915.551704  190.512006  0.736917  
../Peaks/Foot/peak_44.txt    0.440282  16.605227  1396.969987  107.735503  0.780305  
../Peaks/Foot/peak_45.txt    0.386922  16.320181  1623.962694  160.910345  0.805141  
../Peaks/Foot/peak_46.txt    0.379191  16.587648  1408.352977  211.651242  0.794956  
../Peaks/Foot/peak_47.txt    0.489593  17.627672  53.844903  89.964504  180.409407  
../Peaks/Foot/peak_48.txt    0.466405  15.887573  399.042562  38.919238  1.547983  
../Peaks/Foot/peak_49.txt    0.433521  15.152524  272.386590  204.406076  336.000000  
../Peaks/Foot/peak_50.txt    0.713857  3.784565  17567.493164  75.370809  3.304131  
../Peaks/Foot/peak_51.txt    0.381791  14.887228  611.411712  125.290972  1.754665  
../Peaks/Foot/peak_52.txt    0.403773  14.809996  273.408438  156.050584  2.800412  
../Peaks/Foot/peak_53.txt    0.524728  17.974456  651.818759  37.507902  11.492500  
../Peaks/Foot/peak_54.txt    0.473370  15.155136  256.075940  113.038840  1.187321  
../Peaks/Foot/peak_55.txt    0.457671  14.559185  8490.656207  274.936528  0.547908  
../Peaks/Foot/peak_56.txt    0.417874  15.745964  0.100000  442.815262  336.000000  
../Peaks/Foot/peak_57.txt    0.419380  13.343693  14880.881408  48.171573  0.641676  
../Peaks/Foot/peak_58.txt    0.575525  17.350118  210.274577  0.100000  336.000000  
../Peaks/Foot/peak_59.txt    0.481769  15.077172  2254.365500  286.002065  0.929159  
../Peaks/Foot/peak_60.txt    0.382362  15.572653  4586.291317  115.168827  1.163375  
../Peaks/Foot/peak_61.txt    0.422149  15.945379  1446.607457  110.930392  0.588779  
../Peaks/Foot/peak_62.txt    0.304108  14.669790  292.293027  27.698949  3.763899  
../Peaks/Foot/peak_63.txt    0.427542  16.391737  7446.729775  122.581113  0.500000  
../Peaks/Foot/peak_64.txt    0.483020  16.230873  0.100000  314.388433  336.000000  
../Peaks/Foot/peak_65.txt    0.413154  14.639774  4498.697941  62.191989  0.893252  
../Peaks/Foot/peak_66.txt    0.415869  16.524881  253.582143  81.746253  336.000000  
../Peaks/Foot/peak_67.txt    0.548678  18.168775  54.334280  100.885334  336.000000  
../Peaks/Foot/peak_68.txt    0.450040  16.949419  61.570574  62.871118  336.000000  
../Peaks/Foot/peak_69.txt    0.435149  16.121992  400.817532  0.100000  336.000000  
../Peaks/Foot/peak_70.txt    0.350322  16.082203  1266.032131  114.339376  1.223494  
../Peaks/Foot/peak_71.txt    0.418571  17.189231  59.022263  45.281975  336.000000  
../Peaks/Foot/peak_72.txt    0.535795  15.074309  1521.331167  26.943138  0.730257  
../Peaks/Foot/peak_73.txt    0.372873  16.142121  573.212476  7.437647  298.464525  
../Peaks/Foot/peak_74.txt    0.404156  15.041779  7319.709631  246.213411  0.602390  
../Peaks/Foot/peak_75.txt    0.474044  15.090298  140.951360  66.668258  16.304970  
../Peaks/Foot/peak_76.txt    0.367144  15.822270  340.610348  114.071278  2.968552  
../Peaks/Foot/peak_77.txt    0.421373  15.155121  1699.053941  100.614784  0.992240  
../Peaks/Foot/peak_78.txt    0.367860  15.886712  0.100000  417.994027  336.000000  
../Peaks/Foot/peak_79.txt    0.408112  16.083120  1645.362016  222.498341  0.819185  
../Peaks/Foot/peak_80.txt    0.527859  16.377615  176.534769  0.170689  110.263461  
../Peaks/Foot/peak_81.txt    0.425283  16.391115  159.787526  52.425702  336.000000  
../Peaks/Foot/peak_82.txt    0.392935  15.992040  921.386601  70.680211  0.886419  
../Peaks/Foot/peak_83.txt    0.382009  16.522021  266.717575  150.206805  336.000000  
../Peaks/Foot/peak_84.txt    0.456779  15.194993  3043.786049  66.554315  0.818525  
../Peaks/Foot/peak_85.txt    0.378338  16.428587  638.937573  66.436069  0.837708  
../Peaks/Foot/peak_86.txt    0.437362  16.057442  0.100000  187.056584  336.000000  
../Peaks/Foot/peak_87.txt    0.448887  15.701092  3215.781917  62.418729  0.629420  
../Peaks/Foot/peak_88.txt    0.380634  16.287879  62.940143  330.119622  336.000000  
../Peaks/Foot/peak_89.txt    0.448735  16.315570  7139.403922  172.697165  0.500000  
../Peaks/Foot/peak_90.txt    0.380203  16.462387  291.609864  68.816702  336.000000  
../Peaks/Foot/peak_91.txt    0.436890  16.754101  610.234112  59.814736  0.832620  
../Peaks/Foot/peak_92.txt    0.497832  16.610716  347.827972  42.502788  1.260902  
../Peaks/Foot/peak_93.txt    0.356717  15.940325  0.100000  362.085052  336.000000  
../Peaks/Foot/peak_94.txt    0.451567  16.980854  977.264813  60.775683  1.291260  
../Peaks/Foot/peak_95.txt    0.505733  16.985961  70.035933  38.716802  26.517603  
../Peaks/Foot/peak_96.txt    0.401053  17.607711  141.055283  50.197099  336.000000  
../Peaks/Foot/peak_97.txt    0.666686  4.441007  3022.509719  28.355144  3.292216  
../Peaks/Foot/peak_98.txt    0.443312  16.615858  179.246141  40.486654  24.083445  
../Peaks/Foot/peak_99.txt    0.480649  14.456254  0.100000  369.063647  336.000000  
../Peaks/Foot/peak_100.txt    0.444544  14.153334  4350.824220  120.496066  1.418686  
../Peaks/Foot/peak_101.txt    0.394042  15.056059  1171.573854  91.751715  0.709878  
../Peaks/Foot/peak_102.txt    0.372265  17.140640  143.761039  16.893484  11.392389  
../Peaks/Foot/peak_103.txt    0.926369  4.074729  18992.609919  34.053990  2.327876  
../Peaks/Foot/peak_104.txt    0.433810  15.921997  0.100000  301.517117  336.000000  
../Peaks/Foot/peak_105.txt    0.427507  15.027454  450.484902  31.113672  1.310799  
../Peaks/Foot/peak_106.txt    0.380270  14.905578  223.678548  63.045472  1.937593  
../Peaks/Foot/peak_107.txt    0.690231  13.059806  19776.351949  71.565285  0.633634  
../Peaks/Foot/peak_108.txt    0.543686  14.039760  367.176657  0.301992  336.000000  
../Peaks/Foot/peak_109.txt    0.387791  16.734717  76.675619  0.264219  302.744766  
../Peaks/Foot/peak_110.txt    0.365899  17.274898  75.481788  29.292640  9.959194  
../Peaks/Foot/peak_111.txt    0.464775  15.607971  19.749741  224.898944  336.000000  
../Peaks/Foot/peak_112.txt    0.935975  5.560433  28359.838388  14.328849  1.683230  
../Peaks/Foot/peak_113.txt    0.299254  15.647604  836.551265  30.562702  1.020507  
../Peaks/Foot/peak_114.txt    0.408389  14.774948  893.543315  14.753570  0.896651  
../Peaks/Foot/peak_115.txt    0.424276  15.640031  3653.334086  58.435948  1.234309  
../Peaks/Foot/peak_116.txt    0.438557  16.321422  289.617039  13.100842  336.000000  
../Peaks/Foot/peak_117.txt    0.332584  21.373527  106.820048  11.631660  9.168351  
../Peaks/Foot/peak_118.txt    0.396340  16.415777  30.147935  52.200188  71.303220  
../Peaks/Foot/peak_119.txt    0.424679  17.084211  0.100000  303.082740  336.000000  
../Peaks/Foot/peak_120.txt    0.433278  15.808833  2431.188656  50.580170  1.492929  
../Peaks/Foot/peak_121.txt    0.443642  14.055833  2132.881730  80.246163  1.152248  
../Peaks/Foot/peak_122.txt    0.559291  14.092872  0.100000  348.222825  336.000000  
../Peaks/Foot/peak_123.txt    0.480871  14.327972  3995.263648  69.618681  0.873263  
../Peaks/Foot/peak_124.txt    0.409602  16.214681  141.234220  2.816128  319.818122  
../Peaks/Foot/peak_125.txt    0.387981  15.668786  9.192199  117.894857  336.000000  
../Peaks/Foot/peak_126.txt    0.395795  14.648166  371.751284  45.285738  1.354909  
../Peaks/Foot/peak_127.txt    0.435713  15.489749  414.456305  2.302266  336.000000  
../Peaks/Foot/peak_128.txt    0.452462  14.032427  2562.640965  71.694480  1.281496  
../Peaks/Foot/peak_129.txt    0.427811  15.568540  449.171047  0.100000  227.686513  
../Peaks/Foot/peak_130.txt    0.458838  17.043209  451.610810  70.781938  41.537942  
../Peaks/Foot/peak_131.txt    0.391794  15.744019  171.437985  38.842497  2.035344  
../Peaks/Foot/peak_132.txt    0.344653  16.329621  167.325206  36.155023  11.311790  
../Peaks/Foot/peak_133.txt    0.459905  15.797905  3286.364075  131.804086  0.577204  
../Peaks/Foot/peak_134.txt    0.472488  15.879733  168.088657  161.186159  336.000000  
../Peaks/Foot/peak_135.txt    0.411971  15.550512  772.677461  38.227089  0.989362  
../Peaks/Foot/peak_136.txt    0.419135  16.055841  445.492826  38.013306  0.528635  
../Peaks/Foot/peak_137.txt    0.435507  16.232666  356.052005  0.100000  305.870904  
../Peaks/Foot/peak_138.txt    0.300337  15.970698  863.582610  48.788218  1.173993  
../Peaks/Foot/peak_139.txt    0.437414  17.804716  127.666537  0.100000  336.000000  
../Peaks/Foot/peak_140.txt    0.442602  16.119966  2319.505247  40.450107  0.570689  
../Peaks/Foot/peak_141.txt    0.383973  16.320677  1028.686526  35.491677  0.785106  
../Peaks/Foot/peak_142.txt    0.506538  17.788583  0.100000  87.514515  336.000000  
../Peaks/Foot/peak_143.txt    0.371626  15.968439  2991.926161  57.621021  0.827851  
../Peaks/Foot/peak_144.txt    0.493363  16.899907  0.100000  348.803569  336.000000  
../Peaks/Foot/peak_145.txt    0.391060  16.017910  338.656348  133.126467  10.879556  
../Peaks/Foot/peak_146.txt    0.352897  15.171049  118.689129  188.515497  4.467279  
../Peaks/Foot/peak_147.txt    0.402871  16.060758  101.654608  72.821369  31.493322  
../Peaks/Foot/peak_148.txt    0.444514  14.581167  2238.492715  101.943991  0.984123  
../Peaks/Foot/peak_149.txt    0.391406  14.970026  200.501915  0.100000  153.472675  
../Peaks/Foot/peak_150.txt    0.436206  14.891507  562.779176  90.830556  1.143444  
../Peaks/Foot/peak_151.txt    0.361594  16.001616  173.290756  0.114100  336.000000  
../Peaks/Foot/peak_152.txt    0.354394  15.828814  598.958442  70.953910  1.499760  
../Peaks/Foot/peak_153.txt    0.378642  16.411097  27.769350  84.920768  336.000000  
../Peaks/Foot/peak_154.txt    0.392947  15.376866  850.972184  59.203033  1.243993  
../Peaks/Foot/peak_155.txt    0.537327  16.329108  167.886065  0.100000  188.595438  
../Peaks/Foot/peak_156.txt    0.418545  17.047868  79.881193  45.518192  65.006368  
../Peaks/Foot/peak_157.txt    0.409567  15.661949  6782.841041  68.857065  0.597444  
../Peaks/Foot/peak_158.txt    0.391383  16.319212  63.757491  96.942049  7.133994  
../Peaks/Foot/peak_159.txt    0.362620  16.590718  599.096391  65.302444  0.939866  
../Peaks/Foot/peak_160.txt    0.490241  17.624146  0.100000  130.449296  336.000000  
../Peaks/Foot/peak_161.txt    0.402452  15.690964  4360.038764  56.309562  0.696715  
../Peaks/Foot/peak_162.txt    0.351605  16.670091  1825.590745  51.713269  0.731448  
../Peaks/Foot/peak_163.txt    0.392892  16.323711  22.177782  67.398518  336.000000  
../Peaks/Foot/peak_164.txt    0.369664  16.045956  2009.746885  77.036914  0.500000  
../Peaks/Foot/peak_165.txt    0.358161  15.992545  945.082140  69.853161  1.152441  
../Peaks/Foot/peak_166.txt    0.308636  16.933799  1613.552614  72.762226  1.047720  
../Peaks/Foot/peak_167.txt    0.401575  17.963686  641.354795  64.382457  0.949375  
../Peaks/Foot/peak_168.txt    0.311765  16.800381  444.042457  75.449830  1.616926  
../Peaks/Foot/peak_169.txt    0.400240  14.589164  1182.202852  396.727651  1.589233  
../Peaks/Foot/peak_170.txt    0.409230  14.345632  11741.462176  113.529894  0.781854  
../Peaks/Foot/peak_171.txt    0.474579  14.974184  3800.244980  297.196596  1.001501  
../Peaks/Foot/peak_172.txt    0.464948  14.521865  9872.399525  241.652718  0.552142  
../Peaks/Foot/peak_173.txt    0.408868  16.314726  12653.181603  272.555517  0.524718  
../Peaks/Foot/peak_174.txt    0.397510  15.796919  0.100000  417.810499  336.000000  
../Peaks/Foot/peak_175.txt    0.510576  14.092944  3740.036449  70.558012  0.949002  
../Peaks/Foot/peak_176.txt    0.466649  14.774554  223.237044  75.973507  336.000000  
../Peaks/Foot/peak_177.txt    0.384402  14.334806  2760.803517  30.433534  0.866877  
../Peaks/Foot/peak_178.txt    0.393566  16.233429  0.100000  213.884694  336.000000  
../Peaks/Foot/peak_179.txt    0.389525  15.317974  5102.675539  328.795303  0.702850  
../Peaks/Foot/peak_180.txt    0.470065  15.275221  3056.304965  227.463311  0.886024  
../Peaks/Foot/peak_181.txt    0.450203  15.789482  0.100000  143.007589  336.000000  
../Peaks/Foot/peak_182.txt    0.350356  15.902750  908.376841  28.285714  1.505448  
../Peaks/Foot/peak_183.txt    0.505035  14.189618  12341.360354  301.763073  0.819092  
../Peaks/Foot/peak_184.txt    0.429766  15.909938  4757.513277  344.199487  1.016936  
../Peaks/Foot/peak_185.txt    0.497467  15.535010  12850.416390  38.302754  0.500000  
../Peaks/Foot/peak_186.txt    0.399829  16.679433  377.773559  2.385042  336.000000  
../Peaks/Foot/peak_187.txt    0.387371  16.903101  2798.536272  136.817013  0.590550  
../Peaks/Foot/peak_188.txt    0.503585  15.484199  48.877992  226.304089  336.000000  
../Peaks/Foot/peak_189.txt    0.365995  16.330006  1751.589606  312.292216  1.001339  
../Peaks/Foot/peak_190.txt    0.383322  16.337190  1551.020381  120.327538  0.648769  
../Peaks/Foot/peak_191.txt    0.443431  16.928557  11.332314  172.289326  336.000000  
../Peaks/Foot/peak_192.txt    0.476726  16.060308  1736.386268  30.994089  0.804185  
../Peaks/Foot/peak_193.txt    0.352728  15.925918  12105.724472  227.117917  1.352957  
../Peaks/Foot/peak_194.txt    0.533503  15.740689  7613.964396  391.248342  0.912398  
../Peaks/Foot/peak_195.txt    0.486773  17.032121  12774.070635  316.480114  0.500000  
../Peaks/Foot/peak_196.txt    0.345689  17.218330  8957.123410  256.923684  1.192168  
../Peaks/Foot/peak_197.txt    0.864194  5.150338  10754.671016  36.194977  2.406653  
../Peaks/Foot/peak_198.txt    0.495057  17.238929  457.792571  1.437489  299.890977  
../Peaks/Foot/peak_199.txt    0.569834  17.280373  107.256093  391.152280  336.000000  
../Peaks/Foot/peak_200.txt    0.357680  15.628879  893.154212  45.619213  1.267464  
../Peaks/Foot/peak_201.txt    0.401594  15.327328  4856.717128  144.774860  1.167897  
../Peaks/Foot/peak_202.txt    0.521221  17.135048  484.372322  0.100000  292.841816  
../Peaks/Foot/peak_203.txt    0.454864  17.123363  517.412276  0.100000  300.873513  
../Peaks/Foot/peak_204.txt    0.340341  16.793277  1844.220600  86.262852  1.521399  
../Peaks/Foot/peak_205.txt    0.458037  15.067702  14773.842367  152.450734  0.692791  
../Peaks/Foot/peak_206.txt    0.422358  16.853009  6263.632505  462.016608  0.535463  
../Peaks/Foot/peak_207.txt    0.467320  15.829568  740.574325  6.038849  336.000000  
../Peaks/Foot/peak_208.txt    0.400501  15.511204  10048.408495  107.768427  1.102133  
../Peaks/Foot/peak_209.txt    0.375267  16.200372  5716.947622  375.149988  1.268709  
../Peaks/Foot/peak_210.txt    0.405194  15.553916  13055.460236  277.396165  0.878648  
../Peaks/Foot/peak_211.txt    0.412085  16.021269  14892.579517  258.577459  0.618333  
../Peaks/Foot/peak_212.txt    0.322412  15.868644  4326.949058  412.081101  1.531046  
../Peaks/Foot/peak_213.txt    0.355864  17.191936  6806.142039  108.672340  1.335874  
../Peaks/Foot/peak_214.txt    0.419001  16.569894  1490.371229  134.289778  0.803083  
../Peaks/Foot/peak_215.txt    0.379764  17.366178  1868.378620  128.292748  1.186660  
../Peaks/Foot/peak_216.txt    0.366372  16.835245  3698.474644  97.544302  0.860537  
../Peaks/Foot/peak_217.txt    0.393332  16.877348  4987.299209  395.560295  0.968796  
../Peaks/Foot/peak_218.txt    0.386027  16.303733  4462.681871  456.175769  0.953806  
../Peaks/Foot/peak_219.txt    0.324929  16.201412  10547.984399  479.005524  0.980199  
../Peaks/Foot/peak_220.txt    0.411870  16.188304  4083.198787  377.616036  0.811805  
../Peaks/Foot/peak_221.txt    0.421812  16.554895  3138.614130  234.173942  1.045421  
../Peaks/Foot/peak_222.txt    0.470086  15.221869  7256.463952  137.112932  0.809891  
../Peaks/Foot/peak_223.txt    0.327590  16.893124  5659.737767  73.895605  0.730134  
../Peaks/Foot/peak_224.txt    0.405529  16.650437  3925.080108  246.867846  0.550920  
../Peaks/Foot/peak_225.txt    0.328840  17.280704  580.236882  362.276919  16.095284  
../Peaks/Foot/peak_226.txt    0.378860  14.703257  3344.926294  131.669306  1.034429  
../Peaks/Foot/peak_227.txt    0.562418  17.317595  5157.433310  235.968340  0.741562  
../Peaks/Foot/peak_228.txt    0.417829  16.946483  0.100000  526.079167  336.000000  
../Peaks/Foot/peak_229.txt    0.414833  16.869235  1052.100643  125.068000  1.274370  
../Peaks/Foot/peak_230.txt    0.457427  16.855208  322.051976  75.065161  137.678957  
../Peaks/Foot/peak_231.txt    0.366187  17.343447  770.980234  351.334159  17.060853  
../Peaks/Foot/peak_232.txt    0.310101  16.141137  993.073469  101.777864  1.237650  
../Peaks/Foot/peak_233.txt    0.356197  15.914701  12596.385913  239.769171  0.679932  
../Peaks/Foot/peak_234.txt    0.348803  15.495256  7137.029562  363.178931  1.066660  
../Peaks/Foot/peak_235.txt    0.337045  15.995757  6834.961515  534.088354  1.109204  
../Peaks/Foot/peak_236.txt    0.321011  16.404396  18752.196811  259.580021  0.735001  
../Peaks/Foot/peak_237.txt    0.494491  14.859261  5612.875712  351.729943  0.740115  
../Peaks/Foot/peak_238.txt    0.504050  15.919480  482.186471  6.534246  217.592441  
../Peaks/Foot/peak_239.txt    0.675702  16.707155  0.100000  553.664272  336.000000  
../Peaks/Foot/peak_240.txt    0.300000  15.000000  33.004539  299.000000  -93.933410  
../Peaks/Foot/peak_241.txt    0.356149  20.145453  2720.636068  261.849784  19.757357  
../Peaks/Foot/peak_242.txt    0.313325  20.254457  2489.602539  426.173607  19.802812  
../Peaks/Foot/peak_243.txt    0.490540  17.982539  0.100000  850.465638  336.000000  
../Peaks/Foot/peak_244.txt    0.761789  18.198015  0.100000  763.964875  336.000000  
../Peaks/Foot/peak_245.txt    0.418581  14.565692  26884.838830  532.043912  0.892270  
../Peaks/Foot/peak_246.txt    0.446795  13.540226  13336.991052  284.680610  1.102322  
../Peaks/Foot/peak_247.txt    0.389331  15.660004  20699.238137  242.102275  0.627428  
../Peaks/Foot/peak_248.txt    0.363802  15.508293  26269.297036  665.657587  0.832887  
../Peaks/Foot/peak_249.txt    0.329886  14.153566  23642.341436  696.343807  1.568447  
../Peaks/Foot/peak_250.txt    0.319076  13.864060  30197.323380  738.524552  1.801443  
