../Peaks/Election/peak_1.txt    0.186503  16.013821  219.658255  8.146892  45.243792  
../Peaks/Election/peak_2.txt    0.185410  21.575192  6056.092044  649.051611  10.595019  
../Peaks/Election/peak_3.txt    0.705182  17.896197  3933.286272  53.640743  6.674189  
../Peaks/Election/peak_4.txt    0.395361  15.199686  2624.246549  480.700267  2.922513  
../Peaks/Election/peak_5.txt    0.539545  14.996092  481.603133  39.408236  36.592230  
../Peaks/Election/peak_6.txt    0.420145  16.380313  478.768432  98.662809  10.388565  
../Peaks/Election/peak_7.txt    0.395344  15.636222  599.771155  77.482476  4.553859  
../Peaks/Election/peak_8.txt    0.542899  8.839613  8526.422304  333.797990  1.990388  
../Peaks/Election/peak_9.txt    0.356076  16.654786  902.583811  31.233578  2.084373  
../Peaks/Election/peak_10.txt    0.253546  19.332576  4010.783796  196.781203  4.576189  
../Peaks/Election/peak_11.txt    0.391972  8.575896  1841.885828  64.188757  12.171596  
../Peaks/Election/peak_12.txt    0.302785  15.591388  10733.680767  655.786195  19.970393  
../Peaks/Election/peak_13.txt    0.243489  1.126766  2125.121142  58.599170  11.481374  
../Peaks/Election/peak_14.txt    0.262694  11.058112  3460.954223  330.265379  11.907388  
../Peaks/Election/peak_15.txt    0.195056  18.905082  337.384719  24.187977  10.476112  
../Peaks/Election/peak_16.txt    0.518467  14.577852  419.966270  49.977339  23.527870  
../Peaks/Election/peak_17.txt    0.370738  17.768284  1650.938350  64.850842  13.390957  
../Peaks/Election/peak_18.txt    0.337380  8.310535  1328.298963  57.074748  14.034713  
../Peaks/Election/peak_19.txt    0.200563  19.664029  1393.123059  53.008745  5.567157  
../Peaks/Election/peak_20.txt    0.246034  18.984194  828.593457  115.550439  12.477307  
../Peaks/Election/peak_21.txt    0.256059  14.753190  19803.752503  980.419492  3.000257  
../Peaks/Election/peak_22.txt    0.332917  9.075604  3349.762990  47.709195  4.445860  
../Peaks/Election/peak_23.txt    0.649977  8.476415  5164.882503  522.321300  2.075650  
../Peaks/Election/peak_24.txt    0.123881  10.900253  1440.846297  136.100979  23.644429  
../Peaks/Election/peak_25.txt    0.094396  6.223431  7408.853118  487.629987  13.069603  
../Peaks/Election/peak_26.txt    0.251463  18.772418  635.965337  57.468141  8.180647  
../Peaks/Election/peak_27.txt    0.353593  16.365786  671.770251  84.001770  13.641333  
../Peaks/Election/peak_28.txt    0.123014  10.880257  973.674542  23.260176  26.046073  
../Peaks/Election/peak_29.txt    0.121198  23.629965  3712.108571  182.948629  6.120134  
../Peaks/Election/peak_30.txt    0.303034  16.038051  3157.371847  131.144459  7.657365  
../Peaks/Election/peak_31.txt    0.207664  0.182217  127.583068  5.381278  13.896545  
../Peaks/Election/peak_32.txt    0.162544  8.637278  24529.351660  1278.606596  8.511827  
../Peaks/Election/peak_33.txt    0.094027  2.600562  3932.086364  180.454300  14.696173  
../Peaks/Election/peak_34.txt    0.468161  21.267373  1122.943020  250.399963  19.393600  
../Peaks/Election/peak_35.txt    0.293094  10.472921  169132.105628  7038.473597  9.699309  
../Peaks/Election/peak_36.txt    0.366196  18.520968  4669.122085  184.712878  5.581316  
../Peaks/Election/peak_37.txt    0.154989  17.152875  1408.847696  77.492415  3.960087  
../Peaks/Election/peak_38.txt    0.372880  18.183365  6001.607020  572.515538  20.434347  
../Peaks/Election/peak_39.txt    0.337339  16.048873  1992.389531  418.191537  22.685053  
../Peaks/Election/peak_40.txt    0.462693  18.740866  1832.846503  90.839107  12.216200  
../Peaks/Election/peak_41.txt    0.188330  18.585735  2881.004152  225.719939  26.776955  
../Peaks/Election/peak_42.txt    0.262570  14.949160  2488.951163  144.827296  8.316352  
../Peaks/Election/peak_43.txt    0.271335  15.492411  752.088317  81.449231  17.424645  
../Peaks/Election/peak_44.txt    0.344734  10.183258  1277.244514  15.869759  14.355640  
../Peaks/Election/peak_45.txt    0.424640  15.654109  866.330204  103.178597  12.925565  
../Peaks/Election/peak_46.txt    0.063151  7.490248  3537.781432  211.606072  4.286498  
../Peaks/Election/peak_47.txt    0.352730  17.201950  757.648571  100.612944  15.427096  
../Peaks/Election/peak_48.txt    0.386529  21.570689  1711.923932  121.901992  7.673515  
../Peaks/Election/peak_49.txt    0.182897  16.603078  981.763006  102.785685  5.915097  
../Peaks/Election/peak_50.txt    0.189170  18.266116  3536.516207  232.365976  9.843883  
../Peaks/Election/peak_51.txt    0.292058  17.142101  9573.602547  430.718715  3.770680  
../Peaks/Election/peak_52.txt    0.060238  4.010683  36623.880676  2070.886610  8.798422  
../Peaks/Election/peak_53.txt    0.356024  14.554581  1697.648456  148.964985  9.292542  
../Peaks/Election/peak_54.txt    0.332359  14.729141  283.262319  57.881194  13.893240  
../Peaks/Election/peak_55.txt    0.343896  18.766216  823.161239  60.731396  7.112828  
../Peaks/Election/peak_56.txt    0.833830  7.204281  1276.429324  11.106239  3.533782  
../Peaks/Election/peak_57.txt    0.158098  17.735988  2924.422794  148.036184  6.845268  
../Peaks/Election/peak_58.txt    0.491639  16.832258  836.947172  133.060855  39.159993  
../Peaks/Election/peak_59.txt    0.269834  18.010751  4276.695089  680.278267  7.008663  
../Peaks/Election/peak_60.txt    0.233028  16.619907  1004.969846  58.459973  5.608143  
../Peaks/Election/peak_61.txt    0.129900  23.634610  2149.391964  52.252350  23.603496  
../Peaks/Election/peak_62.txt    0.440730  16.920618  943.311379  38.233422  5.828662  
../Peaks/Election/peak_63.txt    0.174032  17.151579  1749.900980  80.973978  5.989468  
../Peaks/Election/peak_64.txt    0.277687  20.036614  23948.156509  470.823457  4.247273  
../Peaks/Election/peak_65.txt    0.163476  16.822754  8790.425226  459.648648  3.129549  
../Peaks/Election/peak_66.txt    0.459505  12.262050  1529.836148  32.139298  20.167113  
../Peaks/Election/peak_67.txt    0.440800  17.557840  600.774885  23.860703  5.277377  
../Peaks/Election/peak_68.txt    0.373575  17.752717  8796.260127  652.379739  10.648893  
../Peaks/Election/peak_69.txt    0.262649  17.697253  4051.277881  488.909340  12.446029  
../Peaks/Election/peak_70.txt    0.544486  3.738535  4206.273273  41.099196  3.710191  
../Peaks/Election/peak_71.txt    0.132813  14.678412  18395.171493  500.730802  2.813969  
../Peaks/Election/peak_72.txt    0.354241  17.846024  2590.387449  191.207868  12.907519  
../Peaks/Election/peak_73.txt    0.173593  15.530359  13168.530549  502.046793  4.236780  
../Peaks/Election/peak_74.txt    0.402761  0.623493  17115.823358  619.325043  11.636033  
../Peaks/Election/peak_75.txt    0.237356  17.660149  1063.753365  96.483370  8.914413  
../Peaks/Election/peak_76.txt    0.339392  18.805329  14569.566487  518.040037  6.102940  
../Peaks/Election/peak_77.txt    0.338836  16.564559  832.173575  68.619826  5.977018  
../Peaks/Election/peak_78.txt    0.062329  18.126711  2498.570643  84.058696  4.042284  
../Peaks/Election/peak_79.txt    0.116099  8.941721  8598.875933  123.457710  2.294282  
../Peaks/Election/peak_80.txt    0.398800  7.373285  1257.265990  181.143984  14.602844  
../Peaks/Election/peak_81.txt    0.043801  21.893576  1405.597805  50.955929  5.598636  
../Peaks/Election/peak_82.txt    0.172207  8.867579  1296.837998  28.916920  5.815275  
../Peaks/Election/peak_83.txt    0.289458  9.238018  2646.247738  76.284903  7.855386  
../Peaks/Election/peak_84.txt    0.876825  8.869019  38374.635977  658.068609  4.825175  
../Peaks/Election/peak_85.txt    0.297769  10.410364  3293.214413  44.948446  4.295600  
../Peaks/Election/peak_86.txt    0.338802  14.443767  2513.264245  41.035631  38.522146  
../Peaks/Election/peak_87.txt    0.442111  4.394718  18083.518781  225.554964  3.421285  
../Peaks/Election/peak_88.txt    0.105288  17.806686  3751.737804  152.492177  6.292751  
../Peaks/Election/peak_89.txt    0.043801  21.893576  1405.597805  50.955929  5.598636  
../Peaks/Election/peak_90.txt    0.330289  15.738914  4829.526040  103.419057  2.132565  
../Peaks/Election/peak_91.txt    0.452668  15.530090  3590.178259  206.479477  2.724111  
../Peaks/Election/peak_92.txt    0.414508  17.533587  1718.767617  129.017329  25.385662  
