../Peaks/Sports/peak_1.txt    0.744780  21.769647  1961.787087  253.754654  14.322882  
../Peaks/Sports/peak_2.txt    0.486261  23.424754  5460.765949  1011.468850  6.621835  
../Peaks/Sports/peak_3.txt    0.705286  22.507725  1223.458646  174.549941  45.927647  
../Peaks/Sports/peak_4.txt    0.572097  20.397957  43.626351  2.424668  8.058005  
../Peaks/Sports/peak_5.txt    0.464811  22.567190  31453.671350  3889.201387  7.543422  
../Peaks/Sports/peak_6.txt    0.420617  1.594175  3181.685695  0.100000  74.163302  
../Peaks/Sports/peak_7.txt    0.538477  17.817951  65.551162  4.224830  7.035134  
../Peaks/Sports/peak_8.txt    0.688800  12.783968  561.055632  0.100000  20.632253  
../Peaks/Sports/peak_9.txt    0.190113  16.226700  95.815865  4.481147  2.148080  
../Peaks/Sports/peak_10.txt    0.080781  1.803508  204408.782082  4563.025461  2.792804  
../Peaks/Sports/peak_11.txt    0.849943  19.745531  560.256087  15.552685  13.194111  
../Peaks/Sports/peak_12.txt    0.690163  0.109258  132.091019  1.746267  5.313475  
../Peaks/Sports/peak_13.txt    0.317166  14.639126  163.905379  5.293042  2.186156  
../Peaks/Sports/peak_14.txt    0.591871  21.008578  5741.912795  12.305275  0.511923  
../Peaks/Sports/peak_15.txt    0.841987  13.335159  313.579981  8.003149  17.253094  
../Peaks/Sports/peak_16.txt    0.744293  16.266706  124.441750  0.100000  131.051331  
../Peaks/Sports/peak_17.txt    0.682185  16.419572  38.315221  2.316642  8.672027  
../Peaks/Sports/peak_18.txt    0.814131  16.388158  206.745998  0.100000  26.524486  
../Peaks/Sports/peak_19.txt    0.891490  16.359011  82.424779  2.208393  8.339935  
../Peaks/Sports/peak_20.txt    0.948949  17.572830  388.945615  8.564302  14.282013  
../Peaks/Sports/peak_21.txt    0.714027  22.874853  1033.101830  47.264408  9.153571  
../Peaks/Sports/peak_22.txt    0.448674  14.894006  136.220059  3.692734  1.949495  
../Peaks/Sports/peak_23.txt    0.740774  18.275076  85.613456  2.971702  12.493603  
../Peaks/Sports/peak_24.txt    0.523043  15.410945  4738.806814  31.242374  0.708300  
../Peaks/Sports/peak_25.txt    0.717012  15.794110  20.692016  1.268266  14.584291  
../Peaks/Sports/peak_26.txt    0.618168  19.154854  2944.843403  40.020503  1.387510  
../Peaks/Sports/peak_27.txt    0.860893  16.162121  70.077647  2.403467  9.829355  
../Peaks/Sports/peak_28.txt    0.297679  15.454409  79.297823  7.331821  2.925558  
../Peaks/Sports/peak_29.txt    0.368911  19.794600  15917.834139  888.473807  7.737665  
../Peaks/Sports/peak_30.txt    0.753136  19.780457  1392.427748  161.412358  8.549991  
../Peaks/Sports/peak_31.txt    0.620959  16.894889  92.076761  11.759086  8.046389  
../Peaks/Sports/peak_32.txt    0.288871  2.849449  2147.063912  2.323802  0.500000  
../Peaks/Sports/peak_33.txt    0.583831  21.638088  147.049428  18.902074  10.561594  
../Peaks/Sports/peak_34.txt    0.880682  5.380576  4395.686170  14.386462  2.834361  
../Peaks/Sports/peak_35.txt    0.669812  17.128549  291.100739  24.043539  22.417326  
../Peaks/Sports/peak_36.txt    0.602069  8.360662  27582.466641  458.224134  4.101506  
../Peaks/Sports/peak_37.txt    0.891584  16.016489  67.963204  3.404514  10.916309  
../Peaks/Sports/peak_38.txt    0.950000  17.971504  548.234130  7.537462  13.017137  
../Peaks/Sports/peak_39.txt    0.943331  17.382928  360.639457  17.943117  13.861803  
../Peaks/Sports/peak_40.txt    0.717153  22.446469  735.757325  629.149507  29.322630  
../Peaks/Sports/peak_41.txt    0.950000  15.466232  76.622668  2.709291  7.696531  
../Peaks/Sports/peak_42.txt    0.757389  17.593024  273.752230  8.125404  18.775245  
../Peaks/Sports/peak_43.txt    0.487130  15.411528  1704.228481  34.823368  0.697549  
../Peaks/Sports/peak_44.txt    0.950000  14.105228  14737.059291  133.047992  1.848344  
../Peaks/Sports/peak_45.txt    0.890832  15.880325  60.486113  2.274065  10.907452  
../Peaks/Sports/peak_46.txt    0.570923  14.744514  108.347889  4.215156  2.243062  
../Peaks/Sports/peak_47.txt    0.730311  16.528903  260.626671  6.095041  19.680408  
../Peaks/Sports/peak_48.txt    0.695715  16.591373  163.518930  15.408396  20.401977  
../Peaks/Sports/peak_49.txt    0.879760  17.933151  84.088153  2.218428  8.869182  
../Peaks/Sports/peak_50.txt    0.416682  11.626692  102.381696  6.787890  1.823336  
../Peaks/Sports/peak_51.txt    0.629122  17.156767  200.816092  5.456820  21.397000  
../Peaks/Sports/peak_52.txt    0.806023  15.990720  79.027207  3.440074  8.424194  
../Peaks/Sports/peak_53.txt    0.950000  15.151539  527.779067  11.027453  7.654563  
../Peaks/Sports/peak_54.txt    0.633606  13.020845  60.361163  4.902714  13.539894  
../Peaks/Sports/peak_55.txt    0.724950  11.475051  55.428653  2.675390  11.863635  
../Peaks/Sports/peak_56.txt    0.404510  23.079117  285.703943  8.784323  14.681866  
../Peaks/Sports/peak_57.txt    0.878849  12.741358  56.252655  2.465584  7.099306  
../Peaks/Sports/peak_58.txt    0.469217  22.127508  218.528087  16.880812  15.001533  
../Peaks/Sports/peak_59.txt    0.615033  16.370841  39.777475  3.221741  8.188552  
../Peaks/Sports/peak_60.txt    0.667882  20.312783  275.056282  9.520457  15.902396  
../Peaks/Sports/peak_61.txt    0.744980  16.933306  49.606845  2.180628  10.324757  
../Peaks/Sports/peak_62.txt    0.393933  10.322524  40.751475  3.653136  46.107157  
../Peaks/Sports/peak_63.txt    0.820276  22.437301  4426.766817  162.770159  3.972118  
../Peaks/Sports/peak_64.txt    0.804828  18.855761  554.008377  18.254232  10.226141  
../Peaks/Sports/peak_65.txt    0.523227  20.789484  2973.748999  91.786974  1.826141  
../Peaks/Sports/peak_66.txt    0.794921  21.587993  1810.593711  296.874751  16.153176  
../Peaks/Sports/peak_67.txt    0.591262  21.998459  13055.470689  1190.163876  2.885116  
../Peaks/Sports/peak_68.txt    0.493167  22.045906  6148.154868  902.397117  4.766285  
../Peaks/Sports/peak_69.txt    0.420338  22.306402  53062.278738  2385.258460  5.275787  
../Peaks/Sports/peak_70.txt    0.361225  1.352353  3144.203294  0.100000  86.704663  
../Peaks/Sports/peak_71.txt    0.249953  8.956216  2225.712308  37.025029  0.893010  
../Peaks/Sports/peak_72.txt    0.734512  22.160952  663.022128  49.977529  7.825862  
../Peaks/Sports/peak_73.txt    0.660658  17.540380  128.563444  18.788316  10.731806  
../Peaks/Sports/peak_74.txt    0.718729  12.171685  1128.888174  25.093646  14.689690  
../Peaks/Sports/peak_75.txt    0.605028  15.350726  360.291750  30.228480  11.410219  
../Peaks/Sports/peak_76.txt    0.816467  13.163617  505.219313  8.730262  15.965918  
../Peaks/Sports/peak_77.txt    0.649113  14.463996  288.283287  26.327078  11.680534  
../Peaks/Sports/peak_78.txt    0.836231  19.520702  490.198295  16.181849  16.378904  
../Peaks/Sports/peak_79.txt    0.506873  23.717164  126.737409  2.111656  8.474263  
../Peaks/Sports/peak_80.txt    0.950000  15.897968  677.795537  6.849551  12.127003  
../Peaks/Sports/peak_81.txt    0.499695  14.702816  184.187276  7.382040  2.349043  
../Peaks/Sports/peak_82.txt    0.950000  18.173060  732.972754  13.410497  10.843556  
../Peaks/Sports/peak_83.txt    0.940655  15.735609  42.175403  0.100000  77.614888  
../Peaks/Sports/peak_84.txt    0.486786  18.829568  9072.044905  158.288837  1.831961  
../Peaks/Sports/peak_85.txt    0.841632  18.052033  153.630695  2.377233  6.247468  
../Peaks/Sports/peak_86.txt    0.571178  19.074056  56.733345  4.519285  8.529695  
../Peaks/Sports/peak_87.txt    0.903369  17.811166  439.673706  8.558100  13.800711  
../Peaks/Sports/peak_88.txt    0.659451  19.352235  2813.061129  26.005186  0.957654  
../Peaks/Sports/peak_89.txt    0.891054  17.255724  110.298057  1.732437  7.618198  
../Peaks/Sports/peak_90.txt    0.930965  7.475996  4327.238765  6.312675  1.396293  
../Peaks/Sports/peak_91.txt    0.817148  16.702361  561.797464  15.564139  19.940523  
../Peaks/Sports/peak_92.txt    0.622778  18.774723  3302.092925  239.079796  6.730501  
../Peaks/Sports/peak_93.txt    0.290413  14.970009  392.624188  16.076744  2.903725  
../Peaks/Sports/peak_94.txt    0.344433  15.388920  21554.846966  746.416728  2.541098  
../Peaks/Sports/peak_95.txt    0.683229  15.997627  47.037036  9.248679  16.289428  
../Peaks/Sports/peak_96.txt    0.872182  17.211606  126.127743  1.776953  6.412420  
../Peaks/Sports/peak_97.txt    0.515956  20.155934  848.288769  41.697015  2.630567  
../Peaks/Sports/peak_98.txt    0.399844  20.420547  297.692979  4.703561  22.412512  
../Peaks/Sports/peak_99.txt    0.901741  17.062149  80.709659  2.379092  8.234531  
../Peaks/Sports/peak_100.txt    0.292506  19.572501  37760.070027  773.107385  1.129633  
../Peaks/Sports/peak_101.txt    0.736319  17.087432  309.441374  6.624447  24.464170  
../Peaks/Sports/peak_102.txt    0.950000  17.796683  164.536787  1.779762  5.638357  
../Peaks/Sports/peak_103.txt    0.571086  14.505923  266.675580  5.652177  1.613305  
../Peaks/Sports/peak_104.txt    0.663383  16.472240  223.367862  3.252364  26.312732  
../Peaks/Sports/peak_105.txt    0.675823  23.292169  665.958920  166.848288  61.080654  
../Peaks/Sports/peak_106.txt    0.543700  15.506208  2895.346174  45.602427  0.778930  
../Peaks/Sports/peak_107.txt    0.901062  17.090446  393.893550  5.233021  20.030976  
../Peaks/Sports/peak_108.txt    0.808961  16.105424  74.293319  2.339784  8.728637  
../Peaks/Sports/peak_109.txt    0.544961  14.537322  28863.101075  486.216497  0.901307  
../Peaks/Sports/peak_110.txt    0.369729  15.266340  207.779694  4.364232  1.840076  
../Peaks/Sports/peak_111.txt    0.449130  17.651519  92.227013  6.691139  2.687484  
../Peaks/Sports/peak_112.txt    0.359267  10.895049  149649.378760  3736.442286  4.117555  
../Peaks/Sports/peak_113.txt    0.694233  16.018743  281.317543  10.144722  25.434878  
../Peaks/Sports/peak_114.txt    0.410245  14.154129  132.983365  3.133398  2.156461  
../Peaks/Sports/peak_115.txt    0.762322  17.530471  721.903194  10.921668  20.353984  
../Peaks/Sports/peak_116.txt    0.878923  15.978459  92.548126  2.742218  9.107122  
../Peaks/Sports/peak_117.txt    0.784024  16.889053  364.306349  3.298184  24.006119  
../Peaks/Sports/peak_118.txt    0.950000  16.274711  91.336446  2.167116  8.756289  
../Peaks/Sports/peak_119.txt    0.950000  14.343237  764.091356  25.230989  9.420611  
../Peaks/Sports/peak_120.txt    0.422526  14.764789  203.569287  8.783978  1.584606  
../Peaks/Sports/peak_121.txt    0.852594  12.726294  495.517945  21.200215  14.062464  
../Peaks/Sports/peak_122.txt    0.778030  11.092875  60.655397  2.694134  9.243295  
../Peaks/Sports/peak_123.txt    0.659257  1.666561  869.759510  21.424673  9.744516  
../Peaks/Sports/peak_124.txt    0.085842  12.188800  0.100000  7.271574  23.800025  
../Peaks/Sports/peak_125.txt    0.861487  11.597463  58.505056  2.809139  10.952037  
../Peaks/Sports/peak_126.txt    0.272862  17.826220  1608.052762  58.842842  1.926665  
../Peaks/Sports/peak_127.txt    0.814035  19.703242  416.321822  8.973475  19.926894  
../Peaks/Sports/peak_128.txt    0.838626  17.745405  91.376660  2.960660  7.591632  
../Peaks/Sports/peak_129.txt    0.784886  17.610767  393.091994  17.789825  14.986882  
../Peaks/Sports/peak_130.txt    0.231029  10.102320  34.353428  6.812087  11.249194  
../Peaks/Sports/peak_131.txt    0.603555  22.731587  7190.392847  127.469070  1.826501  
../Peaks/Sports/peak_132.txt    0.654844  22.444130  92.704492  9.886753  25.786573  
../Peaks/Sports/peak_133.txt    0.817217  22.206215  1142.151382  191.812339  12.286959  
../Peaks/Sports/peak_134.txt    0.581039  19.290540  6105.144348  31.306897  0.500000  
../Peaks/Sports/peak_135.txt    0.568073  22.648753  7490.810788  712.364461  3.591486  
../Peaks/Sports/peak_136.txt    0.446271  19.781126  32.272727  2.013258  7.418246  
../Peaks/Sports/peak_137.txt    0.460643  23.431171  43499.874664  2132.610624  8.783677  
../Peaks/Sports/peak_138.txt    0.293713  7.035515  607.211788  21.517728  1.224524  
../Peaks/Sports/peak_139.txt    0.819045  22.437577  1451.677380  57.033792  8.425168  
../Peaks/Sports/peak_140.txt    0.385820  1.361327  2478.311958  0.100000  70.788328  
../Peaks/Sports/peak_141.txt    0.323086  18.848847  102.650694  6.969228  5.971407  
../Peaks/Sports/peak_142.txt    0.580476  17.637588  173.752120  15.540887  10.049817  
../Peaks/Sports/peak_143.txt    0.626423  12.234107  749.895640  8.982296  19.559928  
../Peaks/Sports/peak_144.txt    0.320324  16.597561  15001.922428  399.569778  2.326022  
../Peaks/Sports/peak_145.txt    0.724661  14.150750  339.132297  18.990320  11.312670  
../Peaks/Sports/peak_146.txt    0.790500  18.989139  462.606580  5.484237  21.164302  
../Peaks/Sports/peak_147.txt    0.574461  22.136044  91.501307  1.151594  11.317250  
../Peaks/Sports/peak_148.txt    0.702613  14.536589  500.294797  25.499985  10.291182  
../Peaks/Sports/peak_149.txt    0.608358  21.242508  3289.471685  15.702399  0.600194  
../Peaks/Sports/peak_150.txt    0.590628  15.250817  42.847021  2.175297  9.007391  
../Peaks/Sports/peak_151.txt    0.841629  14.929586  1077.693186  16.269631  17.990693  
../Peaks/Sports/peak_152.txt    0.733328  12.560606  360.836181  20.802745  20.583163  
../Peaks/Sports/peak_153.txt    0.865185  20.460094  142.405051  4.166678  7.021263  
../Peaks/Sports/peak_154.txt    0.637604  19.750248  189.418830  14.079697  9.411070  
../Peaks/Sports/peak_155.txt    0.950000  13.620816  1503.357478  12.521783  9.598577  
../Peaks/Sports/peak_156.txt    0.664334  2.919284  253.137750  2.323821  5.457923  
../Peaks/Sports/peak_157.txt    0.637110  17.066094  127.245732  6.040344  7.568616  
../Peaks/Sports/peak_158.txt    0.630313  15.526181  692.264721  40.968986  1.323668  
../Peaks/Sports/peak_159.txt    0.756429  16.495548  336.073333  2.441269  28.858187  
../Peaks/Sports/peak_160.txt    0.553148  23.695392  10500.351655  209.841362  5.756404  
../Peaks/Sports/peak_161.txt    0.438072  15.555466  181.125677  3.641226  2.410288  
../Peaks/Sports/peak_162.txt    0.732949  16.195177  202.267713  36.115389  19.113591  
../Peaks/Sports/peak_163.txt    0.750172  16.722286  314.778489  5.077318  24.616292  
../Peaks/Sports/peak_164.txt    0.519934  14.131908  13155.779859  228.340330  1.190748  
../Peaks/Sports/peak_165.txt    0.950000  16.099189  79.237376  1.427911  9.254386  
../Peaks/Sports/peak_166.txt    0.211580  18.669172  401.526474  12.105057  3.596120  
../Peaks/Sports/peak_167.txt    0.461967  16.327066  4561.701272  757.801046  20.893845  
../Peaks/Sports/peak_168.txt    0.753739  16.505122  414.895480  11.056297  23.827524  
../Peaks/Sports/peak_169.txt    0.813373  19.417031  2394.624674  165.368123  9.621021  
../Peaks/Sports/peak_170.txt    0.896713  17.707877  333.467432  10.513087  10.147612  
../Peaks/Sports/peak_171.txt    0.950000  16.587558  104.613364  1.799023  9.169308  
../Peaks/Sports/peak_172.txt    0.338322  16.884906  33.105590  2.398188  24.539877  
../Peaks/Sports/peak_173.txt    0.326701  21.522384  2333.738724  91.924616  3.233402  
../Peaks/Sports/peak_174.txt    0.486476  23.517498  641.458943  16.912790  11.630657  
../Peaks/Sports/peak_175.txt    0.451241  15.844104  173.048102  4.116146  2.478668  
../Peaks/Sports/peak_176.txt    0.872597  9.908856  170945.011081  391.362085  2.140220  
../Peaks/Sports/peak_177.txt    0.868283  17.289025  598.512983  40.189802  21.216354  
../Peaks/Sports/peak_178.txt    0.503659  15.730794  3379.603950  41.693844  0.780875  
../Peaks/Sports/peak_179.txt    0.429699  15.347679  153.438401  3.319349  2.292923  
../Peaks/Sports/peak_180.txt    0.454740  15.363881  1362.544342  42.401528  1.302726  
../Peaks/Sports/peak_181.txt    0.237641  16.478103  180.876361  3.480318  1.777210  
../Peaks/Sports/peak_182.txt    0.696798  7.494702  1565.048650  32.193426  5.100057  
../Peaks/Sports/peak_183.txt    0.657143  23.243170  1194.337083  172.627023  37.165658  
../Peaks/Sports/peak_184.txt    0.818363  17.301601  394.828633  9.307782  20.659125  
../Peaks/Sports/peak_185.txt    0.777071  17.080609  269.104648  20.626462  17.501928  
../Peaks/Sports/peak_186.txt    0.860663  17.035418  92.372102  1.950298  7.008753  
../Peaks/Sports/peak_187.txt    0.747492  15.252865  59.958606  7.102650  21.539296  
../Peaks/Sports/peak_188.txt    0.359748  13.123191  133.228794  3.487885  1.907367  
../Peaks/Sports/peak_189.txt    0.540768  1.199323  12167.493522  159.890787  4.787200  
../Peaks/Sports/peak_190.txt    0.950000  17.915776  389.552427  7.922465  19.839156  
../Peaks/Sports/peak_191.txt    0.353511  18.785492  131.981606  13.495216  35.964111  
../Peaks/Sports/peak_192.txt    0.353511  18.785492  131.981606  13.495216  35.964111  
../Peaks/Sports/peak_193.txt    0.624837  16.140046  2808.010126  48.395570  0.727310  
../Peaks/Sports/peak_194.txt    0.802608  17.061144  115.634546  2.141967  6.383651  
../Peaks/Sports/peak_195.txt    0.373291  4.808545  11343.188803  351.773465  5.803080  
../Peaks/Sports/peak_196.txt    0.736656  16.855481  227.444216  4.749515  27.274514  
../Peaks/Sports/peak_197.txt    0.848425  17.103400  85.993245  1.482981  7.417232  
../Peaks/Sports/peak_198.txt    0.910528  16.752634  290.872321  1.955600  21.888302  
../Peaks/Sports/peak_199.txt    0.847733  12.718388  304.192272  12.677141  15.679487  
../Peaks/Sports/peak_200.txt    0.950000  13.031147  90.853998  2.198633  7.616721  
../Peaks/Sports/peak_201.txt    0.759057  2.825289  947.521004  10.051860  6.319953  
../Peaks/Sports/peak_202.txt    0.873009  14.006359  199.476159  1.936891  3.654787  
../Peaks/Sports/peak_203.txt    0.554080  22.514681  241.174769  15.959380  18.459518  
../Peaks/Sports/peak_204.txt    0.792657  10.822004  45.640312  2.026030  9.321889  
../Peaks/Sports/peak_205.txt    0.845527  12.127645  91.050345  1.790594  7.567112  
../Peaks/Sports/peak_206.txt    0.707903  21.830352  235.451524  4.181672  19.065461  
../Peaks/Sports/peak_207.txt    0.830879  18.216547  182.234695  1.801410  4.810311  
../Peaks/Sports/peak_208.txt    0.692514  23.554259  4360.036172  138.981726  3.294995  
../Peaks/Sports/peak_209.txt    0.754264  17.558750  196.893352  8.228366  21.398369  
../Peaks/Sports/peak_210.txt    0.701242  15.057969  104.014811  0.100000  39.910354  
../Peaks/Sports/peak_211.txt    0.087241  12.473093  11438.485092  765.427417  6.927122  
../Peaks/Sports/peak_212.txt    0.903387  16.015490  56.385487  2.005925  7.380279  
../Peaks/Sports/peak_213.txt    0.622528  15.731187  126.002558  3.921872  14.527173  
