../Peaks/Holiday/peak_1.txt    0.431043  19.784874  4626.685963  591.449942  20.903292  
../Peaks/Holiday/peak_2.txt    0.578641  21.111706  12165.090387  875.365585  9.197922  
../Peaks/Holiday/peak_3.txt    0.809819  19.831176  32728.130289  688.058700  8.683233  
../Peaks/Holiday/peak_4.txt    0.577743  21.293118  431.026309  37.582962  6.361896  
../Peaks/Holiday/peak_5.txt    0.681781  20.814180  11124.219328  874.157727  7.221609  
../Peaks/Holiday/peak_6.txt    0.071627  22.973045  34080.952536  1798.891263  16.963733  
../Peaks/Holiday/peak_7.txt    0.409925  6.077419  56178.160053  918.883178  12.246410  
../Peaks/Holiday/peak_8.txt    0.257103  10.251486  39397.414304  526.017291  10.591256  
../Peaks/Holiday/peak_9.txt    0.431735  19.576617  65321.963268  2101.469681  10.097158  
../Peaks/Holiday/peak_10.txt    0.393644  21.668605  14057.626824  332.411319  8.682365  
../Peaks/Holiday/peak_11.txt    0.098711  6.573059  18175.366488  650.622036  16.666816  
../Peaks/Holiday/peak_12.txt    0.448707  7.691287  24739.182203  310.830748  10.693743  
../Peaks/Holiday/peak_13.txt    0.114972  16.802587  16665.718820  2204.685386  27.608145  
../Peaks/Holiday/peak_14.txt    0.716603  20.389776  606.015601  44.748453  10.070193  
../Peaks/Holiday/peak_15.txt    0.244584  16.006954  4144.230191  460.505370  23.295138  
../Peaks/Holiday/peak_16.txt    0.550043  18.406288  539.325107  73.705340  2.995986  
../Peaks/Holiday/peak_17.txt    0.220849  16.656378  11514.083666  362.412661  14.653073  
../Peaks/Holiday/peak_18.txt    0.563545  18.797997  23623.101397  969.325618  27.203371  
../Peaks/Holiday/peak_19.txt    0.146532  19.167502  1098.329004  148.466600  13.693252  
../Peaks/Holiday/peak_20.txt    0.400167  19.176671  72.895802  3.826200  13.830654  
../Peaks/Holiday/peak_21.txt    0.180364  16.482760  9174.568317  702.481093  27.546010  
../Peaks/Holiday/peak_22.txt    0.950000  21.387291  14291.251246  127.600787  3.754292  
../Peaks/Holiday/peak_23.txt    0.437509  21.095684  2354.735708  73.204474  6.407977  
../Peaks/Holiday/peak_24.txt    0.745067  19.342441  27792.996564  1345.765829  8.514164  
../Peaks/Holiday/peak_25.txt    0.416750  19.525860  29628.071980  993.968386  11.313867  
../Peaks/Holiday/peak_26.txt    0.471468  18.649034  588.116373  32.321035  6.567966  
../Peaks/Holiday/peak_27.txt    0.360989  23.612507  1382.501873  65.157127  11.375555  
../Peaks/Holiday/peak_28.txt    0.834878  20.242217  4629.483481  63.227300  6.202618  
../Peaks/Holiday/peak_29.txt    0.852784  20.901659  3024.620495  28.619663  4.330491  
../Peaks/Holiday/peak_30.txt    0.629143  20.320573  12706.198202  297.432419  21.539016  
../Peaks/Holiday/peak_31.txt    0.228848  3.033595  475.483813  7.017483  10.476730  
../Peaks/Holiday/peak_32.txt    0.655743  20.145376  5328.437068  44.301304  7.971576  
../Peaks/Holiday/peak_33.txt    0.253849  16.713769  29879.803759  3501.659293  23.468370  
../Peaks/Holiday/peak_34.txt    0.443628  20.545517  1671.699584  225.490791  13.714406  
../Peaks/Holiday/peak_35.txt    0.187572  14.424606  14029.174452  1151.568388  43.313540  
../Peaks/Holiday/peak_36.txt    0.390086  19.601119  11838.541574  1271.254872  17.672740  
../Peaks/Holiday/peak_37.txt    0.000020  20.399492  17091.879877  1142.789388  28.533227  
../Peaks/Holiday/peak_38.txt    0.730947  20.770927  3156.902857  34.911421  5.963354  
../Peaks/Holiday/peak_39.txt    0.216045  21.331754  1449.769409  68.495130  17.896298  
../Peaks/Holiday/peak_40.txt    0.196427  16.832977  3730.360121  182.745236  12.483663  
../Peaks/Holiday/peak_41.txt    0.369082  13.643629  7633.982592  1954.908697  11.925631  
../Peaks/Holiday/peak_42.txt    0.273404  3.335952  17651.111216  153.880634  11.683379  
../Peaks/Holiday/peak_43.txt    0.190901  3.728189  14174.138661  191.269039  8.253915  
../Peaks/Holiday/peak_44.txt    0.472917  5.219486  6788.525088  397.631379  9.811257  
../Peaks/Holiday/peak_45.txt    0.385489  20.010145  105.491410  13.746331  10.418210  
../Peaks/Holiday/peak_46.txt    0.448800  4.719649  38.319794  4.465291  14.904428  
../Peaks/Holiday/peak_47.txt    0.171613  20.232838  2165.836701  115.047158  18.575079  
../Peaks/Holiday/peak_48.txt    0.585976  5.693451  10532.130324  352.977367  10.596993  
../Peaks/Holiday/peak_49.txt    0.819413  16.409370  150.177698  5.867085  5.126192  
../Peaks/Holiday/peak_50.txt    0.855082  6.440248  135.226091  9.362527  7.374600  
../Peaks/Holiday/peak_51.txt    0.917671  7.812681  292.969773  19.189212  6.154033  
../Peaks/Holiday/peak_52.txt    0.608677  16.461249  1680.543509  76.985185  9.574575  
../Peaks/Holiday/peak_53.txt    0.179928  11.663107  202.633064  19.251556  8.552382  
../Peaks/Holiday/peak_54.txt    0.766358  14.285991  48.993952  9.163078  39.399267  
../Peaks/Holiday/peak_55.txt    0.783108  5.661940  4206.193683  140.613075  9.964665  
../Peaks/Holiday/peak_56.txt    0.744196  17.842289  12908.249851  91.381920  4.018202  
../Peaks/Holiday/peak_57.txt    0.283121  20.251700  35295.619761  1407.611979  11.588991  
../Peaks/Holiday/peak_58.txt    0.507433  4.145002  42.599608  0.100000  100.490231  
