../Peaks/Film/peak_1.txt    0.215845  5.891154  223.364766  1.720426  13.688383  
../Peaks/Film/peak_2.txt    0.451262  22.528153  2191.359227  544.685103  36.588341  
../Peaks/Film/peak_3.txt    0.335109  23.157878  1019.131506  107.166517  89.354644  
../Peaks/Film/peak_4.txt    0.273469  0.551148  305.634584  6.568555  22.967168  
../Peaks/Film/peak_5.txt    0.556082  22.740625  62.204286  0.100000  100.988443  
../Peaks/Film/peak_6.txt    0.117266  19.715330  105.067987  17.143796  10.593492  
../Peaks/Film/peak_7.txt    0.244657  19.316570  78.084575  25.981338  32.524958  
../Peaks/Film/peak_8.txt    0.108119  22.050660  5117.524731  1056.634777  24.782283  
../Peaks/Film/peak_9.txt    0.310506  22.608135  3846.102940  1107.996837  21.521455  
../Peaks/Film/peak_10.txt    0.250187  22.963679  1196.233389  434.878283  32.838711  
../Peaks/Film/peak_11.txt    0.231837  21.556655  77.969503  23.729796  10.944706  
../Peaks/Film/peak_12.txt    0.165964  22.506801  4834.892291  0.100000  82.022541  
../Peaks/Film/peak_13.txt    0.361752  23.014013  2510.843697  1386.635636  29.490727  
../Peaks/Film/peak_14.txt    0.282003  16.449075  181.693147  11.783117  13.373154  
../Peaks/Film/peak_15.txt    0.235593  22.590853  265.292426  104.475251  27.332306  
../Peaks/Film/peak_16.txt    0.100856  20.872294  28366.037101  421.304867  63.121473  
../Peaks/Film/peak_17.txt    0.301748  23.253400  706.603646  211.220419  35.267905  
../Peaks/Film/peak_18.txt    0.374315  22.854755  280.770914  133.365750  67.595557  
../Peaks/Film/peak_19.txt    0.057601  0.201658  391.872013  187.798577  7.932632  
../Peaks/Film/peak_20.txt    0.151855  20.845930  9517.474503  1055.027169  60.641021  
../Peaks/Film/peak_21.txt    0.295833  21.832458  659.482167  175.106606  14.208144  
../Peaks/Film/peak_22.txt    0.617727  4.722834  6632.658695  58.039431  4.660481  
../Peaks/Film/peak_23.txt    0.348483  22.855497  2193.963722  465.852233  32.363994  
../Peaks/Film/peak_24.txt    0.186854  21.136592  12973.235762  1328.482475  45.988532  
../Peaks/Film/peak_25.txt    0.170515  20.839036  6661.658602  1532.999159  31.194342  
../Peaks/Film/peak_26.txt    0.382134  20.840708  303.336649  55.205743  31.649230  
../Peaks/Film/peak_27.txt    0.413075  21.700293  479.595181  183.515582  51.768566  
../Peaks/Film/peak_28.txt    0.295117  21.078869  50.224764  87.294777  24.705870  
../Peaks/Film/peak_29.txt    0.354407  20.497749  935.790369  233.436956  39.177284  
../Peaks/Film/peak_30.txt    0.301400  19.327311  574.380248  44.102951  76.310213  
../Peaks/Film/peak_31.txt    0.133810  16.175388  17305.602177  1787.729944  43.837191  
../Peaks/Film/peak_32.txt    0.252648  20.419959  81.747850  40.171445  66.091774  
../Peaks/Film/peak_33.txt    0.311123  20.878048  4.283224  21.665525  26.915380  
../Peaks/Film/peak_34.txt    0.494192  18.093082  19.084172  29.970735  7.848991  
../Peaks/Film/peak_35.txt    0.407455  20.633007  114.861566  65.075629  18.475037  
../Peaks/Film/peak_36.txt    0.349635  21.903358  1336.527902  0.100000  100.581956  
../Peaks/Film/peak_37.txt    0.407653  21.644762  785.318516  156.367609  16.686519  
../Peaks/Film/peak_38.txt    0.500700  22.402790  1358.470528  635.500811  17.262076  
../Peaks/Film/peak_39.txt    0.427959  22.301198  712.508227  0.100000  87.590088  
../Peaks/Film/peak_40.txt    0.467347  10.805892  26550.114685  1646.683886  16.202135  
../Peaks/Film/peak_41.txt    0.448116  19.727106  333.356535  0.100000  80.160623  
../Peaks/Film/peak_42.txt    0.277580  20.977838  53.905018  0.100000  311.980461  
../Peaks/Film/peak_43.txt    0.202619  18.566009  2839.600766  336.297441  74.784729  
../Peaks/Film/peak_44.txt    0.304216  22.759235  408.684264  230.876466  39.054194  
../Peaks/Film/peak_45.txt    0.314820  18.182358  172.126343  41.158673  10.438438  
../Peaks/Film/peak_46.txt    0.381758  21.800471  500.066496  300.695937  24.928620  
../Peaks/Film/peak_47.txt    0.376097  22.486666  893.009844  394.533276  41.242970  
../Peaks/Film/peak_48.txt    0.282667  17.961711  164.727288  22.718762  69.361792  
../Peaks/Film/peak_49.txt    0.253423  16.482029  9976.489490  521.495620  9.169340  
../Peaks/Film/peak_50.txt    0.397934  21.627609  1076.268761  273.076378  27.082562  
../Peaks/Film/peak_51.txt    0.383753  19.540216  50.680113  19.028108  73.234421  
../Peaks/Film/peak_52.txt    0.331197  22.551076  4389.529114  373.557646  42.434701  
../Peaks/Film/peak_53.txt    0.256878  20.044104  337.422252  172.025940  63.850769  
../Peaks/Film/peak_54.txt    0.417685  20.654439  612.384366  65.413892  5.586542  
../Peaks/Film/peak_55.txt    0.593699  23.886153  743.723785  129.523228  299.543236  
../Peaks/Film/peak_56.txt    0.402072  23.688047  302.287921  255.352990  90.161602  
../Peaks/Film/peak_57.txt    0.313818  18.792372  617.434047  139.408128  20.140166  
../Peaks/Film/peak_58.txt    0.309556  20.445920  3661.509475  261.529443  11.134242  
../Peaks/Film/peak_59.txt    0.288460  21.126422  624.276686  218.259321  29.959139  
../Peaks/Film/peak_60.txt    0.338121  20.230295  261.705951  27.732952  21.708117  
../Peaks/Film/peak_61.txt    0.219930  18.047013  425.409330  39.655571  35.739085  
../Peaks/Film/peak_62.txt    0.336355  22.128631  1346.015221  237.239180  33.402347  
../Peaks/Film/peak_63.txt    0.229786  19.709021  78.588074  40.578307  41.861167  
../Peaks/Film/peak_64.txt    0.182351  20.770238  240.778139  13.294485  28.459031  
../Peaks/Film/peak_65.txt    0.244217  21.242320  2621.268682  599.022711  43.459954  
../Peaks/Film/peak_66.txt    0.345358  0.017901  9299.170320  477.896902  20.116978  
../Peaks/Film/peak_67.txt    0.421359  21.286702  202.005738  105.007922  14.417880  
../Peaks/Film/peak_68.txt    0.881078  22.873732  689.171617  0.310805  4.057240  
../Peaks/Film/peak_69.txt    0.455744  23.664625  655.696794  345.031651  53.567046  
../Peaks/Film/peak_70.txt    0.491192  22.784911  339.000475  221.379044  27.576562  
../Peaks/Film/peak_71.txt    0.353328  20.284035  0.100000  150.905331  336.000000  
../Peaks/Film/peak_72.txt    0.438050  21.391578  302.966063  120.319773  22.149950  
../Peaks/Film/peak_73.txt    0.234124  20.290207  1636.722463  279.206393  48.767647  
../Peaks/Film/peak_74.txt    0.377361  22.379316  217.378781  213.827480  17.587416  
../Peaks/Film/peak_75.txt    0.415370  20.765220  107.435600  14.178492  53.172778  
../Peaks/Film/peak_76.txt    0.403481  17.949530  826.972190  57.804376  6.215249  
../Peaks/Film/peak_77.txt    0.294188  21.639379  745.261434  169.359115  38.906607  
../Peaks/Film/peak_78.txt    0.343839  19.422905  154.716520  45.890101  9.200993  
../Peaks/Film/peak_79.txt    0.202154  22.625454  513.364432  31.161655  14.442272  
../Peaks/Film/peak_80.txt    0.161973  23.042099  335.869749  82.726052  13.873021  
../Peaks/Film/peak_81.txt    0.324155  17.428905  90.546441  14.675662  14.941024  
../Peaks/Film/peak_82.txt    0.349002  14.621436  130.742323  17.038070  12.350249  
../Peaks/Film/peak_83.txt    0.253123  20.736730  1569.453916  446.810246  39.926100  
../Peaks/Film/peak_84.txt    0.259668  21.548284  11015.731193  2569.396660  36.653808  
../Peaks/Film/peak_85.txt    0.441305  22.934936  633.572067  192.832397  43.241558  
../Peaks/Film/peak_86.txt    0.266623  18.591185  330.103444  549.822388  18.444725  
../Peaks/Film/peak_87.txt    0.339650  22.283793  87.448461  0.100000  107.259292  
../Peaks/Film/peak_88.txt    0.385255  22.621799  1591.425064  434.473613  19.503982  
../Peaks/Film/peak_89.txt    0.193670  22.155090  1981.373597  629.942765  31.285655  
../Peaks/Film/peak_90.txt    0.230623  19.944104  38.676784  56.871730  32.829453  
../Peaks/Film/peak_91.txt    0.317908  21.261463  1182.492515  420.267844  24.548860  
../Peaks/Film/peak_92.txt    0.430209  20.597018  192.856189  57.211272  27.755809  
../Peaks/Film/peak_93.txt    0.289332  20.819613  6855.699718  742.957942  24.498144  
../Peaks/Film/peak_94.txt    0.121875  19.821884  1487.185441  664.451891  29.144222  
../Peaks/Film/peak_95.txt    0.364448  20.711385  217.670419  80.378582  11.610696  
../Peaks/Film/peak_96.txt    0.513058  22.839976  747.381791  126.656494  30.980783  
../Peaks/Film/peak_97.txt    0.133873  16.076655  1640.348610  1001.493233  18.556626  
../Peaks/Film/peak_98.txt    0.410660  21.647471  2881.773275  1156.650628  24.308133  
../Peaks/Film/peak_99.txt    0.247438  21.549928  468.477568  211.135409  13.442532  
../Peaks/Film/peak_100.txt    0.540397  20.509394  205.072018  48.989150  36.573529  
../Peaks/Film/peak_101.txt    0.252262  21.961450  6845.794483  1137.599587  29.445198  
../Peaks/Film/peak_102.txt    0.274409  20.399262  1354.263138  633.160987  32.671014  
../Peaks/Film/peak_103.txt    0.426277  20.851386  737.006353  111.733849  12.809254  
../Peaks/Film/peak_104.txt    0.186100  16.512902  227.123201  42.691620  17.462530  
../Peaks/Film/peak_105.txt    0.152550  18.740041  64.700911  0.100000  77.025844  
../Peaks/Film/peak_106.txt    0.429795  21.949260  167.415056  54.462019  44.606875  
../Peaks/Film/peak_107.txt    0.118807  22.893055  921.091462  54.141630  36.574642  
../Peaks/Film/peak_108.txt    0.200069  19.376124  17357.192314  1192.138844  11.507790  
../Peaks/Film/peak_109.txt    0.063748  20.163636  3993.843953  407.449879  40.794114  
../Peaks/Film/peak_110.txt    0.221737  20.337752  215.711810  64.481776  9.710896  
../Peaks/Film/peak_111.txt    0.251165  19.572053  86.082531  0.100000  227.619745  
../Peaks/Film/peak_112.txt    0.214451  20.918138  1441.398287  506.979031  35.861079  
../Peaks/Film/peak_113.txt    0.431748  23.360389  686.562131  108.497951  66.290653  
../Peaks/Film/peak_114.txt    0.373849  22.782040  382.921846  1.521996  14.726500  
../Peaks/Film/peak_115.txt    0.375034  0.002193  567.453223  151.647988  15.550757  
../Peaks/Film/peak_116.txt    0.361176  22.887607  1242.250297  311.887513  20.127837  
../Peaks/Film/peak_117.txt    0.582530  0.865724  235.961411  215.393199  96.192342  
../Peaks/Film/peak_118.txt    0.348538  23.259895  1096.196832  525.588612  42.279986  
../Peaks/Film/peak_119.txt    0.950000  6.618043  27735.962120  49.526349  3.445736  
../Peaks/Film/peak_120.txt    0.326343  23.465247  1754.652931  1297.274318  52.993169  
../Peaks/Film/peak_121.txt    0.241048  20.363498  118.877260  23.384482  13.815678  
../Peaks/Film/peak_122.txt    0.366086  19.545695  37.613066  47.377972  10.814367  
../Peaks/Film/peak_123.txt    0.288570  20.779082  31.842956  17.496149  71.588585  
../Peaks/Film/peak_124.txt    0.420192  19.342553  0.100000  105.743257  336.000000  
../Peaks/Film/peak_125.txt    0.417669  22.224368  5228.530948  551.273862  37.769282  
../Peaks/Film/peak_126.txt    0.381689  23.757513  636.601521  25.105853  124.584217  
../Peaks/Film/peak_127.txt    0.205799  20.051414  3737.696974  637.402269  61.304384  
../Peaks/Film/peak_128.txt    0.359356  0.161057  1086.891972  375.400216  47.458952  
../Peaks/Film/peak_129.txt    0.431121  20.560836  57.428396  27.458101  43.401420  
../Peaks/Film/peak_130.txt    0.322238  21.298168  793.551781  132.809231  63.022399  
../Peaks/Film/peak_131.txt    0.454914  23.494229  239.226133  246.834619  17.411063  
../Peaks/Film/peak_132.txt    0.328570  21.021941  48.233740  0.100000  223.721650  
../Peaks/Film/peak_133.txt    0.422130  0.572988  1723.420254  583.122579  40.576617  
../Peaks/Film/peak_134.txt    0.286282  22.187539  524.496470  137.067381  23.208442  
../Peaks/Film/peak_135.txt    0.144712  20.123619  5866.743269  644.758150  55.060984  
../Peaks/Film/peak_136.txt    0.394838  20.698354  1322.508678  319.240296  77.059888  
../Peaks/Film/peak_137.txt    0.423071  21.524980  2097.836045  311.151506  42.634838  
../Peaks/Film/peak_138.txt    0.373624  20.752728  873.971035  327.160500  38.753559  
../Peaks/Film/peak_139.txt    0.370629  20.397204  64.249344  40.189006  14.204196  
../Peaks/Film/peak_140.txt    0.273808  21.645290  1438.817994  573.104018  41.773874  
../Peaks/Film/peak_141.txt    0.505677  21.103688  1067.783940  0.312720  125.731492  
../Peaks/Film/peak_142.txt    0.356209  19.569344  37.716800  33.561578  37.298682  
../Peaks/Film/peak_143.txt    0.736540  23.954950  130.088968  189.564323  51.694814  
../Peaks/Film/peak_144.txt    0.207233  20.389884  2633.777616  1016.577143  21.388011  
../Peaks/Film/peak_145.txt    0.351577  21.838725  3686.067049  1118.170312  25.183143  
../Peaks/Film/peak_146.txt    0.395721  21.137490  211.463734  46.149320  26.366406  
../Peaks/Film/peak_147.txt    0.383758  21.177277  1113.865158  65.946561  78.781955  
../Peaks/Film/peak_148.txt    0.299221  20.605597  1735.217067  273.358459  23.118439  
../Peaks/Film/peak_149.txt    0.111357  14.604290  68706.553687  0.100000  62.256400  
../Peaks/Film/peak_150.txt    0.268530  21.180351  175.646233  234.124188  72.785012  
../Peaks/Film/peak_151.txt    0.324826  20.531608  65.451060  33.401063  53.669467  
../Peaks/Film/peak_152.txt    0.401136  21.349242  2036.406677  391.701057  17.397202  
../Peaks/Film/peak_153.txt    0.316656  21.843556  382.823446  61.354012  53.203940  
../Peaks/Film/peak_154.txt    0.439630  21.184073  14.318346  4.614491  76.143505  
../Peaks/Film/peak_155.txt    0.338833  20.796603  586.351413  195.649646  27.274715  
../Peaks/Film/peak_156.txt    0.375259  20.114412  57.740489  11.983565  165.703701  
../Peaks/Film/peak_157.txt    0.308098  14.064356  513.157342  87.436765  19.723674  
../Peaks/Film/peak_158.txt    0.176227  19.519727  727.831631  6.998296  52.893915  
../Peaks/Film/peak_159.txt    0.099384  15.757549  18679.882216  0.100000  87.502730  
../Peaks/Film/peak_160.txt    0.448573  21.529133  287.915801  170.711094  59.095338  
../Peaks/Film/peak_161.txt    0.168571  20.329477  210.807065  0.100000  101.995623  
../Peaks/Film/peak_162.txt    0.104245  12.673750  416.908551  70.879008  10.903158  
../Peaks/Film/peak_163.txt    0.404439  21.771909  1646.242414  153.743199  19.945336  
../Peaks/Film/peak_164.txt    0.459535  21.064155  225.561762  31.693411  55.746163  
../Peaks/Film/peak_165.txt    0.280684  22.232409  6815.417391  1135.959502  37.234405  
../Peaks/Film/peak_166.txt    0.318335  22.794944  1646.521750  423.286924  58.235899  
../Peaks/Film/peak_167.txt    0.573224  20.357782  161.035204  18.599719  6.548094  
../Peaks/Film/peak_168.txt    0.357179  20.201571  84.014845  40.046007  8.124127  
../Peaks/Film/peak_169.txt    0.193730  22.477565  2936.501765  673.817186  32.291849  
../Peaks/Film/peak_170.txt    0.422264  19.181299  286.200557  16.194204  73.798274  
../Peaks/Film/peak_171.txt    0.347634  22.143711  838.117442  300.590376  58.242094  
../Peaks/Film/peak_172.txt    0.331944  22.732300  3719.663616  477.094653  28.159717  
../Peaks/Film/peak_173.txt    0.108412  20.124538  10335.467263  1492.772825  51.439100  
../Peaks/Film/peak_174.txt    0.322804  19.507861  137.449712  0.263646  128.682114  
../Peaks/Film/peak_175.txt    0.141479  17.736863  2427.963776  538.803361  50.187669  
../Peaks/Film/peak_176.txt    0.451892  21.720191  444.570804  75.156949  31.768803  
../Peaks/Film/peak_177.txt    0.254320  21.364394  5153.876388  2019.712572  49.642115  
../Peaks/Film/peak_178.txt    0.265178  20.831254  161.744902  49.905783  80.073590  
../Peaks/Film/peak_179.txt    0.330712  22.334966  1652.867377  262.683549  37.093200  
../Peaks/Film/peak_180.txt    0.101515  19.029525  126.953902  58.391501  19.934120  
../Peaks/Film/peak_181.txt    0.413172  23.472067  2847.291643  605.076074  15.845687  
../Peaks/Film/peak_182.txt    0.217245  12.237773  87.002672  23.397806  61.172784  
../Peaks/Film/peak_183.txt    0.199308  19.924252  224.105111  49.984692  31.373169  
../Peaks/Film/peak_184.txt    0.257688  17.971789  80.770076  0.100000  139.308892  
../Peaks/Film/peak_185.txt    0.320072  21.979961  3177.431005  604.707060  27.981027  
../Peaks/Film/peak_186.txt    0.217063  20.240900  1329.078510  326.321795  43.845291  
../Peaks/Film/peak_187.txt    0.205067  21.507042  832.237929  233.214035  38.296801  
../Peaks/Film/peak_188.txt    0.279575  20.441597  106.210728  15.106474  138.734079  
../Peaks/Film/peak_189.txt    0.208986  22.498366  83.796097  25.736605  22.622108  
../Peaks/Film/peak_190.txt    0.352320  21.825461  239.105409  132.801383  45.386197  
../Peaks/Film/peak_191.txt    0.329436  21.727774  2502.010414  470.779972  46.441409  
../Peaks/Film/peak_192.txt    0.266838  21.160659  2515.868386  264.549083  35.962302  
../Peaks/Film/peak_193.txt    0.290976  21.530205  1354.813336  481.086909  27.536778  
../Peaks/Film/peak_194.txt    0.261300  14.949022  300.720506  57.324787  14.311595  
../Peaks/Film/peak_195.txt    0.338398  21.889869  2023.917811  397.636027  40.277428  
../Peaks/Film/peak_196.txt    0.325734  23.217235  410.345110  152.676716  68.647068  
../Peaks/Film/peak_197.txt    0.314193  20.170757  160.047118  115.020163  35.186850  
../Peaks/Film/peak_198.txt    0.074423  15.677093  18700.200770  0.100000  65.955877  
../Peaks/Film/peak_199.txt    0.307990  21.940876  1104.847128  282.264471  22.874226  
../Peaks/Film/peak_200.txt    0.180069  18.758437  8425.184554  2414.639784  30.763945  
../Peaks/Film/peak_201.txt    0.242806  22.398506  4868.823463  1426.802507  41.755033  
../Peaks/Film/peak_202.txt    0.497874  22.555900  213.676726  131.802791  103.449393  
../Peaks/Film/peak_203.txt    0.389327  19.910110  359.957505  99.232348  19.645052  
../Peaks/Film/peak_204.txt    0.432851  21.884136  750.685576  197.367386  40.005797  
../Peaks/Film/peak_205.txt    0.301902  20.236313  515.624152  168.431404  2.143617  
../Peaks/Film/peak_206.txt    0.307114  21.752952  808.534194  359.130818  25.473652  
../Peaks/Film/peak_207.txt    0.246127  22.472503  1148.425328  166.870605  34.718666  
../Peaks/Film/peak_208.txt    0.201197  19.398826  90.218672  12.445394  97.312491  
../Peaks/Film/peak_209.txt    0.274153  22.358974  2498.723658  824.525039  26.150189  
../Peaks/Film/peak_210.txt    0.295754  21.391087  274.241364  143.102110  55.220119  
../Peaks/Film/peak_211.txt    0.287073  22.388204  9517.741828  2093.367829  31.479359  
../Peaks/Film/peak_212.txt    0.258212  20.210499  1857.799519  472.489966  35.330235  
../Peaks/Film/peak_213.txt    0.428791  19.701689  333.221347  45.421231  30.392130  
../Peaks/Film/peak_214.txt    0.266406  22.204905  805.846053  229.205875  10.732363  
../Peaks/Film/peak_215.txt    0.398807  21.906138  1632.579559  611.407580  34.345250  
../Peaks/Film/peak_216.txt    0.273450  23.019011  1094.391995  4.714536  218.672143  
../Peaks/Film/peak_217.txt    0.255325  21.811680  2575.227169  936.055682  41.715700  
../Peaks/Film/peak_218.txt    0.098210  19.658723  11622.757148  2269.300606  28.870355  
../Peaks/Film/peak_219.txt    0.347093  21.679472  989.694342  634.359177  58.239624  
../Peaks/Film/peak_220.txt    0.245375  22.148502  4817.714567  1236.882123  29.592775  
../Peaks/Film/peak_221.txt    0.357008  21.879237  239.521178  107.929257  109.607612  
../Peaks/Film/peak_222.txt    0.216904  22.469289  334.780467  151.423307  7.669373  
../Peaks/Film/peak_223.txt    0.479560  11.062369  25522.224176  1693.287914  13.398810  
../Peaks/Film/peak_224.txt    0.251472  23.192652  1121.482884  294.127117  50.330433  
../Peaks/Film/peak_225.txt    0.363955  20.078432  132.279979  35.490016  72.544855  
../Peaks/Film/peak_226.txt    0.266488  22.448641  247.154333  94.673958  28.520630  
../Peaks/Film/peak_227.txt    0.120527  21.760861  6137.323170  2326.397255  30.538418  
../Peaks/Film/peak_228.txt    0.279458  21.729811  302.320039  292.762262  28.502207  
../Peaks/Film/peak_229.txt    0.418562  23.854941  1600.955081  848.275801  12.003112  
