Peak/peak_1.txt    0.727222  21.785050  1967.341868  255.503415  14.300084  5328.882796  93.951630  2.352502  0.041830
Peak/peak_2.txt    0.615492  22.353815  5006.706175  985.435919  6.217055  10556.006423  227.454272  7.174026  0.089492
Peak/peak_3.txt    0.692464  22.397273  1219.461037  175.194998  46.241935  3076.693578  37.210462  9.792628  0.054788
Peak/peak_4.txt    0.584838  16.290086  62.857086  2.875674  3.662134  58.854026  3.931651  14.962224  0.130921
Peak/peak_5.txt    0.390872  22.704330  34201.112491  3966.274078  6.956216  66626.454966  1100.512123  11.539843  0.072791
Peak/peak_6.txt    0.366229  0.896490  3156.347762  0.001000  76.179571  5975.247750  226.971414  12.627918  0.165932
Peak/peak_7.txt    0.517927  16.357180  60.185582  4.544789  6.253495  32.043074  2.837100  17.475173  0.152344
Peak/peak_8.txt    0.421515  13.540245  521.454086  0.001000  22.252912  754.945289  44.174786  18.173576  0.063270
Peak/peak_9.txt    0.496809  16.439404  71.736177  4.202085  2.412803  31.842439  3.583687  38.754623  0.257270
Peak/peak_10.txt    0.827879  19.221286  323682.500942  3668.156108  1.804321  494541.770003  2452.903829  3.692868  0.041238
Peak/peak_11.txt    0.584456  17.213446  438.271766  17.139524  16.580403  644.069580  33.313219  13.659659  0.164258
Peak/peak_12.txt    0.335762  13.781300  237.545338  2.877702  2.184256  117.467305  11.098542  15.923649  0.105387
Peak/peak_13.txt    0.365051  13.954673  177.611460  5.251591  2.094676  90.684799  5.779604  15.627369  0.112126
Peak/peak_14.txt    0.709201  19.422437  6795.409309  11.686577  0.500287  1884.422372  28.808107  7.843875  0.043769
Peak/peak_15.txt    0.420442  13.938205  267.428278  8.641349  20.270740  490.595714  21.908297  18.115879  0.085962
Peak/peak_16.txt    0.507299  15.334207  588.066517  64.925536  1.920636  335.539311  19.438140  12.297615  0.327510
Peak/peak_17.txt    0.337560  14.405820  53.774457  2.868633  4.613767  46.923186  2.764325  23.605991  0.146846
Peak/peak_18.txt    0.383016  14.549401  194.730520  0.001000  29.205335  437.231356  54.702946  33.429236  0.145570
Peak/peak_19.txt    0.435791  13.321273  116.110252  3.600656  3.034597  89.323878  5.990622  16.678471  0.073896
Peak/peak_20.txt    0.647938  15.872522  309.987501  8.385317  18.136608  490.812703  32.632052  13.159631  0.125365
Peak/peak_21.txt    0.345781  18.389569  2037.626124  69.154959  3.155262  12532.147446  224.489793  0.776587  0.195928
Peak/peak_22.txt    0.313603  12.772123  154.957352  3.735689  1.738783  70.381539  4.456485  20.548533  0.073686
Peak/peak_23.txt    0.657908  17.186686  81.031815  3.303460  12.517379  69.094310  6.860583  13.308048  0.127270
Peak/peak_24.txt    0.435438  15.517297  5024.333053  31.727446  0.709441  618.485997  82.808556  47.773105  0.189130
Peak/peak_25.txt    0.492673  14.881393  21.751702  1.446821  13.375176  34.158413  2.081307  28.538887  0.144145
Peak/peak_26.txt    0.582271  19.993540  2691.330189  40.098193  1.444516  524.857230  18.988258  11.186955  0.044770
Peak/peak_27.txt    0.276373  14.066609  105.261031  4.082614  3.698882  87.571557  5.262288  16.300954  0.075390
Peak/peak_28.txt    0.224829  17.083479  74.093636  7.260980  3.475843  51.458301  0.001000  80.263336  0.345223
Peak/peak_29.txt    0.295624  17.068134  20023.741475  1002.280866  5.437872  9285.842355  404.543929  12.133699  0.081370
Peak/peak_30.txt    0.621232  19.458740  1501.569260  171.379972  7.558624  1870.976715  86.306673  12.663511  0.107418
Peak/peak_31.txt    0.299378  17.578624  115.424812  11.935083  7.638904  273.892732  0.001000  108.188316  0.070387
Peak/peak_32.txt    0.551920  15.105122  1089.795916  2.366789  0.500000  174.018528  0.001000  62.313165  0.226059
Peak/peak_33.txt    0.696623  19.129311  236.906371  21.757785  3.153313  526.304996  14.266523  7.829713  0.090679
Peak/peak_34.txt    0.290669  19.297079  376.273438  14.836287  12.679730  430.989789  27.719981  14.862518  0.249517
Peak/peak_35.txt    0.516401  15.227146  248.150435  25.314300  25.328418  574.018559  26.101296  13.058565  0.122781
Peak/peak_36.txt    0.342959  21.066168  18596.997378  725.848266  1.912339  35576.009783  1121.321920  8.533627  0.039840
Peak/peak_37.txt    0.477590  11.773238  103.957612  5.449478  2.879716  247.280463  8.129020  12.755494  0.046396
Peak/peak_38.txt    0.641739  16.818170  454.757631  7.573585  15.938110  506.974885  36.289033  15.639787  0.160395
Peak/peak_39.txt    0.629015  16.489481  322.503718  20.440695  15.520660  602.311355  24.370326  13.855865  0.110863
Peak/peak_40.txt    0.753933  22.113190  709.674092  629.640365  28.234147  4740.566620  90.774244  7.683202  0.185847
Peak/peak_41.txt    0.390668  12.832699  115.280663  3.936148  3.502348  103.712421  5.423615  15.836237  0.085847
Peak/peak_42.txt    0.530920  16.050032  234.235679  8.271810  21.839743  308.346422  27.602944  15.681083  0.133064
Peak/peak_43.txt    0.548497  15.413787  213.592165  19.429083  16.988495  403.454626  17.700262  14.202147  0.150434
Peak/peak_44.txt    0.546485  14.561662  11155.933654  155.000614  2.247835  4152.572137  93.787598  8.047805  0.078456
Peak/peak_45.txt    0.380523  12.791466  106.447114  4.373419  2.721903  72.206489  9.048863  17.225991  0.152121
Peak/peak_46.txt    0.455276  12.324377  123.926065  4.260153  1.889899  102.064379  6.560191  16.643972  0.080293
Peak/peak_47.txt    0.479534  15.425352  247.496599  6.859127  20.746500  341.083650  32.408925  17.732106  0.074872
Peak/peak_48.txt    0.499394  14.473091  133.638544  16.544251  23.364006  392.703311  21.245596  12.917623  0.085495
Peak/peak_49.txt    0.496177  12.804369  127.985483  3.982901  2.815272  163.107684  9.818239  11.098839  0.088389
Peak/peak_50.txt    0.501502  10.832077  101.780698  6.684486  1.708344  150.493554  5.911733  11.112693  0.096369
Peak/peak_51.txt    0.488379  14.591673  166.375801  5.353887  24.750275  453.206825  20.029466  14.010060  0.052506
Peak/peak_52.txt    0.504184  12.491689  103.886579  4.870518  3.217142  78.193352  4.324197  14.211332  0.094460
Peak/peak_53.txt    0.489537  13.963218  303.607662  11.802129  11.286190  485.874802  37.403211  14.043793  0.070690
Peak/peak_54.txt    0.474247  14.081631  68.403390  5.518598  11.551630  62.315088  4.301375  28.241821  0.112625
Peak/peak_55.txt    0.438953  11.653897  48.306876  2.888885  13.005683  99.166266  7.495338  15.209598  0.077140
Peak/peak_56.txt    0.413722  16.848700  220.310923  10.314182  16.047175  566.129773  27.773216  11.124581  0.133549
Peak/peak_57.txt    0.370706  11.005862  72.280331  3.380491  2.772500  102.334061  5.253709  12.252159  0.054246
Peak/peak_58.txt    0.306739  15.010810  509.118572  28.277220  2.981412  677.252378  26.854016  13.875009  0.084917
Peak/peak_59.txt    0.456876  16.225200  45.843258  3.426347  7.048706  36.714822  5.095987  21.795827  0.128293
Peak/peak_60.txt    0.478994  16.722512  242.880302  12.228235  15.662531  848.038875  29.580682  11.719827  0.056707
Peak/peak_61.txt    0.437545  14.973795  47.980614  2.902952  8.279364  38.454000  4.299990  23.849384  0.165548
Peak/peak_62.txt    0.312126  12.413625  42.728583  4.868316  39.564599  68.335180  5.710081  20.617989  0.215077
Peak/peak_63.txt    0.814477  21.227715  5805.964085  160.778837  3.375065  3639.852728  133.787627  5.962287  0.134850
Peak/peak_64.txt    0.496922  17.098972  449.480472  21.261279  11.469748  570.402567  45.990235  14.814209  0.106580
Peak/peak_65.txt    0.929827  19.061087  2795.668271  81.109090  1.542123  2969.614002  29.626839  6.865764  0.154956
Peak/peak_66.txt    0.873274  21.075371  1669.976235  283.872226  17.096033  1702.374727  0.001000  26.826395  0.115800
Peak/peak_67.txt    0.542063  22.729420  12057.491531  1189.972684  3.261686  22782.197379  204.237161  7.711686  0.137991
Peak/peak_68.txt    0.639129  21.708979  5903.226840  878.083675  4.414984  9335.967118  185.660520  7.755844  0.070627
Peak/peak_69.txt    0.635188  21.243845  60544.977619  2345.107898  4.232668  69349.095227  1442.774705  8.565026  0.042983
Peak/peak_70.txt    0.313268  0.651553  3032.542543  0.001000  82.951855  6911.105591  205.423747  12.335836  0.127921
Peak/peak_71.txt    0.478111  17.868094  1441.957918  32.367247  0.780318  336.688619  3.204210  23.840127  0.203947
Peak/peak_72.txt    0.663910  20.850124  752.993173  52.914230  6.008019  886.896572  36.970147  10.558002  0.073327
Peak/peak_73.txt    0.569521  16.790303  125.235130  19.510944  10.451580  158.090030  8.938211  20.022956  0.139985
Peak/peak_74.txt    0.509851  12.772352  1100.018868  28.375323  15.001455  1032.788251  54.001433  18.171049  0.093188
Peak/peak_75.txt    0.525969  15.166880  375.252604  31.467539  10.805228  285.684371  16.078785  13.765088  0.064342
Peak/peak_76.txt    0.536027  13.017463  444.880476  8.330453  18.530409  597.819977  43.837051  14.983474  0.080080
Peak/peak_77.txt    0.488778  14.857048  325.399179  28.259929  10.596607  243.162431  14.631976  16.840220  0.093253
Peak/peak_78.txt    0.539357  18.030743  437.226516  18.224333  18.738158  530.628420  33.205878  16.070464  0.188355
Peak/peak_79.txt    0.344911  14.221591  191.517905  4.282791  3.217382  188.686257  8.013752  15.987240  0.078522
Peak/peak_80.txt    0.318754  16.357891  1331.985035  27.163776  4.200550  708.402156  112.023252  46.026980  0.071426
Peak/peak_81.txt    0.467917  14.795313  187.993904  7.416864  2.358339  90.556583  3.348991  16.268618  0.078558
Peak/peak_82.txt    0.724979  16.953834  573.593657  12.703068  14.085025  463.405402  26.922286  17.209860  0.186154
Peak/peak_83.txt    0.850497  15.404419  43.136430  0.001000  78.601342  65.055433  3.680934  14.947919  0.498770
Peak/peak_84.txt    0.413312  20.397717  7966.578706  156.744344  2.008817  723.962398  128.039434  36.542859  0.096796
Peak/peak_85.txt    0.394846  13.155241  183.122149  4.087800  2.221482  124.357411  7.144434  20.223718  0.088717
Peak/peak_86.txt    0.618908  16.074935  73.204564  5.424694  3.554111  54.578611  5.654837  12.854775  0.165266
Peak/peak_87.txt    0.604378  16.001265  340.599018  7.729389  18.054407  603.493847  25.642915  14.352688  0.095088
Peak/peak_88.txt    0.665424  20.294286  2512.762332  25.865933  0.980616  382.081603  16.226962  9.942451  0.046648
Peak/peak_89.txt    0.328055  14.217997  149.134643  3.347059  2.833850  82.164988  6.796211  29.766732  0.122596
Peak/peak_90.txt    0.379496  18.390666  961.296780  9.795205  0.684474  72.001550  4.520225  12.451181  0.199332
Peak/peak_91.txt    0.540326  16.423102  565.790130  17.936656  20.349601  683.453811  42.578579  16.644933  0.121838
Peak/peak_92.txt    0.437747  18.593835  3892.445869  254.382036  5.913435  2573.519604  112.119983  14.591225  0.093712
Peak/peak_93.txt    0.327386  17.584531  304.016936  15.802902  3.309922  158.569350  8.770778  22.192137  0.131106
Peak/peak_94.txt    0.453672  15.086785  22075.574698  738.611577  2.385434  10680.444899  342.527969  8.926084  0.085341
Peak/peak_95.txt    0.721126  15.117414  41.332738  8.864429  18.988584  82.609393  5.814057  12.826160  0.202466
Peak/peak_96.txt    0.482674  13.343598  156.149221  3.068414  2.530622  109.376677  9.645342  17.890076  0.098794
Peak/peak_97.txt    0.730601  19.472238  822.612868  40.017112  2.365840  554.982046  22.240521  8.419374  0.092047
Peak/peak_98.txt    0.413046  16.146209  251.967494  5.551063  23.809230  1057.041654  32.750787  10.513043  0.062132
Peak/peak_99.txt    0.422534  13.296519  116.897847  4.023255  2.401854  82.883284  8.686501  14.704668  0.128096
Peak/peak_100.txt    0.394326  21.174863  32608.077122  760.302594  1.124978  39730.418076  991.830164  8.386741  0.027727
Peak/peak_101.txt    0.414943  15.337640  292.138839  7.425329  26.194914  1022.375194  43.654987  14.052061  0.043932
Peak/peak_102.txt    0.396474  13.335060  208.891100  3.464759  1.603197  108.204347  10.471560  19.426514  0.088641
Peak/peak_103.txt    0.465263  12.423084  298.745766  5.702014  1.460057  106.649615  6.195485  14.261255  0.092297
Peak/peak_104.txt    0.453957  15.003245  202.715305  2.477050  29.661343  530.043909  28.557857  13.643554  0.060862
Peak/peak_105.txt    0.694155  22.698410  649.736489  159.446110  64.157776  2944.051138  63.131900  9.324693  0.180424
Peak/peak_106.txt    0.705062  16.710694  465.592792  21.037920  14.228470  449.651295  24.053216  16.525586  0.186957
Peak/peak_107.txt    0.587355  15.606008  346.206385  4.665260  23.712697  597.275188  51.129747  14.153717  0.178850
Peak/peak_108.txt    0.468268  14.119215  88.045199  3.635637  4.456128  73.964093  7.165498  18.377954  0.179649
Peak/peak_109.txt    0.462036  13.805500  31206.161977  491.040323  0.922136  38817.328505  243.390667  1.289686  0.099663
Peak/peak_110.txt    0.450188  13.272149  196.131795  4.318973  1.694652  81.600353  4.966941  16.085090  0.083429
Peak/peak_111.txt    0.475102  15.416468  90.562555  6.639810  2.238922  57.922851  1.978921  11.356715  0.267528
Peak/peak_112.txt    0.589099  19.916252  134830.480669  4453.598603  2.276070  230014.721768  2018.384664  3.937117  0.055886
Peak/peak_113.txt    0.526381  15.131510  264.941000  10.046662  27.629150  504.094023  37.266263  14.438674  0.075224
Peak/peak_114.txt    0.337215  13.335973  145.616589  3.156855  2.079920  90.772164  6.207020  16.092599  0.100581
Peak/peak_115.txt    0.669595  16.832787  663.319580  10.013898  22.235507  637.553760  30.934838  10.923818  0.175214
Peak/peak_116.txt    0.428833  13.675180  123.537902  4.655303  3.866945  93.987884  5.749425  17.176524  0.069030
Peak/peak_117.txt    0.511199  15.170708  326.356536  2.798504  27.355462  831.366629  40.547803  14.225075  0.076848
Peak/peak_118.txt    0.557000  12.680073  130.297483  4.160568  2.713814  95.097113  5.430244  12.013789  0.165303
Peak/peak_119.txt    0.699779  13.905691  621.811238  27.196796  11.152370  537.282240  36.728900  15.712181  0.110324
Peak/peak_120.txt    0.555002  14.324403  191.030015  8.551775  1.528768  64.724450  3.864130  20.747306  0.092711
Peak/peak_121.txt    0.631072  12.731631  438.745677  22.453586  15.832655  440.941436  22.287140  14.925192  0.114282
Peak/peak_122.txt    0.504982  11.652642  62.522831  3.132984  8.316414  88.898966  6.548128  17.191432  0.100491
Peak/peak_123.txt    0.225939  20.617923  560.585331  28.066679  12.625960  561.210951  39.983927  16.263477  0.217716
Peak/peak_124.txt    0.530161  10.763408  91.819789  3.064883  9.542533  56.291215  7.255391  15.488473  0.154780
Peak/peak_125.txt    0.505261  12.900128  76.785983  3.605943  7.864389  79.309251  4.348927  18.286359  0.107073
Peak/peak_126.txt    0.497168  16.214012  1816.756274  56.655138  1.659881  1210.836965  37.719094  9.122656  0.131009
Peak/peak_127.txt    0.611785  18.536213  396.502904  10.037788  21.179560  629.383752  22.295791  11.958114  0.098409
Peak/peak_128.txt    0.491553  14.887631  116.961041  4.452354  2.913060  71.679883  3.922380  19.914824  0.127994
Peak/peak_129.txt    0.607676  16.759874  364.937732  18.989698  16.267200  401.512926  27.668142  14.986982  0.129855
Peak/peak_130.txt    0.350744  6.111522  25.559639  6.327198  14.495538  59.390666  3.147264  10.816406  0.250681
Peak/peak_131.txt    0.757928  22.278932  6990.881409  121.243166  1.762944  4508.437680  184.760674  7.674949  0.173989
Peak/peak_132.txt    0.710222  22.056333  88.924849  9.579372  26.562978  321.626080  9.311917  8.492364  0.108380
Peak/peak_133.txt    0.797805  22.213462  1141.980064  193.087466  12.305104  3342.392745  51.770744  2.609384  0.062703
Peak/peak_134.txt    0.432449  19.156763  6835.839991  32.234975  0.500000  2647.070211  21.483439  1.088443  0.062582
Peak/peak_135.txt    0.492301  22.000772  8053.047002  729.576672  3.027557  12420.920944  221.077351  3.477245  0.075663
Peak/peak_136.txt    0.513949  16.702574  38.262415  2.216778  4.618538  79.380420  6.047172  12.990504  0.136523
Peak/peak_137.txt    0.495181  22.214092  48338.337791  2272.286552  7.261473  43114.748422  1081.873745  10.631691  0.029970
Peak/peak_138.txt    0.555888  7.570985  530.441901  20.355839  1.153900  137.374142  5.744964  18.071718  0.174618
Peak/peak_139.txt    0.688810  21.142510  1702.039486  67.052195  6.127219  1399.571086  43.085131  11.104339  0.028883
Peak/peak_140.txt    0.351928  0.693401  2484.170089  0.001000  75.437468  5625.950661  193.310947  11.704775  0.142010
Peak/peak_141.txt    0.476865  15.908380  107.857832  7.514342  3.898182  79.094986  3.541248  10.641301  0.121957
Peak/peak_142.txt    0.551600  16.273498  158.482447  16.097419  9.976428  146.537664  10.106397  16.146526  0.132017
Peak/peak_143.txt    0.454626  12.736439  726.548656  9.699211  20.317260  771.080741  43.043624  19.993431  0.082526
Peak/peak_144.txt    0.296205  15.610663  16433.095308  398.823605  2.272653  24508.388340  186.341749  1.232351  0.050846
Peak/peak_145.txt    0.579369  14.598610  376.713197  20.373269  10.627716  247.287071  14.481337  12.718618  0.055938
Peak/peak_146.txt    0.398802  14.540949  384.739926  7.220545  24.085321  1026.730505  57.922483  14.344909  0.174380
Peak/peak_147.txt    0.410840  14.472877  130.034682  3.483101  3.665009  243.323479  13.467489  13.536334  0.091001
Peak/peak_148.txt    0.192707  16.737036  820.290421  31.328101  6.642253  414.899883  12.102111  34.689596  0.110072
Peak/peak_149.txt    0.547350  19.628342  3963.954793  15.647835  0.596316  842.148070  17.802272  8.616252  0.034973
Peak/peak_150.txt    0.580998  15.210292  43.072413  2.189543  8.930043  44.563777  3.636756  25.188369  0.110411
Peak/peak_151.txt    0.768544  14.982801  1119.593266  17.578474  17.612706  2226.785399  85.046718  2.068457  0.068498
Peak/peak_152.txt    0.445767  12.674665  332.982717  23.659740  22.389090  707.540769  33.958695  14.243543  0.126436
Peak/peak_153.txt    0.412479  18.656951  174.851179  5.994145  3.114435  501.957743  19.584239  16.359447  0.042243
Peak/peak_154.txt    0.336689  15.638505  226.706470  18.574315  3.667784  308.625986  61.151524  7.996761  0.432175
Peak/peak_155.txt    0.709293  14.154750  1766.491629  17.092353  8.585841  932.346969  108.644039  21.169635  0.138289
Peak/peak_156.txt    0.425893  13.811466  295.309144  4.849862  1.971488  234.511865  6.552702  9.510783  0.087061
Peak/peak_157.txt    0.397672  14.143456  167.780532  7.693191  3.806729  89.701595  3.724691  16.349567  0.080673
Peak/peak_158.txt    0.459954  15.287118  774.314012  42.239894  1.343538  260.375605  23.926167  12.769027  0.337804
Peak/peak_159.txt    0.526041  14.448931  302.096264  1.368189  32.715360  946.452857  42.020074  12.509219  0.102371
Peak/peak_160.txt    0.240748  20.534057  14795.130395  262.490115  3.558234  21326.716124  379.741705  1.325786  0.060958
Peak/peak_161.txt    0.403052  13.115129  186.089943  3.714473  2.076147  88.424063  4.633336  19.789563  0.102062
Peak/peak_162.txt    0.728061  15.865917  195.356417  36.064715  19.697405  244.048947  13.409584  9.099162  0.083215
Peak/peak_163.txt    0.547453  15.797359  307.330436  5.264267  25.971448  518.122797  29.993400  14.033714  0.106424
Peak/peak_164.txt    0.872138  13.011994  17195.489049  203.672301  1.046762  12807.318265  91.313623  3.903336  0.085435
Peak/peak_165.txt    0.495499  12.363876  125.698846  3.173802  2.670623  129.773118  5.842224  12.948194  0.075183
Peak/peak_166.txt    0.461876  14.906264  396.484644  12.452519  2.835929  272.951298  43.503681  6.615149  0.439080
Peak/peak_167.txt    0.660914  15.175636  3925.349727  700.898821  23.110323  23056.415651  519.336341  6.981916  0.064148
Peak/peak_168.txt    0.500143  15.979913  425.945927  12.969506  23.773084  853.160791  36.482452  13.193759  0.111906
Peak/peak_169.txt    0.610189  19.853303  2776.249082  181.413513  8.668717  2028.034218  80.766859  14.174428  0.089735
Peak/peak_170.txt    0.793778  17.553616  336.785859  11.318492  9.998364  110.645801  8.706802  21.020368  0.099775
Peak/peak_171.txt    0.446504  13.654524  165.633424  4.137712  2.547808  116.861504  7.198402  16.143271  0.090448
Peak/peak_172.txt    0.423899  16.398174  31.169868  2.238924  26.120669  32.430688  3.497482  9.281483  0.351495
Peak/peak_173.txt    0.264641  20.338112  2584.114095  92.678635  2.976529  9687.940535  129.683223  1.009234  0.078534
Peak/peak_174.txt    0.360721  17.464566  433.488636  17.034739  15.667153  965.269957  28.857177  12.522124  0.137404
Peak/peak_175.txt    0.476423  11.478377  181.118341  4.047550  1.919600  129.586796  4.308135  13.783011  0.086366
Peak/peak_176.txt    0.315448  21.368456  50976.875117  722.873070  1.130387  61170.864608  1464.313350  9.070215  0.037423
Peak/peak_177.txt    0.676905  17.030610  615.343963  43.837039  21.393766  753.027745  34.029817  12.934574  0.133382
Peak/peak_178.txt    0.400911  14.262573  3773.308006  42.162554  0.758808  739.227007  39.110457  12.253716  0.092530
Peak/peak_179.txt    0.543518  13.032842  142.336417  3.273608  2.022801  87.570495  5.454547  15.763650  0.079541
Peak/peak_180.txt    0.539142  16.580335  385.177738  24.768150  13.193588  574.252165  24.710682  15.908529  0.125836
Peak/peak_181.txt    0.410191  14.264264  151.506992  3.409846  1.716839  75.762543  4.606948  18.248963  0.124841
Peak/peak_182.txt    0.346599  0.905673  2190.616313  40.299149  2.568189  1105.002866  37.039956  8.349275  0.063057
Peak/peak_183.txt    0.627414  22.487631  1164.704853  170.622451  38.644094  3394.329285  81.993813  11.773706  0.125047
Peak/peak_184.txt    0.542287  16.094500  371.767863  10.475241  22.411318  666.379850  42.097383  13.664852  0.094494
Peak/peak_185.txt    0.524072  15.714407  250.739706  22.875761  18.427630  518.274826  29.694581  12.897351  0.120032
Peak/peak_186.txt    0.461523  12.381191  122.517967  3.324343  2.448052  91.158566  7.273376  13.285874  0.126478
Peak/peak_187.txt    0.625772  16.066322  68.030015  7.857939  18.693629  49.592397  14.410731  14.601641  0.247981
Peak/peak_188.txt    0.530539  12.381008  120.889803  3.386375  1.838962  86.045923  4.281720  14.327812  0.103590
Peak/peak_189.txt    0.506164  14.504819  20949.434741  234.343723  2.145022  5162.817448  74.408729  8.322002  0.071038
Peak/peak_190.txt    0.660992  16.752318  351.436268  7.079268  23.438777  406.404021  34.861804  14.961327  0.206521
Peak/peak_191.txt    0.386756  16.563638  119.572202  13.380998  39.409181  155.187549  16.970449  27.358083  0.337673
Peak/peak_192.txt    0.386756  16.563638  119.572202  13.380998  39.409181  155.187549  16.970449  27.358083  0.337673
Peak/peak_193.txt    0.533915  17.843833  456.327660  15.903722  18.019485  506.474719  27.499929  20.441414  0.259500
Peak/peak_194.txt    0.486442  14.215501  133.996978  3.349757  2.999876  152.642136  2.380133  30.492095  0.053259
Peak/peak_195.txt    0.286926  20.725481  20119.415801  420.341584  3.247747  7771.605464  213.998729  10.014731  0.055160
Peak/peak_196.txt    0.534896  15.045842  202.455146  4.396883  31.063336  483.473647  22.810954  14.330338  0.123077
Peak/peak_197.txt    0.431150  12.716703  118.428524  2.775138  2.420326  65.201849  3.703418  16.232288  0.100338
Peak/peak_198.txt    0.684550  15.885120  266.249194  1.487385  24.720026  337.858748  23.886438  14.440908  0.130907
Peak/peak_199.txt    0.609847  12.738765  271.487745  13.729557  17.540561  325.723158  18.195013  16.684057  0.100645
Peak/peak_200.txt    0.372302  12.098193  151.384811  3.812941  2.019661  74.819299  5.441302  19.567798  0.086418
Peak/peak_201.txt    0.418813  15.160744  1581.633119  25.545207  1.187677  1340.045933  44.943375  10.328107  0.071851
Peak/peak_202.txt    0.429297  11.487691  187.628157  2.659783  1.648484  87.945358  6.490707  14.464601  0.047542
Peak/peak_203.txt    0.442516  17.188715  188.073652  19.130537  19.825206  709.718453  28.978374  11.758747  0.170125
Peak/peak_204.txt    0.416187  10.652754  42.319761  2.419327  8.726602  73.614936  6.942214  14.414483  0.085702
Peak/peak_205.txt    0.359327  11.252128  61.499172  2.249517  8.507006  100.550376  4.430452  15.667692  0.067780
Peak/peak_206.txt    0.444877  17.875993  179.354619  4.072988  24.196894  464.484141  19.611886  15.205768  0.147615
Peak/peak_207.txt    0.433161  14.660527  239.510114  2.533449  2.645818  120.545537  7.593148  13.355249  0.079902
Peak/peak_208.txt    0.777936  21.556797  5220.916931  133.301240  2.689883  4802.610277  138.012456  4.565749  0.207559
Peak/peak_209.txt    0.539378  17.002444  192.150192  8.734559  22.530221  379.185307  27.930531  17.070243  0.060355
Peak/peak_210.txt    0.694037  14.447240  101.806098  0.001000  39.177189  279.893618  7.789434  8.813370  0.357649
Peak/peak_211.txt    0.311788  22.890788  6465.593500  677.380555  12.324282  19495.262986  484.737079  4.883789  0.090125
Peak/peak_212.txt    0.638338  16.568352  68.016796  2.330656  6.225614  57.695137  2.747425  20.919434  0.081087
Peak/peak_213.txt    0.563664  15.561813  124.821221  4.006880  14.709546  72.369485  4.698077  20.767329  0.101391
