1  20 
2  20 
3  20 
4  19 
5  20 
6  20 
7  19 
8  19 
9  19 
10  20 
11  20 
12  20 
13  20 
14  21 
15  20 
16  20 
17  18 
18  18 
19  21 
20  21 
21  21 
22  21 
23  21 
24  20 
25  20 
26  19 
27  19 
28  19 
29  20 
30  38 
31  19 
32  20 
33  19 
34  19 
35  19 
36  19 
37  21 
38  20 
39  21 
40  20 
41  20 
42  21 
43  20 
44  20 
45  20 
46  20 
47  21 
48  20 
49  20 
50  20 
51  20 
52  20 
53  16 
54  16 
55  19 
56  20 
57  17 
58  17 
59  20 
60  20 
61  21 
62  20 
63  20 
64  21 
65  17 
66  18 
67  21 
68  20 
69  21 
70  21 
71  21 
72  20 
73  20 
74  19 
75  19 
76  19 
77  19 
78  20 
79  20 
80  19 
81  19 
82  19 
83  20 
84  19 
85  20 
86  20 
87  20 
88  20 
89  20 
90  20 
91  20 
92  21 
93  21 
94  21 
95  20 
96  21 
97  20 
98  20 
99  19 
100  20 
101  20 
102  19 
103  19 
104  19 
105  20 
106  20 
107  19 
108  20 
109  20 
110  21 
111  21 
112  20 
113  18 
114  18 
115  21 
116  20 
117  20 
118  20 
119  21 
120  21 
121  19 
122  19 
123  20 
124  20 
125  19 
126  19 
127  20 
128  19 
129  19 
130  20 
131  19 
132  19 
133  20 
134  21 
135  20 
136  20 
137  21 
138  20 
139  21 
140  20 
141  21 
142  20 
143  20 
144  20 
145  19 
146  19 
147  19 
148  20 
149  19 
150  19 
151  20 
152  20 
153  19 
154  20 
155  19 
156  43 
157  18 
158  17 
159  20 
160  20 
161  18 
162  18 
163  20 
164  20 
165  21 
166  21 
167  21 
168  21 
169  20 
170  19 
171  20 
172  19 
173  19 
174  20 
175  19 
176  20 
177  20 
178  20 
179  19 
180  19 
181  21 
182  21 
183  21 
184  21 
185  20 
186  21 
187  20 
188  21 
189  21 
190  20 
191  20 
192  20 
193  21 
194  21 
195  20 
196  21 
197  20 
198  20 
199  20 
200  20 
201  20 
202  21 
203  21 
204  21 
205  20 
206  20 
207  21 
208  21 
209  21 
210  20 
211  20 
212  21 
213  21 
214  20 
215  21 
216  20 
217  20 
218  20 
219  21 
220  20 
221  21 
222  20 
223  18 
224  18 
225  20 
226  19 
227  20 
228  20 
229  19 
230  20 
231  20 
232  19 
233  19 
234  20 
235  20 
236  20 
237  19 
238  19 
239  19 
240  20 
241  19 
242  20 
243  20 
244  20 
245  20 
246  19 
247  19 
248  20 
249  20 
250  20 
