453.000000
553.000000
525.000000
583.000000
529.000000
578.000000
551.000000
511.000000
464.000000
387.000000
386.000000
311.000000
330.000000
250.000000
221.000000
176.000000
139.000000
108.000000
103.000000
71.000000
71.000000
106.000000
181.000000
294.000000
340.000000
413.000000
380.000000
410.000000
420.000000
391.000000
397.000000
353.000000
383.000000
420.000000
368.000000
336.000000
357.000000
299.000000
318.000000
213.000000
146.000000
123.000000
101.000000
108.000000
83.000000
159.000000
237.000000
366.000000
574.000000
648.000000
541.000000
571.000000
639.000000
659.000000
585.000000
577.000000
630.000000
771.000000
621.000000
724.000000
628.000000
561.000000
668.000000
378.000000
227.000000
217.000000
194.000000
227.000000
253.000000
472.000000
693.000000
1095.000000
1353.000000
1492.000000
1334.000000
1436.000000
1473.000000
1317.000000
1362.000000
1297.000000
1315.000000
1296.000000
1186.000000
957.000000
921.000000
756.000000
681.000000
418.000000
302.000000
257.000000
213.000000
231.000000
284.000000
465.000000
824.000000
1232.000000
1530.000000
1550.000000
1498.000000
1586.000000
1532.000000
1487.000000
1447.000000
1471.000000
1480.000000
1531.000000
1393.000000
1163.000000
854.000000
762.000000
703.000000
430.000000
344.000000
269.000000
248.000000
243.000000
311.000000
578.000000
1427.000000
1645.000000
2028.000000
2084.000000
2030.000000
1989.000000
2043.000000
2081.000000
2174.000000
2202.000000
2165.000000
2195.000000
1985.000000
1842.000000
1717.000000
1498.000000
1241.000000
872.000000
765.000000
686.000000
732.000000
807.000000
1034.000000
1966.000000
3664.000000
5864.000000
7237.000000
7027.000000
6667.000000
6590.000000
6415.000000
6457.000000
6772.000000
7003.000000
6806.000000
7286.000000
9036.000000
8112.000000
7352.000000
6684.000000
5774.000000
4231.000000
3458.000000
3599.000000
4048.000000
4305.000000
5429.000000
11893.000000
28518.000000
29550.000000
31117.000000
28150.000000
24774.000000
22234.000000
18697.000000
16285.000000
14996.000000
13381.000000
13509.000000
11566.000000
10055.000000
8806.000000
8391.000000
7196.000000
5646.000000
3807.000000
2994.000000
2424.000000
1721.000000
1567.000000
1463.000000
1556.000000
2095.000000
2750.000000
3394.000000
3563.000000
3584.000000
3260.000000
2976.000000
2773.000000
2682.000000
2619.000000
2396.000000
2327.000000
2217.000000
2091.000000
1975.000000
1835.000000
1534.000000
1197.000000
854.000000
729.000000
576.000000
528.000000
461.000000
559.000000
655.000000
960.000000
1265.000000
1425.000000
1478.000000
1503.000000
1503.000000
1391.000000
1423.000000
1367.000000
1299.000000
1130.000000
1138.000000
1235.000000
1036.000000
836.000000
788.000000
644.000000
648.000000
450.000000
335.000000
338.000000
394.000000
642.000000
763.000000
926.000000
1062.000000
1094.000000
1065.000000
1095.000000
1082.000000
993.000000
935.000000
1029.000000
977.000000
863.000000
782.000000
800.000000
681.000000
566.000000
488.000000
336.000000
266.000000
186.000000
196.000000
229.000000
209.000000
266.000000
394.000000
522.000000
587.000000
693.000000
724.000000
663.000000
728.000000
602.000000
571.000000
628.000000
618.000000
548.000000
533.000000
564.000000
480.000000
431.000000
341.000000
207.000000
198.000000
141.000000
143.000000
135.000000
153.000000
223.000000
281.000000
376.000000
418.000000
456.000000
483.000000
494.000000
452.000000
605.000000
461.000000
416.000000
470.000000
469.000000
437.000000
423.000000
367.000000
312.000000
261.000000
182.000000
173.000000
128.000000
119.000000
117.000000
109.000000
159.000000
234.000000
337.000000
303.000000
362.000000
364.000000
345.000000
402.000000
400.000000
401.000000
367.000000
333.000000
325.000000
356.000000
341.000000
307.000000
284.000000
216.000000
161.000000
122.000000
98.000000
83.000000
120.000000
110.000000
117.000000
184.000000
233.000000
304.000000
