15.000000
23.000000
18.000000
19.000000
20.000000
23.000000
19.000000
24.000000
15.000000
18.000000
17.000000
18.000000
16.000000
16.000000
12.000000
13.000000
8.000000
19.000000
15.000000
12.000000
13.000000
22.000000
16.000000
20.000000
19.000000
18.000000
24.000000
21.000000
26.000000
30.000000
25.000000
19.000000
9.000000
15.000000
18.000000
10.000000
14.000000
15.000000
12.000000
17.000000
10.000000
15.000000
15.000000
22.000000
17.000000
17.000000
55.000000
27.000000
23.000000
28.000000
20.000000
31.000000
28.000000
90.000000
83.000000
35.000000
34.000000
19.000000
11.000000
12.000000
10.000000
17.000000
10.000000
6.000000
11.000000
15.000000
16.000000
16.000000
23.000000
21.000000
20.000000
28.000000
33.000000
29.000000
21.000000
16.000000
25.000000
34.000000
25.000000
21.000000
22.000000
11.000000
15.000000
16.000000
14.000000
19.000000
13.000000
15.000000
8.000000
21.000000
18.000000
13.000000
10.000000
13.000000
14.000000
19.000000
22.000000
17.000000
19.000000
21.000000
23.000000
32.000000
19.000000
17.000000
24.000000
16.000000
12.000000
12.000000
17.000000
20.000000
14.000000
14.000000
12.000000
22.000000
14.000000
21.000000
23.000000
22.000000
32.000000
22.000000
24.000000
27.000000
26.000000
17.000000
30.000000
32.000000
13.000000
38.000000
31.000000
15.000000
16.000000
15.000000
30.000000
14.000000
19.000000
15.000000
26.000000
16.000000
27.000000
29.000000
20.000000
28.000000
26.000000
42.000000
19.000000
26.000000
22.000000
39.000000
40.000000
27.000000
39.000000
36.000000
36.000000
31.000000
50.000000
41.000000
44.000000
39.000000
57.000000
101.000000
132.000000
156.000000
166.000000
178.000000
152.000000
212.000000
208.000000
192.000000
228.000000
174.000000
227.000000
191.000000
170.000000
156.000000
154.000000
141.000000
106.000000
85.000000
67.000000
81.000000
68.000000
59.000000
55.000000
48.000000
78.000000
41.000000
44.000000
39.000000
49.000000
48.000000
33.000000
38.000000
36.000000
50.000000
39.000000
49.000000
37.000000
33.000000
28.000000
40.000000
25.000000
21.000000
23.000000
18.000000
18.000000
13.000000
14.000000
5.000000
16.000000
13.000000
14.000000
18.000000
15.000000
35.000000
24.000000
36.000000
31.000000
20.000000
17.000000
23.000000
22.000000
17.000000
28.000000
23.000000
21.000000
12.000000
12.000000
12.000000
12.000000
15.000000
12.000000
15.000000
15.000000
15.000000
14.000000
19.000000
25.000000
18.000000
28.000000
23.000000
15.000000
22.000000
15.000000
13.000000
13.000000
26.000000
21.000000
17.000000
20.000000
11.000000
15.000000
14.000000
13.000000
6.000000
15.000000
15.000000
15.000000
9.000000
8.000000
12.000000
15.000000
13.000000
22.000000
12.000000
19.000000
16.000000
14.000000
17.000000
16.000000
13.000000
21.000000
25.000000
15.000000
18.000000
12.000000
8.000000
8.000000
12.000000
14.000000
10.000000
7.000000
11.000000
11.000000
7.000000
13.000000
9.000000
22.000000
16.000000
33.000000
23.000000
35.000000
31.000000
31.000000
29.000000
25.000000
18.000000
15.000000
14.000000
17.000000
15.000000
15.000000
8.000000
13.000000
14.000000
11.000000
26.000000
15.000000
21.000000
18.000000
13.000000
18.000000
12.000000
18.000000
24.000000
15.000000
17.000000
37.000000
30.000000
32.000000
20.000000
20.000000
16.000000
13.000000
20.000000
11.000000
11.000000
11.000000
8.000000
10.000000
10.000000
11.000000
19.000000
17.000000
11.000000
16.000000
20.000000
19.000000
