37.000000
54.000000
43.000000
41.000000
41.000000
39.000000
39.000000
24.000000
36.000000
51.000000
49.000000
35.000000
34.000000
30.000000
26.000000
20.000000
24.000000
27.000000
18.000000
14.000000
40.000000
44.000000
44.000000
59.000000
49.000000
47.000000
50.000000
47.000000
43.000000
42.000000
57.000000
40.000000
34.000000
42.000000
57.000000
44.000000
37.000000
34.000000
23.000000
23.000000
34.000000
24.000000
35.000000
27.000000
33.000000
59.000000
59.000000
80.000000
72.000000
89.000000
77.000000
77.000000
76.000000
62.000000
51.000000
66.000000
65.000000
68.000000
75.000000
63.000000
66.000000
47.000000
28.000000
50.000000
91.000000
46.000000
43.000000
75.000000
91.000000
123.000000
126.000000
176.000000
148.000000
144.000000
122.000000
97.000000
110.000000
93.000000
95.000000
82.000000
94.000000
98.000000
96.000000
87.000000
80.000000
67.000000
53.000000
28.000000
39.000000
49.000000
65.000000
47.000000
71.000000
87.000000
132.000000
139.000000
172.000000
179.000000
106.000000
118.000000
98.000000
105.000000
77.000000
105.000000
80.000000
119.000000
124.000000
116.000000
106.000000
90.000000
51.000000
45.000000
41.000000
59.000000
62.000000
71.000000
115.000000
176.000000
184.000000
215.000000
186.000000
220.000000
206.000000
188.000000
172.000000
150.000000
135.000000
144.000000
146.000000
148.000000
134.000000
143.000000
118.000000
108.000000
71.000000
53.000000
51.000000
55.000000
68.000000
55.000000
103.000000
140.000000
164.000000
200.000000
191.000000
424.000000
306.000000
246.000000
262.000000
215.000000
284.000000
442.000000
563.000000
649.000000
726.000000
735.000000
679.000000
697.000000
660.000000
592.000000
603.000000
532.000000
549.000000
572.000000
623.000000
774.000000
889.000000
1010.000000
1079.000000
975.000000
816.000000
846.000000
795.000000
742.000000
719.000000
733.000000
699.000000
760.000000
634.000000
541.000000
359.000000
215.000000
146.000000
150.000000
157.000000
183.000000
176.000000
212.000000
235.000000
265.000000
350.000000
316.000000
233.000000
238.000000
202.000000
180.000000
150.000000
124.000000
116.000000
110.000000
112.000000
117.000000
130.000000
115.000000
84.000000
57.000000
44.000000
34.000000
29.000000
40.000000
40.000000
44.000000
59.000000
56.000000
71.000000
77.000000
91.000000
81.000000
53.000000
44.000000
55.000000
38.000000
44.000000
47.000000
53.000000
43.000000
57.000000
46.000000
39.000000
35.000000
26.000000
36.000000
33.000000
17.000000
22.000000
32.000000
36.000000
37.000000
42.000000
36.000000
51.000000
43.000000
41.000000
40.000000
37.000000
35.000000
34.000000
35.000000
32.000000
31.000000
33.000000
19.000000
23.000000
26.000000
16.000000
16.000000
22.000000
20.000000
17.000000
19.000000
34.000000
37.000000
42.000000
54.000000
46.000000
49.000000
49.000000
47.000000
36.000000
27.000000
26.000000
25.000000
39.000000
27.000000
47.000000
31.000000
27.000000
28.000000
23.000000
30.000000
26.000000
15.000000
21.000000
16.000000
36.000000
20.000000
35.000000
42.000000
40.000000
46.000000
22.000000
25.000000
27.000000
25.000000
19.000000
26.000000
11.000000
29.000000
32.000000
36.000000
18.000000
28.000000
16.000000
16.000000
21.000000
13.000000
7.000000
14.000000
14.000000
27.000000
24.000000
28.000000
20.000000
22.000000
11.000000
15.000000
18.000000
20.000000
20.000000
27.000000
13.000000
26.000000
19.000000
25.000000
14.000000
19.000000
16.000000
10.000000
16.000000
9.000000
17.000000
11.000000
15.000000
21.000000
20.000000
23.000000
37.000000
