433.000000
504.000000
475.000000
399.000000
394.000000
364.000000
340.000000
307.000000
267.000000
223.000000
204.000000
180.000000
196.000000
175.000000
178.000000
194.000000
213.000000
240.000000
322.000000
372.000000
351.000000
354.000000
369.000000
462.000000
531.000000
538.000000
537.000000
483.000000
443.000000
449.000000
391.000000
393.000000
306.000000
253.000000
227.000000
223.000000
248.000000
239.000000
250.000000
235.000000
319.000000
331.000000
357.000000
412.000000
414.000000
476.000000
497.000000
516.000000
640.000000
680.000000
643.000000
555.000000
477.000000
524.000000
472.000000
422.000000
317.000000
300.000000
265.000000
266.000000
280.000000
273.000000
251.000000
348.000000
398.000000
457.000000
506.000000
638.000000
618.000000
573.000000
618.000000
732.000000
863.000000
879.000000
789.000000
699.000000
637.000000
660.000000
524.000000
494.000000
437.000000
371.000000
302.000000
305.000000
292.000000
311.000000
299.000000
279.000000
302.000000
341.000000
380.000000
370.000000
360.000000
335.000000
417.000000
405.000000
430.000000
503.000000
499.000000
504.000000
429.000000
466.000000
430.000000
397.000000
372.000000
360.000000
324.000000
338.000000
324.000000
336.000000
349.000000
310.000000
339.000000
357.000000
392.000000
476.000000
456.000000
507.000000
583.000000
641.000000
708.000000
826.000000
907.000000
931.000000
994.000000
874.000000
895.000000
836.000000
772.000000
661.000000
747.000000
707.000000
802.000000
965.000000
1023.000000
1186.000000
1446.000000
1803.000000
2104.000000
2210.000000
2395.000000
2473.000000
2872.000000
3364.000000
3947.000000
4204.000000
4078.000000
4100.000000
4144.000000
4070.000000
3918.000000
3782.000000
3626.000000
3459.000000
3629.000000
3868.000000
4813.000000
5879.000000
6233.000000
6337.000000
6162.000000
6520.000000
6744.000000
6703.000000
6715.000000
7822.000000
11047.000000
15067.000000
19665.000000
16238.000000
15294.000000
13382.000000
11602.000000
10513.000000
9354.000000
8476.000000
7515.000000
6835.000000
6341.000000
6176.000000
5643.000000
5242.000000
4120.000000
3109.000000
2395.000000
2014.000000
1655.000000
1630.000000
1560.000000
1587.000000
1986.000000
2274.000000
2455.000000
2344.000000
2204.000000
2082.000000
1812.000000
1609.000000
1409.000000
1294.000000
1229.000000
1081.000000
974.000000
914.000000
996.000000
823.000000
723.000000
584.000000
539.000000
470.000000
501.000000
535.000000
505.000000
526.000000
598.000000
719.000000
787.000000
738.000000
856.000000
742.000000
747.000000
681.000000
616.000000
597.000000
532.000000
461.000000
493.000000
423.000000
376.000000
368.000000
355.000000
302.000000
348.000000
384.000000
413.000000
425.000000
444.000000
431.000000
545.000000
597.000000
685.000000
702.000000
719.000000
619.000000
666.000000
599.000000
528.000000
474.000000
476.000000
384.000000
362.000000
322.000000
302.000000
287.000000
261.000000
264.000000
209.000000
257.000000
279.000000
271.000000
285.000000
310.000000
343.000000
431.000000
454.000000
487.000000
498.000000
503.000000
455.000000
477.000000
469.000000
477.000000
481.000000
364.000000
391.000000
327.000000
349.000000
337.000000
282.000000
244.000000
265.000000
265.000000
350.000000
366.000000
329.000000
385.000000
395.000000
447.000000
508.000000
528.000000
522.000000
588.000000
618.000000
670.000000
646.000000
639.000000
669.000000
526.000000
511.000000
454.000000
361.000000
396.000000
320.000000
306.000000
366.000000
637.000000
1025.000000
972.000000
948.000000
920.000000
983.000000
1103.000000
1010.000000
1084.000000
914.000000
850.000000
1035.000000
870.000000
728.000000
648.000000
729.000000
369.000000
256.000000
218.000000
185.000000
237.000000
179.000000
204.000000
240.000000
278.000000
308.000000
366.000000
269.000000
246.000000
309.000000
323.000000
314.000000
