338.000000
291.000000
289.000000
290.000000
251.000000
247.000000
223.000000
219.000000
207.000000
217.000000
219.000000
185.000000
169.000000
155.000000
187.000000
186.000000
173.000000
155.000000
152.000000
131.000000
141.000000
177.000000
156.000000
144.000000
201.000000
195.000000
211.000000
173.000000
218.000000
202.000000
211.000000
211.000000
196.000000
175.000000
219.000000
201.000000
162.000000
194.000000
179.000000
203.000000
148.000000
149.000000
155.000000
138.000000
136.000000
158.000000
185.000000
178.000000
221.000000
203.000000
223.000000
212.000000
234.000000
223.000000
196.000000
202.000000
183.000000
192.000000
210.000000
175.000000
162.000000
199.000000
151.000000
169.000000
158.000000
150.000000
159.000000
154.000000
170.000000
217.000000
222.000000
223.000000
243.000000
244.000000
251.000000
299.000000
269.000000
271.000000
263.000000
280.000000
218.000000
237.000000
212.000000
181.000000
200.000000
207.000000
197.000000
189.000000
175.000000
188.000000
197.000000
207.000000
229.000000
240.000000
254.000000
247.000000
275.000000
327.000000
315.000000
326.000000
313.000000
309.000000
278.000000
288.000000
257.000000
259.000000
251.000000
238.000000
211.000000
233.000000
189.000000
195.000000
185.000000
181.000000
186.000000
198.000000
231.000000
237.000000
239.000000
224.000000
266.000000
292.000000
303.000000
356.000000
335.000000
313.000000
385.000000
390.000000
355.000000
334.000000
306.000000
282.000000
294.000000
319.000000
304.000000
369.000000
317.000000
450.000000
314.000000
325.000000
350.000000
465.000000
496.000000
575.000000
683.000000
755.000000
827.000000
1167.000000
1280.000000
2843.000000
2525.000000
2023.000000
1912.000000
2166.000000
2791.000000
3633.000000
3878.000000
4265.000000
4837.000000
5876.000000
7827.000000
7206.000000
7353.000000
7835.000000
9087.000000
9444.000000
10398.000000
10428.000000
12064.000000
11333.000000
10703.000000
10685.000000
10085.000000
8180.000000
6472.000000
6639.000000
6222.000000
6843.000000
7073.000000
7538.000000
5763.000000
5349.000000
5342.000000
6465.000000
7941.000000
5037.000000
4186.000000
4077.000000
2913.000000
2497.000000
2140.000000
2019.000000
2097.000000
2025.000000
2150.000000
2158.000000
1853.000000
1566.000000
1380.000000
1153.000000
1166.000000
1043.000000
917.000000
817.000000
702.000000
730.000000
628.000000
617.000000
499.000000
473.000000
397.000000
379.000000
418.000000
412.000000
385.000000
454.000000
544.000000
489.000000
552.000000
473.000000
449.000000
392.000000
380.000000
330.000000
350.000000
248.000000
250.000000
243.000000
222.000000
208.000000
198.000000
182.000000
204.000000
163.000000
171.000000
215.000000
264.000000
219.000000
231.000000
207.000000
235.000000
323.000000
276.000000
192.000000
250.000000
196.000000
171.000000
168.000000
160.000000
151.000000
158.000000
123.000000
157.000000
114.000000
115.000000
122.000000
130.000000
94.000000
129.000000
105.000000
136.000000
146.000000
134.000000
131.000000
163.000000
155.000000
162.000000
184.000000
165.000000
133.000000
121.000000
165.000000
133.000000
82.000000
100.000000
118.000000
96.000000
121.000000
96.000000
104.000000
93.000000
111.000000
80.000000
89.000000
99.000000
102.000000
123.000000
80.000000
140.000000
133.000000
132.000000
127.000000
120.000000
132.000000
90.000000
96.000000
76.000000
105.000000
87.000000
89.000000
85.000000
90.000000
76.000000
75.000000
80.000000
83.000000
73.000000
81.000000
82.000000
111.000000
130.000000
117.000000
117.000000
143.000000
136.000000
126.000000
106.000000
108.000000
98.000000
93.000000
83.000000
87.000000
78.000000
57.000000
76.000000
82.000000
126.000000
70.000000
85.000000
82.000000
126.000000
110.000000
116.000000
95.000000
117.000000
135.000000
179.000000
