817.000000
787.000000
864.000000
870.000000
839.000000
832.000000
716.000000
856.000000
703.000000
752.000000
704.000000
679.000000
1300.000000
791.000000
443.000000
353.000000
238.000000
243.000000
259.000000
250.000000
280.000000
415.000000
647.000000
743.000000
939.000000
882.000000
949.000000
976.000000
1042.000000
949.000000
957.000000
855.000000
852.000000
967.000000
903.000000
898.000000
788.000000
679.000000
472.000000
364.000000
349.000000
407.000000
504.000000
491.000000
510.000000
647.000000
939.000000
1160.000000
1281.000000
1189.000000
1258.000000
1284.000000
1336.000000
1271.000000
1241.000000
1190.000000
1044.000000
1102.000000
989.000000
981.000000
998.000000
810.000000
565.000000
426.000000
357.000000
312.000000
280.000000
357.000000
384.000000
570.000000
814.000000
1139.000000
1299.000000
1199.000000
1335.000000
1386.000000
1349.000000
1318.000000
1265.000000
1255.000000
1380.000000
1287.000000
1193.000000
1095.000000
986.000000
1020.000000
710.000000
438.000000
371.000000
279.000000
248.000000
244.000000
343.000000
492.000000
753.000000
992.000000
1139.000000
1281.000000
1354.000000
1355.000000
1529.000000
1457.000000
1543.000000
1572.000000
1792.000000
1833.000000
1653.000000
1428.000000
1353.000000
1553.000000
947.000000
661.000000
506.000000
401.000000
371.000000
369.000000
407.000000
540.000000
826.000000
1099.000000
1444.000000
1368.000000
1708.000000
1727.000000
1674.000000
1612.000000
1586.000000
1561.000000
1699.000000
1616.000000
1559.000000
1410.000000
1384.000000
1205.000000
828.000000
626.000000
556.000000
496.000000
503.000000
567.000000
794.000000
1042.000000
1629.000000
2125.000000
2319.000000
2412.000000
2491.000000
2609.000000
2598.000000
2499.000000
2671.000000
2542.000000
3214.000000
2739.000000
2529.000000
2447.000000
2532.000000
2193.000000
1794.000000
1328.000000
1260.000000
1434.000000
1491.000000
2018.000000
3446.000000
5691.000000
8855.000000
10789.000000
11280.000000
11000.000000
10867.000000
11006.000000
9633.000000
9009.000000
8171.000000
8759.000000
9059.000000
8347.000000
7191.000000
7007.000000
5406.000000
4313.000000
2901.000000
1976.000000
1408.000000
1093.000000
826.000000
875.000000
1139.000000
1637.000000
1998.000000
2291.000000
2364.000000
2248.000000
2238.000000
2185.000000
1871.000000
1760.000000
1611.000000
1555.000000
1485.000000
1531.000000
1405.000000
1376.000000
1181.000000
890.000000
702.000000
463.000000
406.000000
282.000000
256.000000
282.000000
367.000000
421.000000
607.000000
740.000000
743.000000
792.000000
741.000000
779.000000
717.000000
682.000000
683.000000
628.000000
591.000000
658.000000
579.000000
602.000000
496.000000
428.000000
320.000000
227.000000
223.000000
205.000000
187.000000
150.000000
207.000000
296.000000
353.000000
474.000000
491.000000
450.000000
525.000000
501.000000
461.000000
485.000000
453.000000
420.000000
427.000000
461.000000
422.000000
400.000000
359.000000
305.000000
286.000000
236.000000
171.000000
143.000000
169.000000
131.000000
162.000000
171.000000
242.000000
304.000000
397.000000
370.000000
447.000000
420.000000
390.000000
378.000000
394.000000
429.000000
380.000000
411.000000
402.000000
401.000000
397.000000
335.000000
238.000000
223.000000
198.000000
180.000000
183.000000
169.000000
182.000000
194.000000
213.000000
285.000000
342.000000
356.000000
362.000000
386.000000
373.000000
356.000000
451.000000
351.000000
329.000000
347.000000
292.000000
297.000000
265.000000
233.000000
199.000000
173.000000
142.000000
160.000000
158.000000
151.000000
176.000000
193.000000
225.000000
257.000000
281.000000
266.000000
285.000000
298.000000
301.000000
285.000000
287.000000
276.000000
246.000000
274.000000
253.000000
236.000000
301.000000
209.000000
179.000000
154.000000
143.000000
97.000000
140.000000
140.000000
129.000000
162.000000
220.000000
217.000000
286.000000
