36.000000
30.000000
55.000000
32.000000
43.000000
39.000000
42.000000
28.000000
31.000000
31.000000
26.000000
24.000000
30.000000
21.000000
21.000000
6.000000
9.000000
3.000000
5.000000
8.000000
7.000000
12.000000
16.000000
36.000000
28.000000
45.000000
33.000000
38.000000
41.000000
35.000000
46.000000
44.000000
44.000000
32.000000
34.000000
37.000000
28.000000
20.000000
15.000000
11.000000
13.000000
7.000000
5.000000
3.000000
3.000000
10.000000
16.000000
29.000000
39.000000
44.000000
53.000000
56.000000
35.000000
38.000000
37.000000
45.000000
41.000000
26.000000
35.000000
25.000000
31.000000
20.000000
19.000000
8.000000
13.000000
12.000000
5.000000
8.000000
13.000000
18.000000
27.000000
24.000000
41.000000
49.000000
50.000000
62.000000
52.000000
53.000000
48.000000
51.000000
37.000000
39.000000
42.000000
29.000000
51.000000
39.000000
15.000000
17.000000
7.000000
8.000000
8.000000
6.000000
19.000000
21.000000
31.000000
48.000000
66.000000
86.000000
99.000000
62.000000
71.000000
97.000000
81.000000
81.000000
89.000000
42.000000
33.000000
34.000000
39.000000
29.000000
18.000000
17.000000
17.000000
8.000000
6.000000
11.000000
12.000000
7.000000
18.000000
37.000000
26.000000
35.000000
35.000000
34.000000
37.000000
27.000000
49.000000
31.000000
32.000000
39.000000
38.000000
37.000000
42.000000
42.000000
25.000000
36.000000
23.000000
12.000000
21.000000
18.000000
9.000000
17.000000
30.000000
62.000000
73.000000
87.000000
88.000000
104.000000
96.000000
109.000000
126.000000
136.000000
135.000000
131.000000
203.000000
361.000000
313.000000
297.000000
225.000000
210.000000
166.000000
165.000000
164.000000
157.000000
201.000000
391.000000
818.000000
1436.000000
1606.000000
1493.000000
1365.000000
1279.000000
1156.000000
1044.000000
964.000000
926.000000
758.000000
694.000000
699.000000
596.000000
430.000000
349.000000
230.000000
135.000000
84.000000
45.000000
53.000000
38.000000
34.000000
89.000000
141.000000
178.000000
201.000000
248.000000
189.000000
155.000000
131.000000
154.000000
117.000000
115.000000
97.000000
102.000000
74.000000
93.000000
105.000000
85.000000
40.000000
34.000000
25.000000
27.000000
13.000000
15.000000
11.000000
31.000000
41.000000
73.000000
80.000000
131.000000
54.000000
62.000000
54.000000
51.000000
48.000000
56.000000
55.000000
59.000000
63.000000
57.000000
68.000000
44.000000
30.000000
20.000000
13.000000
4.000000
8.000000
2.000000
5.000000
15.000000
17.000000
37.000000
38.000000
43.000000
38.000000
38.000000
26.000000
29.000000
29.000000
35.000000
35.000000
31.000000
24.000000
45.000000
25.000000
34.000000
20.000000
12.000000
8.000000
5.000000
6.000000
8.000000
3.000000
12.000000
11.000000
22.000000
33.000000
28.000000
27.000000
33.000000
34.000000
34.000000
32.000000
31.000000
20.000000
13.000000
18.000000
15.000000
23.000000
10.000000
7.000000
6.000000
3.000000
2.000000
5.000000
5.000000
2.000000
1.000000
8.000000
10.000000
10.000000
6.000000
9.000000
15.000000
17.000000
12.000000
6.000000
8.000000
14.000000
15.000000
8.000000
6.000000
17.000000
11.000000
15.000000
6.000000
8.000000
5.000000
4.000000
2.000000
1.000000
6.000000
9.000000
14.000000
9.000000
7.000000
16.000000
12.000000
18.000000
11.000000
14.000000
9.000000
8.000000
16.000000
8.000000
17.000000
13.000000
14.000000
6.000000
9.000000
15.000000
6.000000
6.000000
9.000000
4.000000
6.000000
8.000000
12.000000
14.000000
