964.000000
1042.000000
867.000000
708.000000
539.000000
419.000000
416.000000
358.000000
333.000000
321.000000
430.000000
551.000000
620.000000
655.000000
687.000000
683.000000
668.000000
633.000000
658.000000
575.000000
659.000000
628.000000
773.000000
892.000000
973.000000
1037.000000
773.000000
612.000000
525.000000
432.000000
341.000000
332.000000
334.000000
377.000000
466.000000
583.000000
820.000000
871.000000
855.000000
740.000000
887.000000
767.000000
912.000000
676.000000
752.000000
702.000000
1054.000000
1230.000000
1355.000000
1232.000000
1108.000000
1008.000000
705.000000
662.000000
591.000000
558.000000
589.000000
655.000000
702.000000
940.000000
1163.000000
1268.000000
1160.000000
1300.000000
1129.000000
1159.000000
1037.000000
1199.000000
1094.000000
1250.000000
1308.000000
1826.000000
1960.000000
2087.000000
1701.000000
1500.000000
1118.000000
909.000000
758.000000
769.000000
729.000000
676.000000
935.000000
1194.000000
1345.000000
1536.000000
1405.000000
1409.000000
1329.000000
1357.000000
1281.000000
1484.000000
1556.000000
1699.000000
1821.000000
2260.000000
2682.000000
2770.000000
2286.000000
1722.000000
1286.000000
964.000000
919.000000
906.000000
819.000000
880.000000
1102.000000
1720.000000
2007.000000
2102.000000
2198.000000
2387.000000
2286.000000
2230.000000
2121.000000
2319.000000
2298.000000
2489.000000
2768.000000
3622.000000
3901.000000
4029.000000
3888.000000
3261.000000
2526.000000
1902.000000
1438.000000
1266.000000
1232.000000
1351.000000
2166.000000
3526.000000
5087.000000
6031.000000
6372.000000
6944.000000
6274.000000
5980.000000
6272.000000
5935.000000
5800.000000
6227.000000
7212.000000
8599.000000
10380.000000
10070.000000
9521.000000
8172.000000
6387.000000
8682.000000
8081.000000
6156.000000
5993.000000
8753.000000
17623.000000
27544.000000
32075.000000
35894.000000
38202.000000
46578.000000
46578.000000
46374.000000
44023.000000
42284.000000
36766.000000
37790.000000
43208.000000
53735.000000
61042.000000
60605.000000
52292.000000
38233.000000
23546.000000
16161.000000
14823.000000
16792.000000
14358.000000
12369.000000
11092.000000
10728.000000
10328.000000
9490.000000
8397.000000
5776.000000
4758.000000
3754.000000
2790.000000
2541.000000
2369.000000
2249.000000
2625.000000
2985.000000
3245.000000
3283.000000
3050.000000
2509.000000
2082.000000
1812.000000
1639.000000
1552.000000
1480.000000
1414.000000
1477.000000
1666.000000
1968.000000
1849.000000
1969.000000
1778.000000
1581.000000
1476.000000
1312.000000
1369.000000
1279.000000
1238.000000
1400.000000
1923.000000
2121.000000
2062.000000
1869.000000
1616.000000
1344.000000
1084.000000
1037.000000
1062.000000
1047.000000
1002.000000
1101.000000
1252.000000
1293.000000
1314.000000
1147.000000
1062.000000
986.000000
935.000000
985.000000
863.000000
847.000000
937.000000
1087.000000
1406.000000
1681.000000
1578.000000
1524.000000
1138.000000
889.000000
714.000000
608.000000
534.000000
495.000000
481.000000
538.000000
714.000000
787.000000
744.000000
775.000000
682.000000
634.000000
630.000000
620.000000
590.000000
520.000000
642.000000
686.000000
913.000000
1027.000000
989.000000
1001.000000
727.000000
584.000000
494.000000
462.000000
381.000000
365.000000
339.000000
446.000000
460.000000
476.000000
480.000000
507.000000
497.000000
503.000000
411.000000
428.000000
424.000000
437.000000
476.000000
519.000000
625.000000
732.000000
755.000000
670.000000
564.000000
427.000000
373.000000
335.000000
275.000000
302.000000
318.000000
271.000000
366.000000
373.000000
343.000000
386.000000
370.000000
347.000000
377.000000
376.000000
414.000000
389.000000
406.000000
432.000000
509.000000
664.000000
647.000000
609.000000
535.000000
365.000000
314.000000
291.000000
235.000000
239.000000
227.000000
220.000000
325.000000
325.000000
313.000000
318.000000
346.000000
290.000000
265.000000
351.000000
332.000000
316.000000
411.000000
349.000000
487.000000
530.000000
