995.000000
853.000000
831.000000
828.000000
750.000000
697.000000
659.000000
681.000000
588.000000
567.000000
637.000000
571.000000
515.000000
537.000000
542.000000
477.000000
476.000000
491.000000
489.000000
500.000000
495.000000
617.000000
614.000000
793.000000
810.000000
842.000000
791.000000
815.000000
720.000000
669.000000
617.000000
680.000000
679.000000
618.000000
576.000000
612.000000
660.000000
645.000000
595.000000
573.000000
554.000000
573.000000
555.000000
592.000000
663.000000
695.000000
887.000000
937.000000
1040.000000
970.000000
1049.000000
1147.000000
1006.000000
921.000000
859.000000
899.000000
953.000000
1002.000000
1098.000000
1096.000000
1161.000000
1030.000000
970.000000
955.000000
1009.000000
1007.000000
1015.000000
1126.000000
1272.000000
1388.000000
1585.000000
1761.000000
1812.000000
1668.000000
1570.000000
1464.000000
1488.000000
1311.000000
1268.000000
1141.000000
1076.000000
1063.000000
1199.000000
1146.000000
1117.000000
1087.000000
979.000000
974.000000
1148.000000
1152.000000
1282.000000
1340.000000
1344.000000
1564.000000
1662.000000
1774.000000
1846.000000
1812.000000
1734.000000
1696.000000
1581.000000
1486.000000
1353.000000
1285.000000
1256.000000
1144.000000
1267.000000
1486.000000
1368.000000
1363.000000
1311.000000
1372.000000
1380.000000
1568.000000
1717.000000
1743.000000
1732.000000
1951.000000
2265.000000
2451.000000
2700.000000
2739.000000
2716.000000
2480.000000
2405.000000
2213.000000
2084.000000
2054.000000
2007.000000
2047.000000
2116.000000
2527.000000
2765.000000
2813.000000
2762.000000
2829.000000
3138.000000
3198.000000
3595.000000
3742.000000
4108.000000
0.000000
5668.000000
6930.000000
8464.000000
7357.000000
7369.000000
6493.000000
5704.000000
5211.000000
5144.000000
5089.000000
4965.000000
4958.000000
5333.000000
6134.000000
6632.000000
6707.000000
6617.000000
6995.000000
7200.000000
7167.000000
7070.000000
6841.000000
7660.000000
8910.000000
10097.000000
11316.000000
11405.000000
10551.000000
11211.000000
9500.000000
7776.000000
6628.000000
5994.000000
5499.000000
4758.000000
4810.000000
5241.000000
5518.000000
5499.000000
5568.000000
5353.000000
4836.000000
4107.000000
3606.000000
3241.000000
3000.000000
2687.000000
2882.000000
3033.000000
3137.000000
3312.000000
3175.000000
2899.000000
2591.000000
2168.000000
1830.000000
1487.000000
1427.000000
1375.000000
1202.000000
1183.000000
1299.000000
1447.000000
1371.000000
1300.000000
1326.000000
1292.000000
1237.000000
1193.000000
1087.000000
1125.000000
1258.000000
1325.000000
1443.000000
1466.000000
1387.000000
1270.000000
1281.000000
998.000000
957.000000
889.000000
849.000000
749.000000
722.000000
796.000000
919.000000
825.000000
796.000000
760.000000
770.000000
798.000000
931.000000
1081.000000
1002.000000
980.000000
987.000000
1120.000000
1219.000000
1271.000000
1017.000000
1014.000000
895.000000
776.000000
711.000000
594.000000
504.000000
500.000000
426.000000
473.000000
560.000000
530.000000
398.000000
480.000000
421.000000
497.000000
519.000000
594.000000
598.000000
555.000000
596.000000
657.000000
717.000000
733.000000
718.000000
608.000000
583.000000
497.000000
521.000000
402.000000
344.000000
320.000000
304.000000
329.000000
343.000000
345.000000
360.000000
333.000000
350.000000
362.000000
388.000000
406.000000
353.000000
412.000000
420.000000
450.000000
451.000000
468.000000
465.000000
406.000000
379.000000
351.000000
310.000000
273.000000
233.000000
200.000000
199.000000
241.000000
268.000000
240.000000
252.000000
286.000000
229.000000
264.000000
266.000000
325.000000
330.000000
260.000000
339.000000
338.000000
357.000000
384.000000
363.000000
307.000000
289.000000
246.000000
238.000000
225.000000
190.000000
155.000000
166.000000
180.000000
208.000000
191.000000
178.000000
165.000000
192.000000
233.000000
196.000000
237.000000
197.000000
238.000000
197.000000
301.000000
319.000000
299.000000
