1916.000000
1991.000000
1751.000000
1790.000000
1526.000000
1243.000000
1162.000000
942.000000
838.000000
820.000000
749.000000
725.000000
690.000000
665.000000
754.000000
924.000000
1030.000000
1053.000000
1046.000000
1176.000000
1167.000000
1200.000000
1239.000000
1320.000000
1382.000000
1344.000000
1254.000000
1267.000000
1246.000000
1111.000000
949.000000
863.000000
793.000000
783.000000
804.000000
779.000000
667.000000
736.000000
782.000000
898.000000
1039.000000
1076.000000
1140.000000
1190.000000
1404.000000
1516.000000
1487.000000
1625.000000
1743.000000
1787.000000
1860.000000
1675.000000
1610.000000
1504.000000
1379.000000
1264.000000
1189.000000
1393.000000
1318.000000
1215.000000
1307.000000
1377.000000
1676.000000
1880.000000
1995.000000
2013.000000
2181.000000
2365.000000
2525.000000
2742.000000
2687.000000
2618.000000
2760.000000
2728.000000
2714.000000
2608.000000
2376.000000
2130.000000
1835.000000
1747.000000
1775.000000
2004.000000
1879.000000
1733.000000
1909.000000
2058.000000
2231.000000
2322.000000
2487.000000
2393.000000
2456.000000
2827.000000
2779.000000
3041.000000
2830.000000
2998.000000
3149.000000
3344.000000
3194.000000
3296.000000
2915.000000
2585.000000
2249.000000
2215.000000
2223.000000
2388.000000
2326.000000
2360.000000
2613.000000
2887.000000
3193.000000
3154.000000
3731.000000
3282.000000
3462.000000
3698.000000
3864.000000
4242.000000
4123.000000
4329.000000
4641.000000
4556.000000
4605.000000
4566.000000
4065.000000
3780.000000
3796.000000
3953.000000
3922.000000
4075.000000
4147.000000
4591.000000
5277.000000
5625.000000
6336.000000
6496.000000
6981.000000
6865.000000
7094.000000
7207.000000
7526.000000
8093.000000
8283.000000
9007.000000
9601.000000
9832.000000
10042.000000
10407.000000
10724.000000
9714.000000
9581.000000
9819.000000
10012.000000
10590.000000
10730.000000
12450.000000
13353.000000
15811.000000
15549.000000
15368.000000
15445.000000
15219.000000
13732.000000
14734.000000
15466.000000
16203.000000
16188.000000
16455.000000
16489.000000
15412.000000
14582.000000
14426.000000
13881.000000
12416.000000
10470.000000
9268.000000
8878.000000
9160.000000
9100.000000
8836.000000
7257.000000
6733.000000
6403.000000
6347.000000
6154.000000
5984.000000
5862.000000
6079.000000
6058.000000
6209.000000
5985.000000
5775.000000
5585.000000
5428.000000
4988.000000
4307.000000
3964.000000
3521.000000
3280.000000
2928.000000
2797.000000
2758.000000
2904.000000
2869.000000
2879.000000
2715.000000
2677.000000
2822.000000
2885.000000
2748.000000
2945.000000
3042.000000
3185.000000
3336.000000
3391.000000
3251.000000
3076.000000
2967.000000
2793.000000
2720.000000
2472.000000
2183.000000
2008.000000
1958.000000
1842.000000
2052.000000
1925.000000
1873.000000
1876.000000
1907.000000
2128.000000
2154.000000
2027.000000
2115.000000
2002.000000
2204.000000
2334.000000
2441.000000
2448.000000
2281.000000
2211.000000
2086.000000
1920.000000
1774.000000
1520.000000
1416.000000
1256.000000
1187.000000
1143.000000
1176.000000
1182.000000
975.000000
1076.000000
982.000000
950.000000
993.000000
1033.000000
1020.000000
1076.000000
1147.000000
1224.000000
1408.000000
1429.000000
1297.000000
1302.000000
1215.000000
1121.000000
960.000000
961.000000
774.000000
711.000000
633.000000
574.000000
598.000000
584.000000
572.000000
561.000000
581.000000
612.000000
677.000000
680.000000
744.000000
649.000000
691.000000
925.000000
801.000000
875.000000
869.000000
773.000000
848.000000
741.000000
716.000000
588.000000
537.000000
470.000000
482.000000
480.000000
424.000000
413.000000
420.000000
431.000000
478.000000
442.000000
500.000000
474.000000
526.000000
555.000000
596.000000
644.000000
744.000000
666.000000
624.000000
654.000000
745.000000
651.000000
641.000000
516.000000
466.000000
450.000000
381.000000
409.000000
422.000000
384.000000
331.000000
332.000000
381.000000
403.000000
442.000000
446.000000
460.000000
473.000000
524.000000
554.000000
568.000000
570.000000
512.000000
524.000000
