2.000000
1.000000
4.000000
2.000000
4.000000
0.000000
3.000000
5.000000
1.000000
1.000000
1.000000
3.000000
1.000000
0.000000
1.000000
2.000000
2.000000
3.000000
2.000000
4.000000
5.000000
1.000000
1.000000
2.000000
6.000000
5.000000
10.000000
4.000000
6.000000
3.000000
4.000000
4.000000
1.000000
6.000000
5.000000
3.000000
1.000000
1.000000
1.000000
1.000000
4.000000
3.000000
2.000000
18.000000
11.000000
12.000000
13.000000
7.000000
5.000000
16.000000
8.000000
8.000000
4.000000
18.000000
50.000000
45.000000
23.000000
28.000000
15.000000
11.000000
3.000000
3.000000
3.000000
8.000000
4.000000
6.000000
19.000000
19.000000
25.000000
29.000000
28.000000
22.000000
20.000000
16.000000
12.000000
9.000000
21.000000
20.000000
9.000000
30.000000
9.000000
7.000000
5.000000
2.000000
2.000000
2.000000
6.000000
4.000000
7.000000
11.000000
6.000000
11.000000
11.000000
12.000000
21.000000
12.000000
16.000000
12.000000
27.000000
23.000000
9.000000
9.000000
15.000000
9.000000
13.000000
4.000000
4.000000
4.000000
1.000000
4.000000
5.000000
5.000000
4.000000
6.000000
12.000000
27.000000
9.000000
16.000000
7.000000
14.000000
13.000000
13.000000
15.000000
8.000000
7.000000
8.000000
14.000000
10.000000
11.000000
5.000000
6.000000
9.000000
3.000000
3.000000
8.000000
5.000000
7.000000
5.000000
20.000000
22.000000
66.000000
45.000000
38.000000
45.000000
42.000000
37.000000
30.000000
20.000000
24.000000
30.000000
248.000000
209.000000
184.000000
172.000000
170.000000
173.000000
131.000000
182.000000
172.000000
146.000000
172.000000
186.000000
290.000000
283.000000
276.000000
300.000000
307.000000
327.000000
338.000000
311.000000
270.000000
234.000000
206.000000
196.000000
89.000000
61.000000
80.000000
41.000000
27.000000
30.000000
32.000000
16.000000
24.000000
18.000000
18.000000
24.000000
39.000000
46.000000
28.000000
32.000000
25.000000
25.000000
27.000000
23.000000
25.000000
18.000000
9.000000
9.000000
15.000000
14.000000
10.000000
11.000000
20.000000
2.000000
0.000000
2.000000
2.000000
3.000000
2.000000
10.000000
7.000000
16.000000
13.000000
27.000000
36.000000
23.000000
39.000000
20.000000
14.000000
9.000000
6.000000
4.000000
6.000000
15.000000
6.000000
5.000000
5.000000
5.000000
4.000000
3.000000
4.000000
6.000000
5.000000
10.000000
6.000000
9.000000
15.000000
6.000000
11.000000
2.000000
5.000000
10.000000
3.000000
13.000000
7.000000
3.000000
7.000000
11.000000
3.000000
0.000000
1.000000
2.000000
3.000000
4.000000
1.000000
4.000000
1.000000
2.000000
3.000000
3.000000
2.000000
5.000000
5.000000
4.000000
2.000000
2.000000
5.000000
2.000000
3.000000
0.000000
5.000000
4.000000
3.000000
3.000000
0.000000
0.000000
2.000000
4.000000
2.000000
3.000000
2.000000
4.000000
0.000000
3.000000
3.000000
4.000000
4.000000
2.000000
1.000000
5.000000
1.000000
3.000000
3.000000
0.000000
3.000000
0.000000
0.000000
0.000000
4.000000
1.000000
1.000000
1.000000
2.000000
1.000000
1.000000
2.000000
1.000000
4.000000
1.000000
3.000000
4.000000
3.000000
3.000000
1.000000
2.000000
0.000000
3.000000
2.000000
3.000000
2.000000
2.000000
4.000000
3.000000
2.000000
1.000000
2.000000
0.000000
2.000000
1.000000
2.000000
0.000000
1.000000
0.000000
3.000000
1.000000
2.000000
1.000000
