48.000000
67.000000
89.000000
96.000000
78.000000
82.000000
80.000000
91.000000
79.000000
70.000000
49.000000
46.000000
38.000000
34.000000
31.000000
31.000000
20.000000
23.000000
16.000000
10.000000
4.000000
7.000000
7.000000
23.000000
51.000000
64.000000
89.000000
85.000000
113.000000
98.000000
122.000000
107.000000
99.000000
75.000000
83.000000
48.000000
61.000000
49.000000
52.000000
32.000000
23.000000
18.000000
11.000000
7.000000
10.000000
15.000000
26.000000
32.000000
53.000000
99.000000
94.000000
109.000000
117.000000
104.000000
144.000000
128.000000
121.000000
87.000000
75.000000
59.000000
43.000000
50.000000
58.000000
41.000000
16.000000
23.000000
16.000000
19.000000
9.000000
15.000000
22.000000
50.000000
75.000000
116.000000
141.000000
139.000000
139.000000
121.000000
139.000000
147.000000
121.000000
100.000000
79.000000
75.000000
67.000000
64.000000
49.000000
34.000000
36.000000
27.000000
18.000000
21.000000
11.000000
21.000000
16.000000
16.000000
37.000000
48.000000
49.000000
58.000000
45.000000
57.000000
55.000000
52.000000
49.000000
60.000000
71.000000
66.000000
65.000000
75.000000
75.000000
51.000000
37.000000
34.000000
25.000000
21.000000
21.000000
11.000000
35.000000
34.000000
67.000000
99.000000
112.000000
93.000000
95.000000
112.000000
119.000000
115.000000
132.000000
137.000000
138.000000
124.000000
178.000000
175.000000
142.000000
127.000000
86.000000
61.000000
41.000000
44.000000
52.000000
67.000000
76.000000
168.000000
279.000000
429.000000
502.000000
536.000000
566.000000
565.000000
610.000000
650.000000
668.000000
714.000000
649.000000
691.000000
859.000000
1026.000000
1000.000000
745.000000
693.000000
494.000000
408.000000
427.000000
429.000000
577.000000
1070.000000
2325.000000
4330.000000
3870.000000
3157.000000
2547.000000
2235.000000
1977.000000
1883.000000
1616.000000
1405.000000
1302.000000
1216.000000
1216.000000
1038.000000
1001.000000
826.000000
595.000000
384.000000
260.000000
141.000000
132.000000
99.000000
103.000000
125.000000
229.000000
275.000000
251.000000
284.000000
246.000000
241.000000
231.000000
193.000000
185.000000
184.000000
189.000000
169.000000
136.000000
129.000000
130.000000
121.000000
112.000000
58.000000
53.000000
29.000000
33.000000
23.000000
29.000000
33.000000
42.000000
51.000000
62.000000
99.000000
80.000000
80.000000
96.000000
76.000000
45.000000
62.000000
59.000000
49.000000
47.000000
58.000000
64.000000
40.000000
57.000000
36.000000
22.000000
11.000000
12.000000
9.000000
8.000000
12.000000
18.000000
26.000000
46.000000
46.000000
50.000000
38.000000
30.000000
41.000000
45.000000
56.000000
30.000000
21.000000
28.000000
30.000000
18.000000
23.000000
24.000000
23.000000
17.000000
13.000000
9.000000
7.000000
4.000000
7.000000
26.000000
14.000000
26.000000
21.000000
17.000000
17.000000
32.000000
22.000000
25.000000
10.000000
25.000000
20.000000
21.000000
20.000000
20.000000
30.000000
22.000000
14.000000
9.000000
9.000000
5.000000
12.000000
3.000000
7.000000
6.000000
12.000000
9.000000
17.000000
15.000000
17.000000
18.000000
19.000000
21.000000
15.000000
24.000000
25.000000
21.000000
19.000000
26.000000
18.000000
14.000000
8.000000
8.000000
11.000000
9.000000
5.000000
7.000000
7.000000
6.000000
17.000000
36.000000
30.000000
18.000000
24.000000
14.000000
16.000000
30.000000
24.000000
17.000000
24.000000
16.000000
22.000000
16.000000
21.000000
11.000000
11.000000
10.000000
8.000000
6.000000
2.000000
9.000000
7.000000
12.000000
11.000000
