1244.000000
1224.000000
1283.000000
1268.000000
1277.000000
1207.000000
964.000000
924.000000
882.000000
870.000000
910.000000
795.000000
695.000000
612.000000
593.000000
653.000000
725.000000
726.000000
750.000000
764.000000
866.000000
1111.000000
1211.000000
1354.000000
1418.000000
1442.000000
1349.000000
1393.000000
1381.000000
1302.000000
1228.000000
1120.000000
1030.000000
966.000000
992.000000
914.000000
834.000000
719.000000
657.000000
693.000000
754.000000
767.000000
784.000000
853.000000
961.000000
1300.000000
1878.000000
1775.000000
1709.000000
1600.000000
1475.000000
1505.000000
1746.000000
1563.000000
1380.000000
1077.000000
968.000000
937.000000
940.000000
935.000000
863.000000
749.000000
649.000000
688.000000
753.000000
738.000000
767.000000
805.000000
991.000000
1147.000000
1356.000000
1285.000000
1332.000000
1411.000000
1580.000000
1701.000000
1424.000000
1357.000000
1294.000000
1207.000000
1311.000000
1817.000000
1878.000000
1845.000000
1719.000000
1524.000000
1355.000000
1140.000000
1112.000000
1163.000000
1237.000000
1299.000000
1463.000000
1625.000000
1823.000000
2008.000000
2276.000000
2572.000000
2326.000000
2184.000000
2105.000000
2052.000000
2128.000000
2052.000000
1917.000000
1944.000000
2075.000000
2127.000000
1930.000000
2032.000000
1949.000000
2150.000000
2427.000000
2506.000000
2617.000000
2592.000000
2801.000000
3194.000000
3609.000000
3752.000000
3806.000000
3970.000000
3740.000000
3661.000000
3367.000000
3431.000000
3381.000000
3405.000000
3199.000000
3092.000000
3317.000000
3223.000000
3087.000000
3078.000000
2958.000000
3072.000000
3482.000000
3795.000000
3789.000000
4018.000000
4594.000000
5027.000000
5596.000000
6140.000000
6837.000000
6882.000000
7311.000000
7531.000000
8225.000000
8777.000000
9847.000000
10742.000000
12186.000000
11640.000000
12445.000000
12146.000000
11707.000000
11657.000000
11109.000000
12290.000000
14887.000000
15589.000000
15475.000000
17321.000000
22734.000000
30724.000000
35831.000000
36898.000000
40050.000000
39999.000000
32804.000000
32055.000000
24910.000000
21246.000000
18633.000000
17611.000000
17096.000000
13956.000000
12304.000000
10614.000000
8790.000000
6809.000000
4948.000000
4349.000000
4049.000000
3666.000000
3500.000000
3660.000000
4219.000000
5028.000000
5608.000000
5757.000000
5415.000000
4838.000000
4579.000000
4032.000000
3782.000000
3559.000000
3112.000000
2958.000000
2564.000000
2525.000000
2507.000000
2090.000000
1928.000000
1577.000000
1349.000000
1128.000000
1010.000000
1065.000000
982.000000
1055.000000
1231.000000
1380.000000
1583.000000
1693.000000
1630.000000
1860.000000
1684.000000
1488.000000
1411.000000
1327.000000
1311.000000
1233.000000
1082.000000
1134.000000
1043.000000
905.000000
843.000000
757.000000
693.000000
618.000000
537.000000
617.000000
623.000000
537.000000
646.000000
764.000000
863.000000
925.000000
1031.000000
1254.000000
1251.000000
926.000000
824.000000
788.000000
721.000000
757.000000
743.000000
741.000000
985.000000
935.000000
880.000000
647.000000
608.000000
519.000000
489.000000
452.000000
456.000000
437.000000
542.000000
605.000000
676.000000
775.000000
868.000000
779.000000
838.000000
671.000000
705.000000
662.000000
611.000000
635.000000
575.000000
582.000000
583.000000
555.000000
528.000000
443.000000
392.000000
415.000000
325.000000
361.000000
366.000000
362.000000
372.000000
426.000000
544.000000
559.000000
553.000000
657.000000
536.000000
598.000000
534.000000
533.000000
508.000000
521.000000
475.000000
412.000000
369.000000
411.000000
386.000000
357.000000
332.000000
260.000000
261.000000
255.000000
265.000000
270.000000
326.000000
377.000000
428.000000
471.000000
557.000000
558.000000
515.000000
446.000000
454.000000
430.000000
408.000000
379.000000
352.000000
366.000000
381.000000
327.000000
276.000000
220.000000
185.000000
225.000000
264.000000
240.000000
257.000000
276.000000
321.000000
366.000000
434.000000
438.000000
448.000000
