48.000000
49.000000
61.000000
73.000000
57.000000
49.000000
44.000000
45.000000
47.000000
39.000000
47.000000
40.000000
24.000000
19.000000
11.000000
10.000000
11.000000
11.000000
7.000000
23.000000
21.000000
38.000000
48.000000
53.000000
53.000000
53.000000
61.000000
60.000000
41.000000
64.000000
57.000000
62.000000
40.000000
54.000000
77.000000
62.000000
30.000000
36.000000
22.000000
9.000000
8.000000
4.000000
8.000000
14.000000
44.000000
47.000000
65.000000
61.000000
60.000000
72.000000
79.000000
94.000000
56.000000
60.000000
58.000000
54.000000
79.000000
83.000000
65.000000
38.000000
58.000000
36.000000
31.000000
16.000000
13.000000
15.000000
12.000000
14.000000
31.000000
43.000000
74.000000
100.000000
100.000000
79.000000
68.000000
88.000000
80.000000
59.000000
69.000000
49.000000
73.000000
51.000000
49.000000
41.000000
30.000000
27.000000
26.000000
16.000000
13.000000
6.000000
10.000000
9.000000
8.000000
39.000000
36.000000
43.000000
37.000000
50.000000
51.000000
49.000000
72.000000
43.000000
37.000000
45.000000
46.000000
58.000000
38.000000
46.000000
45.000000
35.000000
25.000000
18.000000
19.000000
10.000000
7.000000
13.000000
31.000000
24.000000
43.000000
56.000000
74.000000
70.000000
82.000000
99.000000
85.000000
87.000000
107.000000
94.000000
127.000000
129.000000
137.000000
124.000000
115.000000
125.000000
92.000000
65.000000
56.000000
48.000000
75.000000
97.000000
218.000000
355.000000
499.000000
565.000000
601.000000
662.000000
665.000000
601.000000
792.000000
731.000000
714.000000
721.000000
703.000000
1153.000000
1174.000000
1086.000000
905.000000
972.000000
781.000000
649.000000
769.000000
764.000000
765.000000
1179.000000
2015.000000
3298.000000
4526.000000
5110.000000
5113.000000
5076.000000
4700.000000
4346.000000
4187.000000
3639.000000
3050.000000
2756.000000
2472.000000
2443.000000
2381.000000
2167.000000
1660.000000
1157.000000
727.000000
511.000000
344.000000
264.000000
262.000000
344.000000
490.000000
586.000000
592.000000
620.000000
577.000000
545.000000
465.000000
437.000000
426.000000
383.000000
352.000000
277.000000
279.000000
298.000000
278.000000
265.000000
205.000000
182.000000
108.000000
72.000000
43.000000
40.000000
48.000000
49.000000
103.000000
104.000000
108.000000
162.000000
141.000000
123.000000
136.000000
137.000000
113.000000
130.000000
103.000000
110.000000
91.000000
111.000000
82.000000
82.000000
65.000000
61.000000
49.000000
41.000000
30.000000
24.000000
24.000000
25.000000
49.000000
50.000000
60.000000
65.000000
67.000000
71.000000
56.000000
69.000000
53.000000
59.000000
57.000000
79.000000
73.000000
86.000000
51.000000
47.000000
56.000000
38.000000
15.000000
29.000000
17.000000
16.000000
16.000000
18.000000
25.000000
31.000000
44.000000
25.000000
42.000000
49.000000
54.000000
44.000000
62.000000
56.000000
42.000000
54.000000
57.000000
52.000000
28.000000
40.000000
29.000000
38.000000
32.000000
17.000000
11.000000
13.000000
7.000000
10.000000
11.000000
22.000000
20.000000
25.000000
29.000000
38.000000
47.000000
35.000000
36.000000
41.000000
40.000000
39.000000
42.000000
45.000000
30.000000
24.000000
40.000000
24.000000
17.000000
11.000000
16.000000
10.000000
7.000000
14.000000
17.000000
23.000000
40.000000
32.000000
40.000000
47.000000
45.000000
37.000000
45.000000
33.000000
35.000000
37.000000
32.000000
42.000000
28.000000
27.000000
24.000000
23.000000
20.000000
18.000000
5.000000
9.000000
7.000000
15.000000
19.000000
14.000000
22.000000
22.000000
26.000000
