435.000000
528.000000
509.000000
464.000000
458.000000
544.000000
519.000000
493.000000
484.000000
473.000000
426.000000
356.000000
305.000000
225.000000
175.000000
164.000000
164.000000
204.000000
211.000000
266.000000
404.000000
479.000000
554.000000
579.000000
569.000000
565.000000
579.000000
556.000000
529.000000
551.000000
522.000000
562.000000
481.000000
481.000000
446.000000
337.000000
417.000000
332.000000
231.000000
195.000000
198.000000
225.000000
288.000000
352.000000
546.000000
637.000000
826.000000
891.000000
967.000000
991.000000
941.000000
938.000000
943.000000
953.000000
909.000000
970.000000
981.000000
832.000000
764.000000
636.000000
443.000000
332.000000
284.000000
370.000000
387.000000
384.000000
493.000000
616.000000
832.000000
998.000000
1193.000000
1176.000000
1181.000000
1150.000000
1043.000000
1150.000000
1091.000000
1140.000000
1031.000000
974.000000
988.000000
968.000000
781.000000
605.000000
473.000000
354.000000
331.000000
376.000000
414.000000
471.000000
486.000000
656.000000
874.000000
1056.000000
1142.000000
1207.000000
1228.000000
1192.000000
1191.000000
1169.000000
1214.000000
1142.000000
1145.000000
1104.000000
1009.000000
955.000000
873.000000
743.000000
509.000000
424.000000
360.000000
430.000000
493.000000
535.000000
620.000000
811.000000
1023.000000
1272.000000
1378.000000
1466.000000
1365.000000
1341.000000
1413.000000
1380.000000
1435.000000
1378.000000
1256.000000
1474.000000
1291.000000
1269.000000
1047.000000
958.000000
788.000000
666.000000
747.000000
928.000000
1016.000000
991.000000
1267.000000
1452.000000
2055.000000
2586.000000
2732.000000
2763.000000
2886.000000
2903.000000
2811.000000
2807.000000
2772.000000
2892.000000
2768.000000
3003.000000
2697.000000
2647.000000
2521.000000
2338.000000
2041.000000
1807.000000
1755.000000
2152.000000
2557.000000
2711.000000
2838.000000
3505.000000
4785.000000
5679.000000
6445.000000
6281.000000
6464.000000
5971.000000
5290.000000
5203.000000
5101.000000
4906.000000
5012.000000
4504.000000
4288.000000
4272.000000
4033.000000
3541.000000
2691.000000
1820.000000
1524.000000
1433.000000
1167.000000
1262.000000
1469.000000
1962.000000
2943.000000
3152.000000
3271.000000
3773.000000
3138.000000
2775.000000
2579.000000
2345.000000
2213.000000
2264.000000
2089.000000
1958.000000
1871.000000
1784.000000
1562.000000
1261.000000
874.000000
644.000000
542.000000
541.000000
565.000000
558.000000
607.000000
830.000000
1037.000000
1275.000000
1242.000000
1220.000000
1150.000000
1108.000000
954.000000
920.000000
856.000000
728.000000
706.000000
702.000000
659.000000
572.000000
556.000000
398.000000
294.000000
274.000000
237.000000
238.000000
230.000000
261.000000
294.000000
354.000000
508.000000
588.000000
633.000000
630.000000
527.000000
569.000000
536.000000
497.000000
479.000000
403.000000
438.000000
413.000000
385.000000
380.000000
374.000000
244.000000
207.000000
160.000000
158.000000
146.000000
169.000000
189.000000
209.000000
282.000000
318.000000
393.000000
459.000000
446.000000
444.000000
424.000000
370.000000
367.000000
395.000000
345.000000
334.000000
352.000000
312.000000
315.000000
256.000000
198.000000
169.000000
124.000000
109.000000
136.000000
146.000000
165.000000
176.000000
226.000000
262.000000
374.000000
357.000000
385.000000
297.000000
363.000000
336.000000
290.000000
306.000000
321.000000
254.000000
289.000000
262.000000
274.000000
214.000000
172.000000
146.000000
110.000000
110.000000
105.000000
152.000000
120.000000
164.000000
156.000000
329.000000
250.000000
322.000000
295.000000
251.000000
367.000000
257.000000
263.000000
300.000000
203.000000
247.000000
378.000000
224.000000
205.000000
209.000000
172.000000
148.000000
108.000000
89.000000
91.000000
95.000000
85.000000
110.000000
152.000000
152.000000
174.000000
184.000000
236.000000
259.000000
