683.000000
716.000000
771.000000
697.000000
716.000000
713.000000
747.000000
700.000000
625.000000
498.000000
561.000000
593.000000
504.000000
473.000000
367.000000
334.000000
312.000000
242.000000
251.000000
257.000000
311.000000
431.000000
595.000000
744.000000
915.000000
918.000000
961.000000
949.000000
1021.000000
910.000000
907.000000
857.000000
690.000000
727.000000
643.000000
697.000000
663.000000
546.000000
472.000000
372.000000
317.000000
281.000000
298.000000
328.000000
390.000000
528.000000
872.000000
1008.000000
1253.000000
1310.000000
1308.000000
1176.000000
1188.000000
1177.000000
1110.000000
1255.000000
1134.000000
936.000000
818.000000
848.000000
823.000000
793.000000
559.000000
408.000000
374.000000
305.000000
276.000000
246.000000
308.000000
509.000000
723.000000
1019.000000
1050.000000
1047.000000
1127.000000
1155.000000
1037.000000
987.000000
1045.000000
1046.000000
1013.000000
1009.000000
1304.000000
1406.000000
1337.000000
1248.000000
976.000000
753.000000
570.000000
483.000000
396.000000
444.000000
1717.000000
1574.000000
1584.000000
3979.000000
2321.000000
2061.000000
1930.000000
2074.000000
1845.000000
1717.000000
1652.000000
1673.000000
1738.000000
1676.000000
1668.000000
1999.000000
1883.000000
1637.000000
1217.000000
990.000000
866.000000
798.000000
730.000000
851.000000
1098.000000
1586.000000
2291.000000
2913.000000
3040.000000
2875.000000
3012.000000
2892.000000
2819.000000
2598.000000
2677.000000
2607.000000
2327.000000
2393.000000
2338.000000
2599.000000
2464.000000
2144.000000
2282.000000
1814.000000
1732.000000
1626.000000
1680.000000
1942.000000
2395.000000
3671.000000
5529.000000
6652.000000
7310.000000
7465.000000
7607.000000
7609.000000
7495.000000
7864.000000
8059.000000
8755.000000
8405.000000
8691.000000
8877.000000
10246.000000
11214.000000
10653.000000
10622.000000
10026.000000
10401.000000
10840.000000
9936.000000
10580.000000
12822.000000
18435.000000
26013.000000
31853.000000
33990.000000
33794.000000
31879.000000
28866.000000
25842.000000
23399.000000
21392.000000
19861.000000
17549.000000
15603.000000
16254.000000
20115.000000
18745.000000
15678.000000
13491.000000
10273.000000
7815.000000
5878.000000
4796.000000
4303.000000
4382.000000
5122.000000
5755.000000
6042.000000
6131.000000
5897.000000
5357.000000
4805.000000
4345.000000
4029.000000
3719.000000
3279.000000
2928.000000
2523.000000
2375.000000
2291.000000
2105.000000
1917.000000
1606.000000
1384.000000
1243.000000
1143.000000
1024.000000
951.000000
1073.000000
1124.000000
1356.000000
1503.000000
1592.000000
1499.000000
1374.000000
1333.000000
1230.000000
1112.000000
1100.000000
1013.000000
975.000000
816.000000
778.000000
816.000000
828.000000
729.000000
579.000000
553.000000
479.000000
444.000000
433.000000
409.000000
440.000000
455.000000
529.000000
632.000000
687.000000
677.000000
692.000000
666.000000
626.000000
581.000000
551.000000
554.000000
474.000000
478.000000
435.000000
462.000000
534.000000
422.000000
408.000000
320.000000
325.000000
271.000000
248.000000
268.000000
318.000000
308.000000
370.000000
446.000000
437.000000
479.000000
494.000000
482.000000
476.000000
441.000000
435.000000
410.000000
439.000000
384.000000
345.000000
355.000000
347.000000
334.000000
315.000000
276.000000
261.000000
210.000000
214.000000
237.000000
233.000000
291.000000
345.000000
375.000000
444.000000
492.000000
395.000000
370.000000
359.000000
381.000000
348.000000
302.000000
324.000000
301.000000
320.000000
553.000000
265.000000
251.000000
200.000000
216.000000
162.000000
178.000000
172.000000
164.000000
151.000000
220.000000
208.000000
257.000000
267.000000
293.000000
348.000000
289.000000
287.000000
260.000000
297.000000
267.000000
257.000000
240.000000
240.000000
232.000000
225.000000
197.000000
166.000000
144.000000
154.000000
152.000000
128.000000
139.000000
182.000000
170.000000
190.000000
240.000000
226.000000
