226.000000
295.000000
234.000000
293.000000
287.000000
291.000000
272.000000
230.000000
213.000000
228.000000
212.000000
232.000000
305.000000
287.000000
243.000000
243.000000
242.000000
228.000000
238.000000
255.000000
207.000000
291.000000
300.000000
316.000000
403.000000
415.000000
456.000000
474.000000
449.000000
396.000000
339.000000
283.000000
275.000000
267.000000
268.000000
239.000000
282.000000
262.000000
261.000000
224.000000
259.000000
267.000000
243.000000
246.000000
312.000000
290.000000
351.000000
427.000000
445.000000
531.000000
471.000000
469.000000
459.000000
437.000000
396.000000
350.000000
308.000000
261.000000
317.000000
286.000000
286.000000
305.000000
292.000000
248.000000
261.000000
272.000000
293.000000
279.000000
353.000000
348.000000
386.000000
417.000000
444.000000
525.000000
540.000000
527.000000
495.000000
488.000000
408.000000
376.000000
339.000000
329.000000
309.000000
315.000000
394.000000
410.000000
379.000000
388.000000
341.000000
374.000000
391.000000
378.000000
439.000000
494.000000
546.000000
712.000000
827.000000
838.000000
768.000000
741.000000
771.000000
719.000000
616.000000
579.000000
455.000000
431.000000
408.000000
484.000000
467.000000
513.000000
527.000000
579.000000
510.000000
585.000000
645.000000
714.000000
713.000000
776.000000
749.000000
1027.000000
1190.000000
1184.000000
2158.000000
5055.000000
1201.000000
1111.000000
1013.000000
857.000000
761.000000
703.000000
673.000000
714.000000
865.000000
1034.000000
1049.000000
1137.000000
1223.000000
1359.000000
1318.000000
1488.000000
1632.000000
1579.000000
1792.000000
2279.000000
2492.000000
3275.000000
4024.000000
4960.000000
4993.000000
4790.000000
4003.000000
3496.000000
3462.000000
4326.000000
5086.000000
5542.000000
7311.000000
11019.000000
11549.000000
12775.000000
13551.000000
26427.000000
23524.000000
21190.000000
25494.000000
23373.000000
24598.000000
22286.000000
28686.000000
27233.000000
24908.000000
23400.000000
20927.000000
18442.000000
16492.000000
17548.000000
13964.000000
11547.000000
10018.000000
9785.000000
12301.000000
10436.000000
9100.000000
8282.000000
7403.000000
6795.000000
6053.000000
6081.000000
5726.000000
4979.000000
5243.000000
5566.000000
5565.000000
5526.000000
5061.000000
4597.000000
4274.000000
3631.000000
3125.000000
2783.000000
2369.000000
2167.000000
1968.000000
1735.000000
1803.000000
1803.000000
1700.000000
1498.000000
1450.000000
1438.000000
1363.000000
1368.000000
1374.000000
1379.000000
1484.000000
1535.000000
1600.000000
1557.000000
1628.000000
1495.000000
1386.000000
1336.000000
1162.000000
945.000000
865.000000
788.000000
739.000000
689.000000
699.000000
748.000000
681.000000
682.000000
678.000000
630.000000
676.000000
633.000000
673.000000
698.000000
679.000000
836.000000
902.000000
970.000000
882.000000
818.000000
823.000000
682.000000
695.000000
623.000000
510.000000
477.000000
470.000000
466.000000
494.000000
461.000000
516.000000
437.000000
387.000000
350.000000
402.000000
434.000000
405.000000
397.000000
420.000000
487.000000
489.000000
567.000000
507.000000
454.000000
525.000000
483.000000
423.000000
426.000000
333.000000
352.000000
320.000000
298.000000
343.000000
321.000000
319.000000
278.000000
248.000000
290.000000
295.000000
275.000000
291.000000
251.000000
323.000000
341.000000
398.000000
362.000000
370.000000
363.000000
334.000000
331.000000
286.000000
293.000000
260.000000
224.000000
204.000000
183.000000
242.000000
238.000000
223.000000
186.000000
223.000000
194.000000
211.000000
222.000000
206.000000
161.000000
213.000000
221.000000
292.000000
318.000000
280.000000
291.000000
226.000000
217.000000
232.000000
204.000000
180.000000
259.000000
165.000000
191.000000
186.000000
204.000000
182.000000
196.000000
191.000000
175.000000
194.000000
143.000000
164.000000
176.000000
167.000000
225.000000
230.000000
