388.000000
352.000000
246.000000
247.000000
190.000000
188.000000
196.000000
172.000000
164.000000
201.000000
199.000000
186.000000
177.000000
177.000000
151.000000
206.000000
179.000000
211.000000
242.000000
326.000000
404.000000
539.000000
709.000000
862.000000
885.000000
875.000000
618.000000
509.000000
414.000000
370.000000
364.000000
230.000000
247.000000
271.000000
310.000000
230.000000
224.000000
217.000000
204.000000
219.000000
225.000000
218.000000
341.000000
454.000000
493.000000
599.000000
808.000000
948.000000
1053.000000
815.000000
780.000000
604.000000
560.000000
413.000000
330.000000
281.000000
274.000000
349.000000
384.000000
333.000000
276.000000
268.000000
241.000000
331.000000
275.000000
282.000000
373.000000
480.000000
535.000000
753.000000
1006.000000
1231.000000
1258.000000
1012.000000
942.000000
652.000000
485.000000
432.000000
365.000000
317.000000
321.000000
432.000000
491.000000
327.000000
416.000000
300.000000
330.000000
296.000000
384.000000
397.000000
558.000000
672.000000
804.000000
1063.000000
1396.000000
1825.000000
1834.000000
1474.000000
1160.000000
929.000000
697.000000
707.000000
559.000000
439.000000
483.000000
641.000000
785.000000
621.000000
535.000000
484.000000
476.000000
563.000000
485.000000
552.000000
794.000000
1020.000000
1338.000000
1656.000000
2198.000000
2702.000000
2481.000000
2008.000000
1629.000000
1194.000000
926.000000
735.000000
530.000000
457.000000
516.000000
769.000000
962.000000
760.000000
541.000000
536.000000
486.000000
483.000000
456.000000
521.000000
507.000000
580.000000
698.000000
723.000000
891.000000
1347.000000
5349.000000
4148.000000
3387.000000
2647.000000
2233.000000
1969.000000
1673.000000
1483.000000
1532.000000
1855.000000
2356.000000
3012.000000
3294.000000
3671.000000
3679.000000
3731.000000
3654.000000
4007.000000
3358.000000
3819.000000
3845.000000
4225.000000
4858.000000
5522.000000
5926.000000
5212.000000
4712.000000
3384.000000
2953.000000
2604.000000
2309.000000
2055.000000
1937.000000
2182.000000
2517.000000
1860.000000
1552.000000
1123.000000
889.000000
826.000000
631.000000
666.000000
720.000000
875.000000
935.000000
1240.000000
1698.000000
2101.000000
2096.000000
1622.000000
1294.000000
1234.000000
900.000000
698.000000
578.000000
434.000000
473.000000
512.000000
505.000000
363.000000
333.000000
418.000000
315.000000
297.000000
279.000000
258.000000
323.000000
352.000000
437.000000
575.000000
820.000000
936.000000
1009.000000
854.000000
655.000000
524.000000
367.000000
353.000000
290.000000
250.000000
257.000000
289.000000
354.000000
245.000000
171.000000
213.000000
220.000000
253.000000
189.000000
151.000000
247.000000
203.000000
285.000000
409.000000
535.000000
592.000000
594.000000
528.000000
446.000000
387.000000
311.000000
207.000000
169.000000
158.000000
165.000000
187.000000
183.000000
187.000000
169.000000
132.000000
158.000000
137.000000
159.000000
164.000000
168.000000
212.000000
255.000000
274.000000
405.000000
484.000000
490.000000
419.000000
324.000000
354.000000
239.000000
206.000000
171.000000
122.000000
174.000000
186.000000
208.000000
194.000000
181.000000
152.000000
149.000000
137.000000
138.000000
179.000000
247.000000
234.000000
275.000000
317.000000
419.000000
447.000000
474.000000
391.000000
283.000000
178.000000
144.000000
109.000000
81.000000
69.000000
101.000000
156.000000
157.000000
131.000000
111.000000
110.000000
126.000000
139.000000
106.000000
145.000000
122.000000
134.000000
86.000000
123.000000
120.000000
171.000000
186.000000
167.000000
103.000000
118.000000
63.000000
60.000000
59.000000
62.000000
54.000000
65.000000
59.000000
102.000000
93.000000
83.000000
113.000000
111.000000
99.000000
99.000000
120.000000
80.000000
81.000000
112.000000
117.000000
135.000000
153.000000
