176.000000
206.000000
193.000000
208.000000
214.000000
190.000000
185.000000
179.000000
162.000000
148.000000
120.000000
105.000000
132.000000
110.000000
97.000000
107.000000
113.000000
152.000000
148.000000
160.000000
160.000000
161.000000
184.000000
221.000000
239.000000
222.000000
186.000000
196.000000
193.000000
187.000000
180.000000
166.000000
151.000000
154.000000
123.000000
131.000000
128.000000
128.000000
144.000000
112.000000
114.000000
154.000000
147.000000
161.000000
228.000000
186.000000
214.000000
213.000000
247.000000
218.000000
230.000000
248.000000
227.000000
233.000000
228.000000
200.000000
192.000000
165.000000
158.000000
156.000000
161.000000
152.000000
135.000000
116.000000
153.000000
151.000000
179.000000
193.000000
181.000000
195.000000
204.000000
245.000000
244.000000
257.000000
240.000000
282.000000
278.000000
278.000000
243.000000
235.000000
168.000000
184.000000
155.000000
169.000000
167.000000
179.000000
171.000000
157.000000
160.000000
160.000000
170.000000
225.000000
231.000000
223.000000
259.000000
269.000000
314.000000
318.000000
325.000000
258.000000
257.000000
236.000000
269.000000
236.000000
249.000000
201.000000
189.000000
189.000000
185.000000
197.000000
168.000000
162.000000
152.000000
157.000000
170.000000
192.000000
215.000000
242.000000
196.000000
284.000000
292.000000
309.000000
311.000000
305.000000
277.000000
326.000000
362.000000
346.000000
336.000000
286.000000
295.000000
304.000000
287.000000
261.000000
312.000000
322.000000
298.000000
332.000000
392.000000
642.000000
745.000000
731.000000
807.000000
765.000000
813.000000
946.000000
1019.000000
983.000000
1045.000000
1003.000000
1038.000000
1096.000000
1189.000000
1515.000000
1508.000000
1334.000000
1352.000000
1384.000000
1413.000000
1543.000000
1492.000000
1941.000000
2481.000000
2851.000000
2920.000000
3303.000000
3513.000000
4181.000000
4196.000000
3845.000000
3613.000000
3258.000000
3075.000000
2788.000000
2485.000000
2531.000000
2402.000000
2164.000000
1880.000000
1615.000000
1578.000000
1506.000000
1299.000000
1148.000000
923.000000
880.000000
817.000000
821.000000
847.000000
830.000000
835.000000
842.000000
851.000000
825.000000
915.000000
920.000000
845.000000
703.000000
677.000000
613.000000
568.000000
636.000000
462.000000
419.000000
345.000000
291.000000
314.000000
241.000000
199.000000
192.000000
239.000000
270.000000
244.000000
211.000000
217.000000
233.000000
276.000000
233.000000
202.000000
224.000000
221.000000
214.000000
186.000000
190.000000
155.000000
147.000000
147.000000
132.000000
99.000000
107.000000
98.000000
81.000000
111.000000
74.000000
108.000000
104.000000
100.000000
130.000000
122.000000
131.000000
137.000000
103.000000
117.000000
85.000000
80.000000
116.000000
107.000000
109.000000
70.000000
73.000000
81.000000
64.000000
77.000000
88.000000
53.000000
62.000000
61.000000
60.000000
71.000000
51.000000
89.000000
87.000000
54.000000
79.000000
83.000000
56.000000
73.000000
81.000000
85.000000
73.000000
67.000000
77.000000
67.000000
63.000000
66.000000
65.000000
63.000000
48.000000
42.000000
54.000000
45.000000
37.000000
50.000000
52.000000
43.000000
54.000000
51.000000
48.000000
44.000000
53.000000
69.000000
62.000000
115.000000
58.000000
38.000000
51.000000
40.000000
33.000000
50.000000
26.000000
39.000000
53.000000
44.000000
43.000000
33.000000
30.000000
27.000000
41.000000
47.000000
63.000000
53.000000
49.000000
72.000000
71.000000
62.000000
69.000000
117.000000
101.000000
91.000000
71.000000
71.000000
64.000000
96.000000
108.000000
117.000000
142.000000
107.000000
147.000000
130.000000
110.000000
148.000000
119.000000
86.000000
89.000000
613.000000
1114.000000
1261.000000
