3744.000000
3574.000000
3529.000000
3236.000000
2845.000000
2484.000000
2390.000000
2397.000000
2922.000000
2734.000000
2558.000000
2421.000000
2290.000000
2179.000000
2363.000000
2659.000000
2765.000000
2595.000000
2811.000000
2949.000000
3392.000000
3925.000000
4118.000000
4276.000000
4179.000000
4010.000000
4051.000000
3794.000000
3476.000000
3224.000000
3056.000000
2955.000000
3051.000000
3101.000000
2954.000000
2774.000000
2384.000000
2473.000000
3080.000000
3097.000000
3400.000000
3355.000000
3542.000000
3621.000000
4155.000000
4456.000000
4608.000000
4704.000000
4615.000000
5026.000000
4628.000000
4443.000000
4306.000000
3894.000000
3562.000000
3383.000000
3777.000000
3722.000000
3714.000000
3619.000000
3377.000000
3108.000000
3331.000000
3570.000000
3832.000000
3812.000000
3871.000000
4171.000000
4576.000000
5095.000000
5305.000000
5697.000000
6244.000000
6356.000000
6425.000000
6281.000000
5631.000000
5450.000000
4870.000000
4468.000000
4219.000000
4127.000000
4997.000000
4400.000000
4302.000000
3963.000000
3823.000000
4216.000000
4369.000000
4568.000000
4479.000000
5224.000000
5513.000000
5947.000000
6435.000000
6368.000000
6883.000000
6725.000000
6819.000000
6420.000000
5999.000000
5822.000000
5338.000000
5082.000000
4843.000000
5049.000000
4897.000000
4585.000000
4192.000000
4146.000000
4125.000000
4531.000000
4978.000000
5163.000000
5487.000000
5948.000000
6980.000000
7850.000000
8052.000000
8107.000000
8316.000000
8359.000000
8623.000000
8378.000000
7797.000000
7135.000000
6859.000000
6856.000000
7315.000000
7578.000000
7326.000000
7118.000000
7384.000000
6959.000000
8056.000000
9558.000000
10633.000000
11066.000000
11659.000000
13158.000000
15193.000000
18467.000000
18549.000000
18341.000000
18075.000000
18293.000000
18684.000000
17790.000000
17604.000000
15715.000000
15786.000000
15570.000000
16346.000000
16951.000000
17214.000000
17096.000000
16614.000000
15739.000000
17573.000000
20304.000000
22687.000000
23389.000000
24717.000000
28098.000000
33034.000000
38139.000000
38453.000000
39711.000000
39891.000000
38874.000000
38637.000000
35498.000000
31941.000000
29381.000000
27646.000000
25731.000000
23341.000000
23237.000000
21874.000000
19379.000000
16024.000000
13982.000000
13136.000000
14040.000000
16112.000000
13603.000000
13252.000000
13411.000000
14111.000000
14660.000000
14027.000000
13380.000000
13364.000000
12586.000000
11182.000000
9592.000000
8232.000000
7247.000000
6074.000000
5278.000000
4883.000000
4971.000000
5202.000000
4894.000000
5149.000000
5007.000000
4909.000000
4903.000000
4978.000000
4801.000000
4720.000000
5134.000000
5855.000000
6409.000000
6375.000000
6086.000000
6086.000000
6323.000000
5281.000000
4548.000000
4136.000000
3670.000000
3164.000000
2806.000000
2600.000000
2598.000000
2588.000000
2589.000000
2187.000000
2130.000000
2002.000000
1995.000000
2147.000000
2220.000000
2192.000000
2273.000000
2272.000000
2924.000000
3105.000000
3168.000000
3102.000000
3142.000000
3170.000000
2810.000000
2663.000000
2248.000000
1903.000000
1557.000000
1514.000000
1382.000000
1413.000000
1460.000000
1361.000000
1374.000000
1438.000000
1694.000000
1725.000000
2061.000000
2114.000000
2018.000000
2025.000000
2114.000000
2051.000000
2158.000000
2344.000000
2280.000000
2109.000000
2021.000000
1874.000000
1656.000000
1406.000000
1262.000000
1172.000000
1354.000000
1292.000000
1208.000000
1181.000000
1216.000000
1396.000000
1405.000000
1374.000000
1344.000000
1363.000000
1278.000000
1465.000000
1633.000000
1773.000000
1703.000000
1787.000000
1846.000000
1795.000000
1599.000000
1437.000000
1232.000000
1013.000000
883.000000
851.000000
922.000000
896.000000
789.000000
865.000000
759.000000
889.000000
899.000000
964.000000
940.000000
883.000000
879.000000
968.000000
1171.000000
1160.000000
1254.000000
1298.000000
1152.000000
1116.000000
962.000000
880.000000
801.000000
686.000000
679.000000
572.000000
648.000000
622.000000
633.000000
579.000000
504.000000
674.000000
699.000000
751.000000
709.000000
646.000000
702.000000
783.000000
900.000000
1009.000000
1048.000000
1003.000000
