500.000000
510.000000
453.000000
446.000000
488.000000
431.000000
521.000000
512.000000
465.000000
467.000000
450.000000
358.000000
265.000000
183.000000
145.000000
126.000000
95.000000
109.000000
101.000000
228.000000
460.000000
489.000000
427.000000
404.000000
371.000000
396.000000
332.000000
380.000000
370.000000
355.000000
375.000000
335.000000
360.000000
384.000000
336.000000
284.000000
241.000000
193.000000
167.000000
145.000000
107.000000
105.000000
131.000000
204.000000
327.000000
447.000000
560.000000
477.000000
475.000000
427.000000
473.000000
416.000000
398.000000
480.000000
498.000000
511.000000
481.000000
497.000000
456.000000
335.000000
277.000000
185.000000
153.000000
141.000000
158.000000
170.000000
228.000000
351.000000
422.000000
491.000000
537.000000
522.000000
542.000000
610.000000
514.000000
525.000000
511.000000
590.000000
632.000000
700.000000
628.000000
654.000000
529.000000
481.000000
325.000000
249.000000
205.000000
192.000000
173.000000
205.000000
245.000000
314.000000
419.000000
522.000000
500.000000
648.000000
595.000000
686.000000
585.000000
555.000000
526.000000
553.000000
598.000000
923.000000
802.000000
676.000000
578.000000
442.000000
365.000000
282.000000
235.000000
199.000000
210.000000
212.000000
275.000000
411.000000
608.000000
732.000000
653.000000
596.000000
674.000000
651.000000
603.000000
672.000000
672.000000
656.000000
718.000000
714.000000
798.000000
801.000000
707.000000
538.000000
402.000000
323.000000
319.000000
300.000000
271.000000
275.000000
385.000000
709.000000
968.000000
1125.000000
1145.000000
1249.000000
1252.000000
1354.000000
1312.000000
1411.000000
1511.000000
1588.000000
1873.000000
2118.000000
1937.000000
2125.000000
1961.000000
1833.000000
2609.000000
2050.000000
1549.000000
1211.000000
1108.000000
1181.000000
1927.000000
3412.000000
5099.000000
6440.000000
6724.000000
7006.000000
7207.000000
7025.000000
6128.000000
5585.000000
5304.000000
5305.000000
6078.000000
5879.000000
5866.000000
5961.000000
5120.000000
4717.000000
3924.000000
3501.000000
2913.000000
2571.000000
2154.000000
2222.000000
1965.000000
2116.000000
2166.000000
2320.000000
2101.000000
1697.000000
1562.000000
1453.000000
1289.000000
1131.000000
1064.000000
964.000000
882.000000
908.000000
921.000000
830.000000
767.000000
690.000000
559.000000
503.000000
453.000000
398.000000
400.000000
363.000000
383.000000
381.000000
464.000000
512.000000
528.000000
532.000000
515.000000
484.000000
461.000000
431.000000
405.000000
362.000000
358.000000
407.000000
399.000000
451.000000
377.000000
354.000000
228.000000
215.000000
219.000000
191.000000
216.000000
194.000000
205.000000
225.000000
308.000000
332.000000
334.000000
343.000000
325.000000
353.000000
293.000000
315.000000
277.000000
275.000000
247.000000
288.000000
278.000000
300.000000
223.000000
232.000000
187.000000
145.000000
173.000000
138.000000
137.000000
116.000000
127.000000
151.000000
181.000000
175.000000
177.000000
165.000000
187.000000
176.000000
169.000000
175.000000
143.000000
158.000000
186.000000
143.000000
170.000000
175.000000
147.000000
125.000000
102.000000
100.000000
72.000000
87.000000
60.000000
90.000000
78.000000
97.000000
109.000000
143.000000
116.000000
144.000000
162.000000
166.000000
166.000000
165.000000
151.000000
160.000000
147.000000
156.000000
182.000000
187.000000
150.000000
85.000000
106.000000
105.000000
87.000000
69.000000
54.000000
51.000000
49.000000
75.000000
81.000000
148.000000
113.000000
86.000000
97.000000
98.000000
119.000000
81.000000
90.000000
114.000000
115.000000
105.000000
112.000000
100.000000
69.000000
59.000000
54.000000
66.000000
60.000000
75.000000
53.000000
59.000000
58.000000
53.000000
71.000000
131.000000
90.000000
127.000000
107.000000
