206.000000
211.000000
214.000000
170.000000
163.000000
210.000000
180.000000
257.000000
467.000000
307.000000
329.000000
408.000000
996.000000
1107.000000
798.000000
597.000000
574.000000
516.000000
770.000000
660.000000
1041.000000
660.000000
454.000000
492.000000
499.000000
490.000000
465.000000
335.000000
301.000000
290.000000
197.000000
162.000000
167.000000
161.000000
157.000000
141.000000
84.000000
63.000000
80.000000
59.000000
52.000000
59.000000
75.000000
110.000000
140.000000
197.000000
291.000000
254.000000
254.000000
251.000000
228.000000
360.000000
232.000000
260.000000
252.000000
236.000000
226.000000
207.000000
202.000000
184.000000
151.000000
99.000000
94.000000
63.000000
66.000000
79.000000
89.000000
141.000000
221.000000
251.000000
258.000000
300.000000
327.000000
318.000000
273.000000
259.000000
234.000000
279.000000
267.000000
255.000000
231.000000
216.000000
178.000000
179.000000
143.000000
106.000000
104.000000
111.000000
57.000000
84.000000
84.000000
90.000000
120.000000
159.000000
191.000000
204.000000
199.000000
191.000000
185.000000
208.000000
164.000000
175.000000
182.000000
201.000000
176.000000
192.000000
175.000000
212.000000
139.000000
131.000000
102.000000
91.000000
90.000000
88.000000
102.000000
123.000000
154.000000
197.000000
245.000000
329.000000
271.000000
342.000000
266.000000
341.000000
304.000000
287.000000
353.000000
419.000000
389.000000
393.000000
381.000000
353.000000
279.000000
256.000000
194.000000
211.000000
246.000000
197.000000
196.000000
272.000000
369.000000
587.000000
694.000000
685.000000
688.000000
899.000000
835.000000
843.000000
822.000000
925.000000
895.000000
953.000000
925.000000
885.000000
908.000000
845.000000
697.000000
650.000000
591.000000
529.000000
466.000000
450.000000
521.000000
698.000000
1210.000000
1667.000000
1980.000000
2001.000000
2230.000000
2077.000000
1970.000000
1857.000000
1787.000000
1732.000000
1536.000000
1611.000000
1474.000000
1469.000000
1355.000000
1144.000000
894.000000
682.000000
442.000000
363.000000
311.000000
260.000000
204.000000
282.000000
376.000000
417.000000
439.000000
386.000000
358.000000
339.000000
330.000000
258.000000
242.000000
247.000000
217.000000
207.000000
189.000000
204.000000
173.000000
146.000000
133.000000
99.000000
76.000000
50.000000
55.000000
46.000000
53.000000
65.000000
67.000000
87.000000
118.000000
136.000000
166.000000
140.000000
123.000000
135.000000
98.000000
93.000000
90.000000
85.000000
93.000000
88.000000
109.000000
81.000000
74.000000
48.000000
33.000000
27.000000
28.000000
27.000000
16.000000
32.000000
30.000000
53.000000
50.000000
75.000000
74.000000
79.000000
75.000000
54.000000
61.000000
62.000000
65.000000
49.000000
46.000000
55.000000
52.000000
42.000000
38.000000
29.000000
12.000000
19.000000
16.000000
18.000000
21.000000
15.000000
30.000000
31.000000
44.000000
43.000000
35.000000
47.000000
42.000000
36.000000
49.000000
29.000000
44.000000
36.000000
51.000000
34.000000
47.000000
37.000000
35.000000
28.000000
16.000000
20.000000
9.000000
19.000000
10.000000
17.000000
22.000000
26.000000
45.000000
33.000000
37.000000
40.000000
48.000000
37.000000
38.000000
27.000000
52.000000
57.000000
45.000000
45.000000
44.000000
42.000000
39.000000
21.000000
21.000000
29.000000
26.000000
15.000000
20.000000
23.000000
20.000000
34.000000
50.000000
58.000000
73.000000
49.000000
49.000000
56.000000
63.000000
45.000000
58.000000
55.000000
57.000000
58.000000
48.000000
36.000000
40.000000
24.000000
22.000000
13.000000
19.000000
12.000000
15.000000
18.000000
22.000000
33.000000
55.000000
37.000000
51.000000
