1397.000000
1581.000000
1701.000000
1735.000000
1619.000000
1628.000000
1550.000000
1586.000000
1591.000000
1514.000000
1437.000000
1332.000000
1269.000000
971.000000
809.000000
671.000000
512.000000
527.000000
557.000000
594.000000
778.000000
1088.000000
1393.000000
1663.000000
1929.000000
2537.000000
2506.000000
2339.000000
2150.000000
2115.000000
1960.000000
2190.000000
2017.000000
1977.000000
1753.000000
1769.000000
1505.000000
1104.000000
812.000000
758.000000
700.000000
852.000000
938.000000
1090.000000
1404.000000
1830.000000
2254.000000
2396.000000
2703.000000
2561.000000
2603.000000
2490.000000
2331.000000
2378.000000
2389.000000
2308.000000
2188.000000
2129.000000
1988.000000
1792.000000
1498.000000
1293.000000
987.000000
912.000000
902.000000
921.000000
1084.000000
1288.000000
1475.000000
2042.000000
2471.000000
2824.000000
2778.000000
2827.000000
2819.000000
2678.000000
2678.000000
2870.000000
2930.000000
2733.000000
2652.000000
2563.000000
2449.000000
2304.000000
1794.000000
1411.000000
1101.000000
986.000000
1151.000000
1138.000000
1305.000000
1567.000000
2056.000000
2551.000000
2902.000000
3327.000000
3404.000000
3580.000000
3537.000000
3542.000000
3526.000000
3307.000000
3326.000000
3419.000000
3425.000000
3147.000000
2960.000000
2737.000000
2497.000000
1796.000000
1425.000000
1260.000000
1407.000000
1495.000000
1776.000000
2167.000000
2678.000000
3624.000000
4273.000000
4567.000000
5026.000000
5111.000000
5015.000000
5102.000000
4962.000000
4770.000000
4940.000000
5188.000000
4936.000000
5170.000000
5111.000000
4648.000000
3963.000000
3379.000000
2692.000000
2499.000000
2922.000000
3083.000000
3770.000000
5157.000000
7315.000000
9806.000000
12650.000000
12539.000000
13436.000000
13727.000000
12711.000000
12188.000000
12929.000000
13795.000000
15103.000000
15272.000000
15845.000000
17690.000000
16775.000000
16282.000000
15117.000000
25402.000000
20353.000000
17640.000000
17792.000000
17777.000000
20732.000000
24860.000000
36238.000000
49996.000000
61569.000000
71076.000000
76249.000000
76187.000000
72272.000000
66473.000000
64316.000000
59718.000000
60112.000000
60474.000000
57750.000000
52568.000000
48673.000000
43976.000000
36224.000000
21584.000000
15261.000000
11873.000000
7283.000000
5975.000000
5778.000000
5591.000000
6288.000000
7905.000000
9293.000000
11176.000000
11335.000000
10428.000000
9978.000000
8302.000000
7106.000000
6680.000000
6161.000000
5690.000000
5354.000000
4951.000000
4536.000000
4250.000000
3561.000000
2681.000000
2193.000000
1930.000000
1937.000000
1874.000000
1893.000000
2046.000000
2330.000000
2801.000000
3224.000000
3159.000000
3236.000000
3201.000000
3063.000000
2601.000000
2529.000000
2242.000000
2146.000000
1896.000000
1887.000000
1792.000000
1644.000000
1525.000000
1310.000000
941.000000
833.000000
697.000000
715.000000
772.000000
744.000000
782.000000
857.000000
1104.000000
1097.000000
1306.000000
1302.000000
1235.000000
1255.000000
1128.000000
1122.000000
1042.000000
1020.000000
966.000000
923.000000
878.000000
888.000000
767.000000
641.000000
481.000000
438.000000
343.000000
466.000000
459.000000
512.000000
462.000000
528.000000
612.000000
668.000000
778.000000
798.000000
740.000000
742.000000
697.000000
695.000000
620.000000
613.000000
578.000000
598.000000
506.000000
539.000000
465.000000
411.000000
321.000000
304.000000
255.000000
304.000000
286.000000
294.000000
358.000000
372.000000
402.000000
518.000000
509.000000
525.000000
522.000000
601.000000
529.000000
463.000000
494.000000
450.000000
426.000000
445.000000
401.000000
369.000000
361.000000
337.000000
229.000000
223.000000
206.000000
241.000000
211.000000
287.000000
256.000000
307.000000
308.000000
379.000000
369.000000
409.000000
350.000000
380.000000
409.000000
377.000000
326.000000
310.000000
298.000000
264.000000
242.000000
265.000000
284.000000
216.000000
207.000000
204.000000
122.000000
129.000000
159.000000
178.000000
174.000000
216.000000
232.000000
246.000000
281.000000
288.000000
