42.000000
37.000000
56.000000
41.000000
50.000000
46.000000
46.000000
36.000000
27.000000
39.000000
35.000000
24.000000
36.000000
32.000000
36.000000
33.000000
37.000000
37.000000
64.000000
84.000000
58.000000
70.000000
84.000000
70.000000
60.000000
72.000000
73.000000
63.000000
47.000000
47.000000
57.000000
51.000000
29.000000
21.000000
24.000000
28.000000
34.000000
46.000000
27.000000
26.000000
44.000000
58.000000
68.000000
92.000000
89.000000
108.000000
100.000000
150.000000
89.000000
107.000000
110.000000
110.000000
103.000000
111.000000
120.000000
99.000000
80.000000
68.000000
67.000000
69.000000
73.000000
65.000000
64.000000
80.000000
94.000000
100.000000
112.000000
126.000000
130.000000
154.000000
189.000000
211.000000
228.000000
216.000000
163.000000
152.000000
110.000000
120.000000
100.000000
127.000000
79.000000
113.000000
179.000000
166.000000
158.000000
130.000000
122.000000
182.000000
191.000000
245.000000
240.000000
211.000000
253.000000
267.000000
301.000000
293.000000
248.000000
225.000000
204.000000
187.000000
162.000000
199.000000
264.000000
220.000000
195.000000
179.000000
169.000000
126.000000
169.000000
168.000000
153.000000
161.000000
176.000000
219.000000
234.000000
284.000000
322.000000
264.000000
290.000000
276.000000
246.000000
235.000000
206.000000
177.000000
187.000000
196.000000
222.000000
174.000000
171.000000
197.000000
222.000000
230.000000
271.000000
297.000000
513.000000
543.000000
623.000000
556.000000
612.000000
603.000000
631.000000
627.000000
666.000000
583.000000
516.000000
573.000000
547.000000
465.000000
535.000000
611.000000
618.000000
626.000000
599.000000
657.000000
563.000000
532.000000
509.000000
423.000000
465.000000
450.000000
524.000000
542.000000
613.000000
654.000000
801.000000
735.000000
781.000000
888.000000
1242.000000
1044.000000
952.000000
898.000000
836.000000
839.000000
864.000000
796.000000
793.000000
725.000000
609.000000
565.000000
622.000000
518.000000
580.000000
574.000000
597.000000
607.000000
693.000000
810.000000
755.000000
793.000000
822.000000
789.000000
813.000000
725.000000
716.000000
648.000000
662.000000
720.000000
636.000000
623.000000
555.000000
496.000000
430.000000
374.000000
404.000000
354.000000
345.000000
431.000000
460.000000
451.000000
495.000000
591.000000
620.000000
854.000000
543.000000
538.000000
500.000000
436.000000
406.000000
374.000000
320.000000
365.000000
349.000000
373.000000
284.000000
294.000000
345.000000
242.000000
280.000000
243.000000
282.000000
291.000000
291.000000
336.000000
345.000000
357.000000
368.000000
410.000000
439.000000
381.000000
399.000000
337.000000
347.000000
255.000000
335.000000
333.000000
358.000000
358.000000
306.000000
290.000000
218.000000
253.000000
210.000000
213.000000
213.000000
272.000000
260.000000
298.000000
306.000000
303.000000
272.000000
313.000000
309.000000
340.000000
316.000000
282.000000
261.000000
237.000000
241.000000
230.000000
254.000000
252.000000
225.000000
234.000000
189.000000
185.000000
160.000000
167.000000
186.000000
190.000000
205.000000
266.000000
253.000000
317.000000
344.000000
317.000000
317.000000
564.000000
572.000000
554.000000
442.000000
406.000000
352.000000
437.000000
427.000000
367.000000
363.000000
319.000000
297.000000
299.000000
266.000000
252.000000
265.000000
267.000000
328.000000
315.000000
358.000000
296.000000
298.000000
337.000000
334.000000
317.000000
358.000000
312.000000
306.000000
291.000000
303.000000
359.000000
349.000000
337.000000
350.000000
325.000000
243.000000
267.000000
217.000000
232.000000
184.000000
196.000000
241.000000
239.000000
307.000000
362.000000
312.000000
358.000000
354.000000
379.000000
355.000000
