586.000000
559.000000
598.000000
621.000000
671.000000
725.000000
697.000000
666.000000
523.000000
436.000000
309.000000
275.000000
230.000000
250.000000
254.000000
283.000000
410.000000
475.000000
462.000000
515.000000
599.000000
596.000000
499.000000
545.000000
601.000000
565.000000
561.000000
582.000000
547.000000
607.000000
697.000000
587.000000
458.000000
389.000000
265.000000
272.000000
276.000000
261.000000
248.000000
313.000000
399.000000
483.000000
510.000000
551.000000
582.000000
569.000000
571.000000
607.000000
606.000000
531.000000
647.000000
586.000000
619.000000
596.000000
620.000000
586.000000
568.000000
352.000000
318.000000
245.000000
265.000000
303.000000
326.000000
373.000000
423.000000
480.000000
589.000000
625.000000
621.000000
634.000000
674.000000
870.000000
760.000000
780.000000
694.000000
642.000000
970.000000
778.000000
690.000000
681.000000
487.000000
436.000000
357.000000
387.000000
279.000000
295.000000
324.000000
430.000000
499.000000
564.000000
611.000000
632.000000
686.000000
698.000000
726.000000
853.000000
891.000000
839.000000
817.000000
776.000000
827.000000
912.000000
855.000000
780.000000
614.000000
542.000000
465.000000
483.000000
426.000000
432.000000
475.000000
618.000000
682.000000
799.000000
804.000000
846.000000
863.000000
979.000000
970.000000
1004.000000
1094.000000
1980.000000
1903.000000
1555.000000
1575.000000
1454.000000
1273.000000
1298.000000
1089.000000
865.000000
711.000000
833.000000
735.000000
727.000000
817.000000
979.000000
1374.000000
1536.000000
1595.000000
1651.000000
1662.000000
1791.000000
1822.000000
1925.000000
1888.000000
1879.000000
1868.000000
1933.000000
1922.000000
2114.000000
2291.000000
2063.000000
1881.000000
1603.000000
1236.000000
1068.000000
906.000000
871.000000
1075.000000
1473.000000
1782.000000
2249.000000
2356.000000
2445.000000
2484.000000
2644.000000
2503.000000
2545.000000
2748.000000
2746.000000
2661.000000
2480.000000
2450.000000
2608.000000
2688.000000
2265.000000
2109.000000
1605.000000
1327.000000
1097.000000
838.000000
693.000000
869.000000
1179.000000
1316.000000
1524.000000
1839.000000
1939.000000
1929.000000
1986.000000
1947.000000
1862.000000
1985.000000
1853.000000
2092.000000
2005.000000
1927.000000
2016.000000
2105.000000
1912.000000
1680.000000
1386.000000
1033.000000
935.000000
734.000000
749.000000
751.000000
841.000000
1041.000000
1225.000000
1359.000000
1817.000000
1902.000000
2085.000000
2023.000000
1977.000000
1963.000000
1940.000000
1816.000000
1862.000000
1826.000000
1841.000000
1790.000000
1510.000000
1310.000000
1022.000000
823.000000
665.000000
659.000000
659.000000
781.000000
932.000000
1088.000000
1334.000000
1438.000000
1492.000000
1476.000000
1386.000000
1271.000000
1453.000000
1452.000000
1457.000000
1314.000000
1284.000000
1136.000000
1173.000000
1118.000000
944.000000
818.000000
679.000000
593.000000
513.000000
487.000000
464.000000
537.000000
643.000000
720.000000
831.000000
887.000000
969.000000
964.000000
1000.000000
985.000000
1025.000000
1100.000000
996.000000
1294.000000
934.000000
899.000000
907.000000
914.000000
786.000000
768.000000
641.000000
557.000000
524.000000
418.000000
402.000000
414.000000
559.000000
608.000000
644.000000
717.000000
724.000000
770.000000
773.000000
783.000000
789.000000
808.000000
820.000000
770.000000
717.000000
658.000000
647.000000
675.000000
555.000000
569.000000
406.000000
385.000000
310.000000
378.000000
338.000000
344.000000
411.000000
485.000000
464.000000
576.000000
660.000000
574.000000
602.000000
682.000000
776.000000
809.000000
801.000000
726.000000
655.000000
675.000000
674.000000
656.000000
569.000000
491.000000
448.000000
391.000000
356.000000
320.000000
279.000000
370.000000
411.000000
450.000000
569.000000
643.000000
723.000000
767.000000
804.000000
747.000000
798.000000
785.000000
