749.000000
785.000000
817.000000
713.000000
684.000000
787.000000
894.000000
902.000000
1018.000000
967.000000
913.000000
900.000000
821.000000
776.000000
757.000000
793.000000
777.000000
794.000000
856.000000
975.000000
1083.000000
1078.000000
1094.000000
994.000000
926.000000
909.000000
877.000000
970.000000
860.000000
1046.000000
1042.000000
1135.000000
1125.000000
1082.000000
1306.000000
936.000000
864.000000
903.000000
864.000000
969.000000
1183.000000
1041.000000
890.000000
1017.000000
1086.000000
1177.000000
1161.000000
1225.000000
1092.000000
1042.000000
992.000000
951.000000
1392.000000
1156.000000
1136.000000
1143.000000
1203.000000
1172.000000
1202.000000
1024.000000
1015.000000
921.000000
938.000000
832.000000
825.000000
978.000000
1149.000000
1168.000000
1061.000000
1218.000000
1286.000000
1190.000000
1243.000000
1277.000000
1203.000000
1175.000000
1207.000000
1240.000000
1408.000000
1505.000000
1692.000000
1873.000000
1416.000000
1340.000000
1222.000000
1097.000000
1047.000000
1054.000000
1050.000000
1167.000000
1325.000000
1454.000000
1486.000000
1558.000000
1866.000000
1981.000000
1732.000000
1811.000000
1887.000000
1696.000000
1680.000000
1734.000000
2041.000000
2065.000000
2014.000000
1890.000000
2038.000000
1700.000000
1590.000000
1591.000000
1522.000000
1426.000000
1465.000000
1682.000000
1785.000000
2389.000000
2333.000000
2182.000000
2120.000000
1917.000000
1904.000000
1817.000000
1907.000000
2000.000000
1993.000000
2126.000000
2353.000000
2386.000000
2453.000000
2340.000000
2281.000000
2033.000000
1991.000000
1876.000000
1788.000000
1773.000000
1913.000000
1986.000000
2454.000000
2840.000000
2804.000000
2701.000000
2912.000000
2799.000000
2539.000000
2576.000000
2676.000000
2684.000000
2748.000000
3007.000000
3322.000000
4227.000000
4860.000000
4676.000000
4121.000000
3605.000000
3260.000000
3099.000000
3863.000000
3461.000000
3727.000000
4149.000000
4889.000000
5423.000000
6031.000000
6274.000000
6341.000000
7219.000000
7608.000000
6864.000000
6704.000000
6633.000000
6416.000000
6823.000000
6869.000000
7256.000000
6744.000000
6576.000000
5977.000000
5281.000000
4479.000000
3802.000000
3358.000000
3067.000000
3175.000000
3582.000000
3933.000000
4613.000000
5158.000000
5501.000000
5319.000000
6720.000000
6365.000000
5756.000000
5334.000000
5312.000000
5243.000000
5212.000000
5039.000000
5237.000000
5467.000000
4968.000000
4766.000000
4317.000000
3727.000000
3430.000000
3090.000000
2874.000000
2805.000000
2852.000000
3219.000000
3570.000000
4008.000000
4335.000000
4433.000000
4317.000000
4167.000000
4048.000000
4031.000000
3861.000000
3718.000000
3960.000000
4033.000000
3739.000000
3732.000000
3887.000000
3423.000000
2999.000000
2659.000000
2348.000000
2224.000000
2153.000000
2187.000000
2491.000000
3011.000000
3295.000000
3426.000000
3147.000000
3207.000000
3342.000000
2915.000000
2858.000000
2823.000000
2505.000000
2361.000000
2434.000000
2391.000000
2386.000000
2547.000000
2803.000000
2516.000000
2301.000000
1921.000000
1850.000000
1681.000000
1700.000000
1599.000000
1793.000000
1946.000000
2083.000000
2356.000000
2283.000000
2196.000000
2091.000000
2165.000000
2155.000000
1998.000000
1799.000000
1941.000000
1856.000000
1914.000000
2200.000000
2136.000000
2156.000000
2150.000000
1892.000000
1767.000000
1717.000000
1574.000000
1494.000000
1615.000000
1833.000000
2000.000000
2024.000000
2297.000000
2084.000000
1888.000000
1808.000000
1627.000000
1498.000000
1510.000000
1581.000000
1489.000000
1631.000000
1622.000000
1747.000000
1719.000000
1750.000000
1746.000000
1668.000000
1506.000000
1559.000000
1388.000000
1446.000000
1495.000000
1691.000000
1921.000000
2142.000000
2179.000000
2126.000000
1831.000000
1689.000000
1603.000000
1617.000000
1861.000000
1839.000000
1605.000000
1484.000000
1550.000000
1657.000000
1923.000000
1929.000000
1832.000000
1912.000000
1935.000000
1882.000000
1904.000000
1885.000000
2159.000000
2028.000000
2323.000000
2290.000000
2495.000000
2511.000000
2396.000000
2176.000000
1995.000000
