302.000000
225.000000
239.000000
303.000000
239.000000
212.000000
261.000000
179.000000
127.000000
98.000000
83.000000
76.000000
61.000000
69.000000
104.000000
138.000000
161.000000
163.000000
163.000000
281.000000
269.000000
211.000000
228.000000
257.000000
242.000000
202.000000
174.000000
195.000000
184.000000
173.000000
215.000000
145.000000
121.000000
115.000000
103.000000
77.000000
70.000000
64.000000
110.000000
97.000000
189.000000
273.000000
315.000000
327.000000
629.000000
326.000000
311.000000
327.000000
367.000000
213.000000
311.000000
274.000000
297.000000
405.000000
333.000000
216.000000
160.000000
132.000000
91.000000
96.000000
95.000000
76.000000
175.000000
176.000000
238.000000
265.000000
326.000000
242.000000
256.000000
284.000000
437.000000
366.000000
266.000000
301.000000
445.000000
389.000000
851.000000
565.000000
480.000000
393.000000
218.000000
156.000000
153.000000
94.000000
131.000000
150.000000
222.000000
286.000000
313.000000
295.000000
305.000000
332.000000
330.000000
329.000000
343.000000
404.000000
305.000000
438.000000
509.000000
373.000000
464.000000
618.000000
440.000000
304.000000
238.000000
201.000000
128.000000
124.000000
154.000000
152.000000
209.000000
282.000000
323.000000
292.000000
360.000000
342.000000
464.000000
371.000000
380.000000
419.000000
371.000000
435.000000
501.000000
584.000000
620.000000
508.000000
441.000000
373.000000
301.000000
269.000000
169.000000
153.000000
157.000000
196.000000
274.000000
327.000000
393.000000
503.000000
485.000000
504.000000
533.000000
587.000000
545.000000
564.000000
436.000000
523.000000
566.000000
672.000000
729.000000
667.000000
574.000000
402.000000
344.000000
307.000000
254.000000
216.000000
194.000000
283.000000
375.000000
623.000000
731.000000
770.000000
791.000000
878.000000
760.000000
854.000000
820.000000
866.000000
1016.000000
863.000000
829.000000
738.000000
883.000000
752.000000
721.000000
564.000000
473.000000
352.000000
326.000000
272.000000
253.000000
208.000000
293.000000
389.000000
461.000000
476.000000
584.000000
536.000000
553.000000
513.000000
524.000000
614.000000
654.000000
590.000000
660.000000
632.000000
704.000000
704.000000
595.000000
520.000000
475.000000
320.000000
259.000000
217.000000
182.000000
229.000000
278.000000
333.000000
420.000000
460.000000
507.000000
533.000000
550.000000
555.000000
632.000000
640.000000
534.000000
714.000000
716.000000
691.000000
762.000000
665.000000
563.000000
430.000000
388.000000
326.000000
259.000000
264.000000
273.000000
273.000000
288.000000
388.000000
431.000000
550.000000
534.000000
451.000000
487.000000
475.000000
454.000000
448.000000
514.000000
406.000000
429.000000
432.000000
357.000000
355.000000
327.000000
233.000000
236.000000
195.000000
156.000000
161.000000
151.000000
162.000000
177.000000
231.000000
278.000000
292.000000
300.000000
311.000000
351.000000
337.000000
346.000000
369.000000
322.000000
327.000000
278.000000
305.000000
370.000000
366.000000
290.000000
215.000000
184.000000
182.000000
157.000000
106.000000
117.000000
147.000000
167.000000
184.000000
266.000000
264.000000
261.000000
302.000000
286.000000
275.000000
287.000000
307.000000
313.000000
295.000000
339.000000
350.000000
339.000000
313.000000
345.000000
250.000000
194.000000
174.000000
128.000000
134.000000
132.000000
160.000000
187.000000
168.000000
237.000000
289.000000
245.000000
337.000000
306.000000
294.000000
307.000000
255.000000
272.000000
340.000000
406.000000
420.000000
353.000000
284.000000
316.000000
310.000000
214.000000
164.000000
139.000000
112.000000
136.000000
134.000000
261.000000
251.000000
426.000000
430.000000
399.000000
426.000000
406.000000
434.000000
382.000000
432.000000
439.000000
