1727.000000
1427.000000
1336.000000
1179.000000
1222.000000
1132.000000
1231.000000
1208.000000
987.000000
819.000000
636.000000
629.000000
677.000000
509.000000
565.000000
667.000000
926.000000
938.000000
957.000000
1082.000000
1185.000000
1479.000000
1411.000000
1282.000000
1732.000000
1525.000000
1466.000000
1317.000000
1389.000000
1492.000000
1497.000000
1359.000000
1200.000000
1063.000000
728.000000
657.000000
561.000000
574.000000
516.000000
644.000000
832.000000
880.000000
1015.000000
1203.000000
1282.000000
1312.000000
1415.000000
1361.000000
1517.000000
1741.000000
1441.000000
1400.000000
1153.000000
1129.000000
1090.000000
1116.000000
1163.000000
869.000000
698.000000
684.000000
606.000000
665.000000
630.000000
844.000000
881.000000
963.000000
1076.000000
1218.000000
1313.000000
1299.000000
1318.000000
1434.000000
1817.000000
1845.000000
1385.000000
1221.000000
1679.000000
1650.000000
1581.000000
1170.000000
1102.000000
924.000000
741.000000
664.000000
648.000000
658.000000
747.000000
807.000000
997.000000
1117.000000
1131.000000
1238.000000
1278.000000
1411.000000
1562.000000
1595.000000
1792.000000
1639.000000
1376.000000
1451.000000
2014.000000
2014.000000
1642.000000
1357.000000
1269.000000
1084.000000
914.000000
805.000000
802.000000
846.000000
921.000000
1016.000000
1173.000000
1263.000000
1374.000000
1902.000000
1904.000000
1924.000000
1812.000000
1793.000000
2130.000000
2127.000000
1682.000000
1602.000000
1797.000000
1875.000000
1601.000000
1549.000000
1493.000000
1257.000000
1066.000000
1129.000000
1016.000000
975.000000
1105.000000
1491.000000
1629.000000
1761.000000
1975.000000
2154.000000
2146.000000
2429.000000
2986.000000
2870.000000
3314.000000
3026.000000
2632.000000
2732.000000
2993.000000
3241.000000
3179.000000
3045.000000
3036.000000
3278.000000
2758.000000
2244.000000
2036.000000
2007.000000
2254.000000
2749.000000
3306.000000
3702.000000
4253.000000
4848.000000
5324.000000
5402.000000
5168.000000
5362.000000
6505.000000
5959.000000
5625.000000
5207.000000
5657.000000
5759.000000
5719.000000
4862.000000
4430.000000
3652.000000
3090.000000
2666.000000
2367.000000
2128.000000
2093.000000
2336.000000
3069.000000
3404.000000
3739.000000
4165.000000
4285.000000
4422.000000
4591.000000
4914.000000
4982.000000
4815.000000
4639.000000
4597.000000
4653.000000
4700.000000
5046.000000
4341.000000
3972.000000
3423.000000
2609.000000
2262.000000
1861.000000
1779.000000
1751.000000
1888.000000
2151.000000
2519.000000
2818.000000
3240.000000
3358.000000
3469.000000
3713.000000
3667.000000
4068.000000
3748.000000
3068.000000
2844.000000
2604.000000
2828.000000
2342.000000
2512.000000
2145.000000
1918.000000
1555.000000
1414.000000
1308.000000
1395.000000
1432.000000
1686.000000
2006.000000
2375.000000
2489.000000
2659.000000
2579.000000
2409.000000
2592.000000
2490.000000
2558.000000
2166.000000
1814.000000
1667.000000
1774.000000
1926.000000
1816.000000
1599.000000
1435.000000
1310.000000
1152.000000
1053.000000
981.000000
1032.000000
1056.000000
1255.000000
1454.000000
1566.000000
1725.000000
1714.000000
1934.000000
1790.000000
1830.000000
1855.000000
1815.000000
1807.000000
1692.000000
1552.000000
1529.000000
1750.000000
1602.000000
1474.000000
1383.000000
1208.000000
1047.000000
967.000000
924.000000
983.000000
1014.000000
1213.000000
1373.000000
1439.000000
1582.000000
1845.000000
2002.000000
2142.000000
2089.000000
1895.000000
1908.000000
1832.000000
1596.000000
1577.000000
1593.000000
1736.000000
1831.000000
1646.000000
1609.000000
1622.000000
1451.000000
1352.000000
1301.000000
1275.000000
1317.000000
1663.000000
1492.000000
1722.000000
1758.000000
1860.000000
1771.000000
1756.000000
1782.000000
1902.000000
1784.000000
1596.000000
1403.000000
1329.000000
1454.000000
1652.000000
1544.000000
1715.000000
1658.000000
1526.000000
1589.000000
1502.000000
1463.000000
1499.000000
1492.000000
1604.000000
1701.000000
1909.000000
1937.000000
2019.000000
2095.000000
1926.000000
1882.000000
1902.000000
1844.000000
