545.000000
484.000000
455.000000
311.000000
218.000000
161.000000
113.000000
92.000000
105.000000
141.000000
195.000000
275.000000
253.000000
376.000000
347.000000
437.000000
416.000000
477.000000
425.000000
477.000000
583.000000
572.000000
616.000000
556.000000
660.000000
539.000000
525.000000
382.000000
228.000000
164.000000
133.000000
122.000000
108.000000
154.000000
187.000000
254.000000
345.000000
426.000000
483.000000
540.000000
532.000000
579.000000
671.000000
634.000000
676.000000
626.000000
778.000000
818.000000
806.000000
666.000000
470.000000
367.000000
241.000000
140.000000
108.000000
113.000000
127.000000
163.000000
207.000000
243.000000
273.000000
275.000000
308.000000
302.000000
348.000000
400.000000
420.000000
439.000000
544.000000
652.000000
682.000000
1106.000000
775.000000
638.000000
568.000000
414.000000
249.000000
196.000000
144.000000
129.000000
153.000000
193.000000
236.000000
312.000000
339.000000
370.000000
417.000000
393.000000
464.000000
547.000000
543.000000
595.000000
512.000000
690.000000
767.000000
927.000000
875.000000
667.000000
656.000000
384.000000
273.000000
226.000000
173.000000
187.000000
157.000000
257.000000
281.000000
319.000000
399.000000
396.000000
452.000000
513.000000
541.000000
620.000000
622.000000
646.000000
626.000000
749.000000
818.000000
847.000000
884.000000
906.000000
1470.000000
852.000000
587.000000
501.000000
403.000000
340.000000
455.000000
518.000000
710.000000
881.000000
888.000000
836.000000
865.000000
892.000000
888.000000
907.000000
895.000000
823.000000
887.000000
986.000000
1083.000000
1091.000000
1128.000000
1026.000000
957.000000
595.000000
530.000000
362.000000
328.000000
280.000000
341.000000
481.000000
607.000000
719.000000
843.000000
928.000000
968.000000
938.000000
1045.000000
1198.000000
1145.000000
1133.000000
1160.000000
1327.000000
1399.000000
1540.000000
1677.000000
1563.000000
1257.000000
903.000000
642.000000
460.000000
336.000000
257.000000
285.000000
351.000000
526.000000
594.000000
692.000000
775.000000
873.000000
822.000000
899.000000
928.000000
916.000000
943.000000
949.000000
954.000000
968.000000
1047.000000
1115.000000
1065.000000
843.000000
701.000000
506.000000
434.000000
319.000000
227.000000
235.000000
330.000000
348.000000
487.000000
520.000000
729.000000
819.000000
909.000000
844.000000
907.000000
855.000000
871.000000
896.000000
914.000000
953.000000
958.000000
934.000000
820.000000
776.000000
553.000000
422.000000
313.000000
258.000000
261.000000
266.000000
291.000000
374.000000
484.000000
538.000000
531.000000
598.000000
667.000000
683.000000
711.000000
656.000000
634.000000
636.000000
648.000000
847.000000
938.000000
825.000000
696.000000
668.000000
458.000000
322.000000
258.000000
179.000000
179.000000
192.000000
217.000000
266.000000
362.000000
430.000000
414.000000
425.000000
497.000000
494.000000
541.000000
521.000000
676.000000
648.000000
577.000000
623.000000
786.000000
906.000000
697.000000
729.000000
558.000000
360.000000
292.000000
256.000000
182.000000
231.000000
222.000000
270.000000
352.000000
372.000000
433.000000
453.000000
518.000000
491.000000
552.000000
524.000000
517.000000
472.000000
460.000000
493.000000
595.000000
603.000000
510.000000
478.000000
349.000000
287.000000
194.000000
178.000000
143.000000
180.000000
217.000000
234.000000
284.000000
311.000000
391.000000
403.000000
399.000000
408.000000
469.000000
516.000000
459.000000
494.000000
572.000000
487.000000
637.000000
594.000000
590.000000
428.000000
334.000000
280.000000
256.000000
163.000000
150.000000
142.000000
222.000000
297.000000
298.000000
323.000000
394.000000
367.000000
470.000000
489.000000
525.000000
561.000000
580.000000
506.000000
576.000000
585.000000
600.000000
667.000000
