3063.000000
3003.000000
2894.000000
2904.000000
2539.000000
2606.000000
2353.000000
2162.000000
2158.000000
2207.000000
2306.000000
2306.000000
2194.000000
1882.000000
1833.000000
1689.000000
1633.000000
1465.000000
1652.000000
1748.000000
1941.000000
2118.000000
2032.000000
2234.000000
2601.000000
2473.000000
2250.000000
2098.000000
2120.000000
2071.000000
2103.000000
1928.000000
1938.000000
1988.000000
2213.000000
2148.000000
2197.000000
2179.000000
1821.000000
1716.000000
1686.000000
1671.000000
1685.000000
1847.000000
2022.000000
2399.000000
2677.000000
2990.000000
3130.000000
3107.000000
3061.000000
2931.000000
2705.000000
2686.000000
2591.000000
2624.000000
2550.000000
2559.000000
2831.000000
2677.000000
2431.000000
2195.000000
2120.000000
1955.000000
1884.000000
1861.000000
2047.000000
2165.000000
2616.000000
2975.000000
3237.000000
3338.000000
3797.000000
3659.000000
3658.000000
3196.000000
3171.000000
3211.000000
3147.000000
2909.000000
3144.000000
3610.000000
3913.000000
3494.000000
3323.000000
3188.000000
2745.000000
2645.000000
2533.000000
2597.000000
2669.000000
3040.000000
3529.000000
4082.000000
4358.000000
4474.000000
5224.000000
4986.000000
5088.000000
4375.000000
3955.000000
4166.000000
3917.000000
3984.000000
4197.000000
4504.000000
4632.000000
4687.000000
4680.000000
4486.000000
4544.000000
4321.000000
4213.000000
4457.000000
5032.000000
6014.000000
6421.000000
7145.000000
8341.000000
8356.000000
8070.000000
6991.000000
6194.000000
5698.000000
5365.000000
5472.000000
5394.000000
5559.000000
5749.000000
6197.000000
6132.000000
6878.000000
6667.000000
6132.000000
5908.000000
5561.000000
5281.000000
5312.000000
5735.000000
6607.000000
7333.000000
8859.000000
9437.000000
9489.000000
9659.000000
9026.000000
8638.000000
8109.000000
7708.000000
7734.000000
7459.000000
7460.000000
9056.000000
11341.000000
11987.000000
12521.000000
12489.000000
10638.000000
9394.000000
8267.000000
7617.000000
7326.000000
7661.000000
8814.000000
10176.000000
11458.000000
12022.000000
12909.000000
13855.000000
12959.000000
11278.000000
10916.000000
10927.000000
10751.000000
10517.000000
10443.000000
10889.000000
12971.000000
13407.000000
12528.000000
12604.000000
11145.000000
9441.000000
8504.000000
7736.000000
7215.000000
7314.000000
7781.000000
8362.000000
9452.000000
10597.000000
10283.000000
11302.000000
11268.000000
10171.000000
9955.000000
9249.000000
9663.000000
9517.000000
9263.000000
9067.000000
9981.000000
10622.000000
10319.000000
10357.000000
9618.000000
8368.000000
7540.000000
7269.000000
6803.000000
6432.000000
7199.000000
7703.000000
8251.000000
8867.000000
10161.000000
10668.000000
10949.000000
10241.000000
9823.000000
9697.000000
9104.000000
9088.000000
8822.000000
9522.000000
10006.000000
10281.000000
9983.000000
9348.000000
8122.000000
7146.000000
6361.000000
5751.000000
5363.000000
5573.000000
6509.000000
7361.000000
7950.000000
8684.000000
8658.000000
8742.000000
8158.000000
7103.000000
6565.000000
6404.000000
5927.000000
5335.000000
5194.000000
5490.000000
5829.000000
6150.000000
5919.000000
5753.000000
5030.000000
4706.000000
4322.000000
4054.000000
4053.000000
4046.000000
4344.000000
4695.000000
5283.000000
5530.000000
5720.000000
5727.000000
5314.000000
4972.000000
4797.000000
5113.000000
4800.000000
4721.000000
4455.000000
4704.000000
5460.000000
5892.000000
5868.000000
5614.000000
5016.000000
4199.000000
3739.000000
3470.000000
3173.000000
3293.000000
3717.000000
4383.000000
4458.000000
4729.000000
4815.000000
4667.000000
4831.000000
4002.000000
3862.000000
3539.000000
3515.000000
3275.000000
3200.000000
3518.000000
4136.000000
4212.000000
4250.000000
4051.000000
3752.000000
3316.000000
3069.000000
3073.000000
3070.000000
3049.000000
3272.000000
3664.000000
4052.000000
4267.000000
4346.000000
4479.000000
4467.000000
3962.000000
3856.000000
3415.000000
3029.000000
3124.000000
3104.000000
3335.000000
3932.000000
4262.000000
4218.000000
4158.000000
4043.000000
4050.000000
3927.000000
3819.000000
3896.000000
4091.000000
4280.000000
4586.000000
5047.000000
5558.000000
5652.000000
5706.000000
