536.000000
508.000000
450.000000
410.000000
511.000000
454.000000
475.000000
484.000000
564.000000
631.000000
634.000000
693.000000
725.000000
661.000000
638.000000
783.000000
710.000000
787.000000
708.000000
638.000000
623.000000
686.000000
685.000000
687.000000
767.000000
570.000000
538.000000
577.000000
484.000000
580.000000
541.000000
476.000000
561.000000
589.000000
656.000000
739.000000
798.000000
746.000000
584.000000
635.000000
731.000000
701.000000
603.000000
552.000000
631.000000
1000.000000
727.000000
642.000000
557.000000
433.000000
416.000000
374.000000
338.000000
522.000000
407.000000
595.000000
496.000000
564.000000
591.000000
643.000000
641.000000
715.000000
670.000000
676.000000
924.000000
943.000000
716.000000
801.000000
973.000000
1459.000000
1048.000000
810.000000
786.000000
558.000000
464.000000
444.000000
424.000000
414.000000
486.000000
558.000000
521.000000
572.000000
668.000000
648.000000
1476.000000
1214.000000
1163.000000
1179.000000
1170.000000
1036.000000
1056.000000
990.000000
1016.000000
1273.000000
1249.000000
1334.000000
880.000000
889.000000
714.000000
626.000000
618.000000
693.000000
836.000000
715.000000
785.000000
828.000000
822.000000
859.000000
862.000000
886.000000
1189.000000
1073.000000
1151.000000
1162.000000
1073.000000
1110.000000
1271.000000
1327.000000
1517.000000
1019.000000
1040.000000
1005.000000
911.000000
820.000000
797.000000
854.000000
1037.000000
1040.000000
1017.000000
1081.000000
1150.000000
1089.000000
1076.000000
1058.000000
1158.000000
1164.000000
1219.000000
1302.000000
1215.000000
1313.000000
1286.000000
1682.000000
1906.000000
1988.000000
1759.000000
1470.000000
1381.000000
1238.000000
1154.000000
1153.000000
1185.000000
1371.000000
1712.000000
1960.000000
2158.000000
2277.000000
2245.000000
2477.000000
2565.000000
2560.000000
2607.000000
2517.000000
2565.000000
2540.000000
2612.000000
2620.000000
2735.000000
2574.000000
2748.000000
2399.000000
1924.000000
1660.000000
1530.000000
1501.000000
1496.000000
1654.000000
2059.000000
2081.000000
2387.000000
2351.000000
2370.000000
2426.000000
2365.000000
2361.000000
2289.000000
2458.000000
2385.000000
2233.000000
2190.000000
2181.000000
2206.000000
2331.000000
1985.000000
1647.000000
1482.000000
1363.000000
1200.000000
1066.000000
1060.000000
1433.000000
2188.000000
2192.000000
2353.000000
2492.000000
2608.000000
2449.000000
2463.000000
2399.000000
2431.000000
2355.000000
2266.000000
2026.000000
2016.000000
2094.000000
1819.000000
1763.000000
1526.000000
1376.000000
1141.000000
1176.000000
1026.000000
1030.000000
1005.000000
1137.000000
1554.000000
1631.000000
1889.000000
1931.000000
1774.000000
1760.000000
1700.000000
1675.000000
1624.000000
1621.000000
1998.000000
1796.000000
1547.000000
1636.000000
1539.000000
1254.000000
1237.000000
1138.000000
1006.000000
871.000000
868.000000
913.000000
826.000000
1034.000000
1117.000000
1171.000000
1312.000000
1486.000000
1348.000000
1257.000000
1236.000000
1309.000000
1256.000000
1199.000000
1179.000000
1022.000000
1094.000000
1082.000000
1133.000000
1157.000000
1123.000000
914.000000
822.000000
710.000000
736.000000
681.000000
666.000000
761.000000
1079.000000
993.000000
977.000000
1092.000000
1051.000000
945.000000
1053.000000
1040.000000
1070.000000
1093.000000
904.000000
841.000000
985.000000
930.000000
964.000000
919.000000
835.000000
788.000000
683.000000
636.000000
597.000000
617.000000
618.000000
677.000000
721.000000
798.000000
803.000000
894.000000
833.000000
855.000000
887.000000
910.000000
885.000000
814.000000
760.000000
723.000000
693.000000
850.000000
822.000000
738.000000
678.000000
643.000000
626.000000
498.000000
530.000000
509.000000
525.000000
647.000000
694.000000
800.000000
826.000000
860.000000
844.000000
854.000000
845.000000
924.000000
955.000000
863.000000
797.000000
848.000000
790.000000
786.000000
763.000000
814.000000
714.000000
