767.000000
650.000000
738.000000
618.000000
704.000000
863.000000
691.000000
643.000000
499.000000
400.000000
356.000000
364.000000
333.000000
427.000000
370.000000
492.000000
612.000000
858.000000
1193.000000
795.000000
747.000000
905.000000
847.000000
919.000000
922.000000
914.000000
717.000000
802.000000
869.000000
963.000000
965.000000
683.000000
611.000000
518.000000
561.000000
470.000000
409.000000
397.000000
471.000000
572.000000
640.000000
676.000000
719.000000
922.000000
970.000000
1961.000000
2051.000000
1126.000000
1088.000000
1853.000000
1085.000000
1374.000000
3254.000000
1786.000000
1087.000000
859.000000
676.000000
575.000000
514.000000
445.000000
526.000000
536.000000
519.000000
648.000000
620.000000
739.000000
757.000000
840.000000
968.000000
1003.000000
1101.000000
1376.000000
1240.000000
1054.000000
1213.000000
1367.000000
1364.000000
1301.000000
1225.000000
1127.000000
697.000000
700.000000
613.000000
571.000000
635.000000
672.000000
731.000000
755.000000
751.000000
735.000000
848.000000
941.000000
1007.000000
1101.000000
1189.000000
1265.000000
1326.000000
981.000000
1101.000000
1048.000000
1140.000000
1814.000000
1235.000000
960.000000
947.000000
797.000000
701.000000
699.000000
771.000000
854.000000
839.000000
781.000000
980.000000
960.000000
972.000000
1049.000000
1124.000000
1265.000000
1370.000000
1267.000000
1264.000000
1217.000000
1243.000000
1335.000000
1346.000000
1735.000000
1309.000000
1373.000000
1122.000000
1029.000000
1082.000000
1096.000000
931.000000
1090.000000
1173.000000
1277.000000
1383.000000
1594.000000
1814.000000
1692.000000
1882.000000
1923.000000
2217.000000
2337.000000
2166.000000
1925.000000
1938.000000
2114.000000
3155.000000
2580.000000
2388.000000
2488.000000
1969.000000
1632.000000
1545.000000
1483.000000
1344.000000
1730.000000
2105.000000
2261.000000
2804.000000
3009.000000
3159.000000
3313.000000
3322.000000
3311.000000
3599.000000
3533.000000
3696.000000
3436.000000
3156.000000
3170.000000
3009.000000
3548.000000
3322.000000
2815.000000
2651.000000
2226.000000
2120.000000
1737.000000
1542.000000
1635.000000
1659.000000
2060.000000
2344.000000
2618.000000
2830.000000
2964.000000
3006.000000
2867.000000
3209.000000
3368.000000
3277.000000
3588.000000
3197.000000
2801.000000
3016.000000
3229.000000
2815.000000
2658.000000
2679.000000
1984.000000
1766.000000
1601.000000
1421.000000
1430.000000
1532.000000
1947.000000
2023.000000
2078.000000
2398.000000
2681.000000
2471.000000
2641.000000
2811.000000
2799.000000
2940.000000
2915.000000
2635.000000
2650.000000
2606.000000
2585.000000
2316.000000
2010.000000
1753.000000
1479.000000
1258.000000
1145.000000
1111.000000
1121.000000
1390.000000
1496.000000
1683.000000
1796.000000
2030.000000
1964.000000
2055.000000
2024.000000
2003.000000
1950.000000
1921.000000
1838.000000
1591.000000
1379.000000
1609.000000
1652.000000
1409.000000
1252.000000
1323.000000
1034.000000
963.000000
940.000000
842.000000
861.000000
973.000000
1063.000000
1122.000000
1276.000000
1337.000000
1374.000000
1340.000000
1387.000000
1464.000000
1510.000000
1511.000000
1573.000000
1444.000000
1418.000000
1451.000000
1609.000000
1515.000000
1395.000000
1272.000000
994.000000
881.000000
939.000000
767.000000
762.000000
871.000000
999.000000
954.000000
1000.000000
1148.000000
1161.000000
1243.000000
1231.000000
1301.000000
1313.000000
1284.000000
1250.000000
1154.000000
1007.000000
1084.000000
1046.000000
998.000000
964.000000
844.000000
743.000000
745.000000
691.000000
636.000000
608.000000
747.000000
828.000000
804.000000
929.000000
934.000000
1042.000000
1090.000000
1058.000000
1145.000000
1084.000000
1193.000000
1159.000000
1028.000000
946.000000
978.000000
1042.000000
857.000000
822.000000
770.000000
742.000000
693.000000
606.000000
582.000000
579.000000
706.000000
746.000000
882.000000
859.000000
867.000000
900.000000
1037.000000
967.000000
1017.000000
1091.000000
1057.000000
