2347.000000
2315.000000
2234.000000
2214.000000
2176.000000
1868.000000
1719.000000
1547.000000
1728.000000
1773.000000
1581.000000
1854.000000
1775.000000
1772.000000
1762.000000
1634.000000
1642.000000
1653.000000
1610.000000
1617.000000
1866.000000
2038.000000
2111.000000
2236.000000
2247.000000
2498.000000
2628.000000
2756.000000
2656.000000
2545.000000
2586.000000
2709.000000
2507.000000
2675.000000
2931.000000
2800.000000
2585.000000
2466.000000
2448.000000
2375.000000
2288.000000
2199.000000
2135.000000
2435.000000
2969.000000
2941.000000
3121.000000
3416.000000
4037.000000
5286.000000
5548.000000
5310.000000
5284.000000
4857.000000
4012.000000
3676.000000
3788.000000
4332.000000
4040.000000
3774.000000
3551.000000
3267.000000
3276.000000
3166.000000
3160.000000
3234.000000
3550.000000
3872.000000
4427.000000
4989.000000
4953.000000
4735.000000
4689.000000
4579.000000
4713.000000
4205.000000
3883.000000
3578.000000
3095.000000
3071.000000
3353.000000
3300.000000
3561.000000
3415.000000
3235.000000
3121.000000
3054.000000
3199.000000
3113.000000
3378.000000
3562.000000
4065.000000
4484.000000
4935.000000
5317.000000
5055.000000
5521.000000
5422.000000
5069.000000
4985.000000
4857.000000
4796.000000
4137.000000
4285.000000
4719.000000
5197.000000
4975.000000
4895.000000
4993.000000
5181.000000
5633.000000
6077.000000
6559.000000
6829.000000
7074.000000
7977.000000
8870.000000
9667.000000
10183.000000
10505.000000
11049.000000
10753.000000
9922.000000
9036.000000
7955.000000
7916.000000
7359.000000
6858.000000
6370.000000
6795.000000
7551.000000
7996.000000
8194.000000
8557.000000
9002.000000
9098.000000
9393.000000
9348.000000
9448.000000
10578.000000
11463.000000
12666.000000
13352.000000
13563.000000
14475.000000
15116.000000
14105.000000
12846.000000
11775.000000
11248.000000
10549.000000
10246.000000
10574.000000
12996.000000
14784.000000
15619.000000
16553.000000
16634.000000
16448.000000
15234.000000
14754.000000
14497.000000
14746.000000
16034.000000
18070.000000
19957.000000
22062.000000
22341.000000
23034.000000
22969.000000
22002.000000
20830.000000
20095.000000
19393.000000
19235.000000
17474.000000
17515.000000
18671.000000
18893.000000
19856.000000
19394.000000
18320.000000
17440.000000
16515.000000
15520.000000
14285.000000
13725.000000
14756.000000
16038.000000
16949.000000
18251.000000
19372.000000
20587.000000
19886.000000
18634.000000
17036.000000
16155.000000
15061.000000
14174.000000
13148.000000
12861.000000
13420.000000
14344.000000
15280.000000
15246.000000
14658.000000
13913.000000
13064.000000
12553.000000
12143.000000
12060.000000
12435.000000
14125.000000
14876.000000
15766.000000
16564.000000
18224.000000
19710.000000
19357.000000
19653.000000
17522.000000
16349.000000
16760.000000
16322.000000
16075.000000
17793.000000
18304.000000
17042.000000
16041.000000
14775.000000
12918.000000
12520.000000
12374.000000
12275.000000
12414.000000
13990.000000
16229.000000
17363.000000
17767.000000
18910.000000
18970.000000
17994.000000
17106.000000
15547.000000
14475.000000
12946.000000
11583.000000
10847.000000
10516.000000
10446.000000
10498.000000
10493.000000
10154.000000
10051.000000
9927.000000
9793.000000
9712.000000
9515.000000
9302.000000
9952.000000
10628.000000
11242.000000
11763.000000
11692.000000
11951.000000
11323.000000
10802.000000
9740.000000
8342.000000
7755.000000
7249.000000
6585.000000
6750.000000
7152.000000
7465.000000
7630.000000
7750.000000
7522.000000
7269.000000
6993.000000
6904.000000
6927.000000
7045.000000
7635.000000
7663.000000
8119.000000
8534.000000
8643.000000
8627.000000
8379.000000
7943.000000
7273.000000
6749.000000
6721.000000
5780.000000
5399.000000
5471.000000
6028.000000
5865.000000
6057.000000
6256.000000
5856.000000
5826.000000
5546.000000
5560.000000
5366.000000
5763.000000
5868.000000
6518.000000
6961.000000
7189.000000
7084.000000
6930.000000
7154.000000
7215.000000
6387.000000
6199.000000
5609.000000
5620.000000
4884.000000
4943.000000
5191.000000
5513.000000
5615.000000
5609.000000
5758.000000
5436.000000
5196.000000
5158.000000
5301.000000
5385.000000
5521.000000
5874.000000
6560.000000
6730.000000
7220.000000
7185.000000
