589.000000
480.000000
482.000000
478.000000
606.000000
626.000000
788.000000
684.000000
664.000000
667.000000
583.000000
594.000000
623.000000
619.000000
663.000000
639.000000
747.000000
816.000000
913.000000
1009.000000
1079.000000
942.000000
774.000000
604.000000
665.000000
730.000000
513.000000
607.000000
744.000000
704.000000
742.000000
682.000000
683.000000
743.000000
614.000000
605.000000
651.000000
653.000000
632.000000
665.000000
743.000000
750.000000
840.000000
868.000000
856.000000
831.000000
808.000000
1124.000000
530.000000
587.000000
687.000000
583.000000
680.000000
750.000000
977.000000
695.000000
698.000000
656.000000
606.000000
581.000000
593.000000
526.000000
521.000000
609.000000
626.000000
758.000000
749.000000
812.000000
777.000000
826.000000
691.000000
602.000000
636.000000
612.000000
570.000000
656.000000
617.000000
779.000000
889.000000
688.000000
903.000000
623.000000
567.000000
544.000000
703.000000
690.000000
631.000000
704.000000
841.000000
988.000000
967.000000
1046.000000
1052.000000
1003.000000
832.000000
908.000000
825.000000
752.000000
735.000000
785.000000
1032.000000
918.000000
876.000000
916.000000
860.000000
752.000000
705.000000
594.000000
552.000000
609.000000
619.000000
683.000000
868.000000
923.000000
907.000000
942.000000
1056.000000
837.000000
830.000000
841.000000
847.000000
720.000000
764.000000
805.000000
948.000000
1109.000000
1081.000000
941.000000
886.000000
833.000000
710.000000
673.000000
629.000000
696.000000
740.000000
770.000000
895.000000
1625.000000
1561.000000
1744.000000
1675.000000
1654.000000
1559.000000
1531.000000
1545.000000
1440.000000
1401.000000
1418.000000
1851.000000
1651.000000
1969.000000
1637.000000
1780.000000
1563.000000
1438.000000
1392.000000
1260.000000
1261.000000
1355.000000
1563.000000
1709.000000
1941.000000
2111.000000
2252.000000
2205.000000
2068.000000
1938.000000
2083.000000
2398.000000
2235.000000
2033.000000
2003.000000
2038.000000
2079.000000
2368.000000
2226.000000
2218.000000
2120.000000
1785.000000
1632.000000
1398.000000
1262.000000
1242.000000
1201.000000
1449.000000
1664.000000
1779.000000
2151.000000
2047.000000
2042.000000
1900.000000
1732.000000
1902.000000
1779.000000
1584.000000
1618.000000
1798.000000
1797.000000
2134.000000
2142.000000
2056.000000
1911.000000
1602.000000
1460.000000
1252.000000
1053.000000
1071.000000
1083.000000
1146.000000
1587.000000
1676.000000
1751.000000
1869.000000
1804.000000
1672.000000
1623.000000
1613.000000
1567.000000
1582.000000
1598.000000
1609.000000
1737.000000
2056.000000
1799.000000
1761.000000
1552.000000
1245.000000
1089.000000
959.000000
894.000000
902.000000
1018.000000
1160.000000
1286.000000
1365.000000
1320.000000
1362.000000
1343.000000
1283.000000
1132.000000
1198.000000
1003.000000
868.000000
889.000000
941.000000
916.000000
1014.000000
913.000000
897.000000
792.000000
741.000000
682.000000
655.000000
625.000000
626.000000
668.000000
763.000000
886.000000
994.000000
946.000000
1026.000000
969.000000
903.000000
857.000000
865.000000
764.000000
739.000000
779.000000
737.000000
955.000000
954.000000
957.000000
954.000000
920.000000
807.000000
824.000000
741.000000
733.000000
674.000000
738.000000
856.000000
900.000000
958.000000
1037.000000
979.000000
928.000000
911.000000
818.000000
827.000000
793.000000
711.000000
656.000000
816.000000
815.000000
915.000000
890.000000
877.000000
869.000000
689.000000
680.000000
662.000000
617.000000
682.000000
636.000000
717.000000
824.000000
928.000000
956.000000
856.000000
886.000000
809.000000
862.000000
720.000000
751.000000
773.000000
768.000000
728.000000
796.000000
808.000000
812.000000
825.000000
767.000000
668.000000
697.000000
619.000000
677.000000
640.000000
663.000000
763.000000
787.000000
907.000000
918.000000
931.000000
873.000000
879.000000
858.000000
812.000000
