1068.000000
1085.000000
1171.000000
1708.000000
1015.000000
998.000000
1022.000000
973.000000
957.000000
1043.000000
1082.000000
1111.000000
1032.000000
983.000000
817.000000
876.000000
740.000000
743.000000
795.000000
910.000000
932.000000
1009.000000
1062.000000
1175.000000
1264.000000
1122.000000
1068.000000
1224.000000
1562.000000
2053.000000
2393.000000
2203.000000
1462.000000
1266.000000
1222.000000
1475.000000
1179.000000
1187.000000
956.000000
941.000000
1184.000000
1348.000000
1464.000000
1202.000000
1199.000000
1297.000000
1269.000000
1368.000000
1328.000000
1489.000000
1238.000000
1318.000000
1534.000000
1545.000000
1389.000000
1477.000000
1465.000000
1387.000000
1466.000000
1391.000000
1383.000000
1218.000000
1083.000000
1000.000000
1034.000000
1041.000000
1164.000000
1106.000000
1289.000000
1534.000000
1477.000000
1631.000000
1677.000000
2009.000000
1524.000000
1517.000000
1472.000000
1367.000000
1366.000000
1365.000000
1546.000000
1718.000000
1668.000000
1528.000000
1453.000000
1272.000000
1126.000000
1126.000000
1060.000000
1081.000000
1203.000000
1381.000000
1615.000000
1917.000000
2087.000000
1964.000000
2119.000000
3392.000000
3281.000000
3075.000000
2712.000000
2666.000000
2480.000000
2379.000000
2624.000000
2599.000000
2619.000000
2484.000000
2697.000000
2276.000000
2118.000000
2178.000000
2188.000000
2162.000000
2485.000000
2844.000000
3278.000000
3610.000000
3920.000000
3966.000000
5185.000000
4277.000000
3953.000000
3666.000000
3472.000000
3406.000000
3287.000000
3633.000000
3706.000000
3925.000000
4239.000000
3842.000000
3810.000000
3643.000000
3427.000000
3311.000000
3598.000000
3614.000000
3669.000000
4119.000000
4246.000000
4843.000000
5220.000000
5419.000000
5236.000000
5096.000000
4513.000000
4271.000000
4159.000000
4093.000000
4536.000000
5176.000000
5648.000000
6245.000000
5450.000000
5308.000000
5560.000000
5009.000000
4730.000000
4603.000000
4256.000000
4325.000000
4467.000000
5055.000000
5670.000000
6318.000000
6615.000000
7235.000000
7461.000000
6883.000000
6612.000000
6150.000000
6037.000000
5612.000000
5636.000000
5540.000000
5542.000000
5735.000000
5910.000000
5880.000000
5905.000000
5692.000000
4792.000000
4685.000000
4288.000000
4188.000000
4312.000000
4728.000000
5147.000000
5722.000000
6142.000000
6807.000000
6848.000000
6596.000000
6377.000000
5749.000000
5606.000000
5378.000000
5494.000000
5351.000000
5888.000000
6247.000000
7086.000000
6059.000000
5722.000000
5477.000000
4774.000000
4385.000000
3961.000000
4015.000000
4109.000000
4508.000000
5260.000000
5018.000000
5358.000000
5813.000000
6421.000000
5996.000000
5962.000000
6347.000000
6719.000000
6953.000000
6565.000000
6460.000000
5863.000000
6131.000000
6368.000000
5653.000000
5246.000000
4737.000000
4242.000000
4013.000000
3710.000000
3510.000000
3601.000000
4061.000000
4321.000000
4707.000000
5224.000000
5272.000000
4784.000000
4570.000000
4365.000000
4283.000000
3960.000000
3492.000000
3355.000000
3120.000000
3123.000000
3211.000000
3292.000000
3147.000000
3036.000000
2830.000000
2599.000000
2418.000000
2378.000000
2247.000000
2389.000000
2497.000000
2847.000000
3056.000000
3172.000000
3161.000000
3142.000000
2921.000000
2846.000000
2787.000000
2739.000000
2605.000000
2441.000000
2450.000000
2380.000000
2506.000000
2782.000000
2670.000000
2637.000000
2393.000000
2172.000000
2044.000000
1895.000000
1789.000000
1949.000000
2045.000000
2206.000000
2382.000000
2453.000000
2803.000000
2654.000000
2328.000000
2266.000000
2189.000000
2037.000000
1925.000000
1860.000000
1645.000000
1820.000000
1936.000000
1909.000000
1982.000000
1893.000000
1813.000000
1757.000000
1690.000000
1599.000000
1684.000000
1692.000000
1767.000000
1973.000000
2064.000000
2186.000000
2208.000000
2315.000000
2251.000000
1986.000000
1866.000000
1713.000000
1626.000000
1601.000000
1550.000000
1518.000000
1723.000000
1867.000000
1783.000000
1877.000000
1789.000000
1637.000000
1604.000000
1645.000000
1518.000000
1640.000000
1709.000000
1888.000000
2089.000000
2265.000000
2308.000000
2263.000000
