627.000000
537.000000
427.000000
449.000000
369.000000
341.000000
344.000000
413.000000
464.000000
501.000000
550.000000
573.000000
584.000000
674.000000
651.000000
661.000000
713.000000
732.000000
663.000000
626.000000
735.000000
783.000000
677.000000
564.000000
447.000000
370.000000
310.000000
325.000000
258.000000
242.000000
221.000000
258.000000
285.000000
410.000000
482.000000
509.000000
553.000000
567.000000
590.000000
620.000000
669.000000
706.000000
670.000000
811.000000
936.000000
1033.000000
946.000000
693.000000
502.000000
455.000000
305.000000
236.000000
221.000000
195.000000
229.000000
322.000000
478.000000
528.000000
587.000000
713.000000
706.000000
847.000000
1091.000000
1364.000000
1271.000000
1217.000000
1118.000000
957.000000
1037.000000
1008.000000
1198.000000
933.000000
1127.000000
794.000000
595.000000
482.000000
360.000000
340.000000
345.000000
558.000000
675.000000
838.000000
951.000000
1101.000000
1080.000000
1303.000000
1482.000000
1403.000000
1364.000000
1246.000000
1143.000000
1066.000000
1143.000000
1103.000000
1115.000000
1021.000000
824.000000
621.000000
517.000000
451.000000
380.000000
346.000000
430.000000
563.000000
936.000000
1484.000000
1612.000000
1626.000000
1627.000000
1722.000000
1601.000000
1715.000000
1675.000000
1684.000000
1526.000000
1697.000000
1554.000000
3204.000000
4045.000000
1783.000000
1984.000000
1537.000000
1127.000000
933.000000
741.000000
680.000000
791.000000
1136.000000
1594.000000
1915.000000
2031.000000
2132.000000
2330.000000
2815.000000
2759.000000
2910.000000
2970.000000
2785.000000
2814.000000
3298.000000
3387.000000
4374.000000
4305.000000
4701.000000
3706.000000
3010.000000
2263.000000
1778.000000
1340.000000
1247.000000
1667.000000
2078.000000
2983.000000
3523.000000
3800.000000
4199.000000
4399.000000
4874.000000
4729.000000
4846.000000
4847.000000
4426.000000
4581.000000
4750.000000
4963.000000
5492.000000
5855.000000
5290.000000
6033.000000
5007.000000
3800.000000
2399.000000
1589.000000
1266.000000
1251.000000
1578.000000
2014.000000
2343.000000
2506.000000
3257.000000
3599.000000
4481.000000
3758.000000
3350.000000
3155.000000
3107.000000
3057.000000
3071.000000
3169.000000
3389.000000
3633.000000
3534.000000
3666.000000
2909.000000
2162.000000
1703.000000
1180.000000
919.000000
854.000000
980.000000
1190.000000
1595.000000
1701.000000
2059.000000
2217.000000
2413.000000
2462.000000
2493.000000
2451.000000
2416.000000
2349.000000
2546.000000
2409.000000
2744.000000
2744.000000
2414.000000
2307.000000
1746.000000
1329.000000
1045.000000
774.000000
615.000000
701.000000
1438.000000
2509.000000
2532.000000
2734.000000
2738.000000
2664.000000
2490.000000
2458.000000
2228.000000
2106.000000
1912.000000
2436.000000
2199.000000
1903.000000
1981.000000
2008.000000
2156.000000
1827.000000
1435.000000
1118.000000
904.000000
689.000000
616.000000
580.000000
690.000000
808.000000
1083.000000
1239.000000
1368.000000
1415.000000
1440.000000
1395.000000
1322.000000
1479.000000
1845.000000
1626.000000
1636.000000
1656.000000
1874.000000
1901.000000
1887.000000
1870.000000
1363.000000
906.000000
719.000000
509.000000
445.000000
441.000000
609.000000
755.000000
845.000000
948.000000
954.000000
1014.000000
1162.000000
1106.000000
1069.000000
1076.000000
1065.000000
920.000000
1044.000000
1035.000000
1275.000000
1208.000000
1145.000000
1112.000000
748.000000
601.000000
517.000000
426.000000
352.000000
386.000000
389.000000
569.000000
653.000000
682.000000
736.000000
793.000000
913.000000
867.000000
892.000000
917.000000
892.000000
920.000000
952.000000
932.000000
1003.000000
1117.000000
1080.000000
1034.000000
778.000000
585.000000
506.000000
355.000000
285.000000
280.000000
367.000000
529.000000
594.000000
655.000000
738.000000
849.000000
857.000000
892.000000
911.000000
902.000000
945.000000
967.000000
959.000000
899.000000
1172.000000
1149.000000
1410.000000
1264.000000
