393.000000
348.000000
348.000000
286.000000
235.000000
253.000000
227.000000
219.000000
240.000000
240.000000
285.000000
392.000000
452.000000
463.000000
452.000000
442.000000
390.000000
431.000000
368.000000
393.000000
366.000000
352.000000
382.000000
380.000000
402.000000
424.000000
436.000000
357.000000
314.000000
285.000000
262.000000
263.000000
241.000000
271.000000
338.000000
350.000000
428.000000
399.000000
416.000000
402.000000
424.000000
467.000000
420.000000
407.000000
410.000000
467.000000
444.000000
480.000000
616.000000
437.000000
432.000000
316.000000
353.000000
345.000000
338.000000
316.000000
333.000000
362.000000
385.000000
455.000000
498.000000
555.000000
652.000000
631.000000
615.000000
537.000000
527.000000
509.000000
526.000000
552.000000
680.000000
574.000000
643.000000
516.000000
520.000000
499.000000
362.000000
422.000000
395.000000
313.000000
340.000000
433.000000
448.000000
501.000000
628.000000
678.000000
670.000000
743.000000
650.000000
621.000000
678.000000
594.000000
544.000000
529.000000
616.000000
588.000000
647.000000
548.000000
561.000000
475.000000
463.000000
464.000000
473.000000
433.000000
457.000000
534.000000
618.000000
663.000000
700.000000
828.000000
774.000000
700.000000
895.000000
703.000000
798.000000
749.000000
673.000000
699.000000
759.000000
762.000000
817.000000
682.000000
667.000000
617.000000
635.000000
637.000000
624.000000
565.000000
631.000000
766.000000
798.000000
907.000000
1033.000000
1158.000000
1168.000000
1078.000000
1280.000000
1187.000000
1196.000000
1101.000000
1022.000000
1061.000000
1073.000000
1304.000000
1295.000000
1135.000000
1254.000000
1070.000000
998.000000
890.000000
720.000000
770.000000
828.000000
1086.000000
1189.000000
1405.000000
1488.000000
1608.000000
1759.000000
1804.000000
1674.000000
1864.000000
1870.000000
1682.000000
1629.000000
1546.000000
1630.000000
1782.000000
1890.000000
1558.000000
1550.000000
1332.000000
1134.000000
974.000000
838.000000
809.000000
856.000000
962.000000
1220.000000
1335.000000
1428.000000
1698.000000
1764.000000
1694.000000
1687.000000
1593.000000
1683.000000
1666.000000
1503.000000
1461.000000
1448.000000
1582.000000
1639.000000
1512.000000
1533.000000
1238.000000
1070.000000
846.000000
908.000000
1029.000000
984.000000
991.000000
1093.000000
1277.000000
1390.000000
1442.000000
1558.000000
1675.000000
1686.000000
1570.000000
1771.000000
1571.000000
1457.000000
1374.000000
1371.000000
1493.000000
1627.000000
1404.000000
1212.000000
1093.000000
954.000000
865.000000
853.000000
850.000000
1030.000000
949.000000
1060.000000
1292.000000
1385.000000
1408.000000
1284.000000
1332.000000
1399.000000
1290.000000
1310.000000
1325.000000
1200.000000
1133.000000
1090.000000
1194.000000
1088.000000
984.000000
955.000000
841.000000
792.000000
753.000000
716.000000
793.000000
791.000000
852.000000
863.000000
1034.000000
1105.000000
1159.000000
1125.000000
1130.000000
1127.000000
1488.000000
1429.000000
1329.000000
1170.000000
1247.000000
1115.000000
1194.000000
1179.000000
1161.000000
1080.000000
932.000000
817.000000
850.000000
780.000000
743.000000
830.000000
845.000000
915.000000
975.000000
1046.000000
1157.000000
1171.000000
1222.000000
1077.000000
1046.000000
1251.000000
1013.000000
961.000000
862.000000
816.000000
871.000000
813.000000
768.000000
756.000000
714.000000
660.000000
667.000000
667.000000
710.000000
777.000000
713.000000
842.000000
849.000000
891.000000
926.000000
924.000000
901.000000
889.000000
902.000000
994.000000
921.000000
834.000000
702.000000
657.000000
660.000000
744.000000
662.000000
663.000000
547.000000
565.000000
585.000000
608.000000
601.000000
710.000000
810.000000
830.000000
862.000000
938.000000
1073.000000
1052.000000
1005.000000
1057.000000
1003.000000
1020.000000
1046.000000
914.000000
770.000000
627.000000
777.000000
793.000000
