408.000000
436.000000
462.000000
425.000000
409.000000
366.000000
370.000000
365.000000
338.000000
313.000000
312.000000
301.000000
267.000000
247.000000
263.000000
228.000000
229.000000
226.000000
282.000000
291.000000
315.000000
343.000000
354.000000
352.000000
357.000000
342.000000
293.000000
296.000000
334.000000
297.000000
335.000000
302.000000
318.000000
282.000000
365.000000
298.000000
243.000000
268.000000
210.000000
211.000000
234.000000
227.000000
255.000000
259.000000
270.000000
349.000000
332.000000
358.000000
338.000000
359.000000
378.000000
385.000000
386.000000
356.000000
285.000000
339.000000
410.000000
286.000000
288.000000
247.000000
230.000000
195.000000
207.000000
188.000000
183.000000
193.000000
207.000000
278.000000
262.000000
276.000000
333.000000
303.000000
310.000000
405.000000
352.000000
344.000000
292.000000
297.000000
307.000000
338.000000
330.000000
327.000000
294.000000
283.000000
250.000000
229.000000
203.000000
191.000000
160.000000
217.000000
224.000000
252.000000
268.000000
271.000000
299.000000
295.000000
331.000000
321.000000
328.000000
323.000000
404.000000
403.000000
388.000000
308.000000
379.000000
326.000000
361.000000
331.000000
328.000000
304.000000
277.000000
290.000000
272.000000
273.000000
316.000000
338.000000
380.000000
449.000000
424.000000
443.000000
416.000000
447.000000
469.000000
434.000000
455.000000
463.000000
404.000000
427.000000
358.000000
359.000000
338.000000
293.000000
310.000000
263.000000
242.000000
223.000000
258.000000
255.000000
279.000000
379.000000
481.000000
432.000000
557.000000
543.000000
516.000000
538.000000
635.000000
620.000000
538.000000
492.000000
549.000000
447.000000
515.000000
486.000000
473.000000
395.000000
387.000000
355.000000
324.000000
296.000000
287.000000
323.000000
403.000000
446.000000
598.000000
573.000000
622.000000
722.000000
759.000000
668.000000
722.000000
749.000000
646.000000
670.000000
653.000000
606.000000
590.000000
557.000000
541.000000
438.000000
474.000000
353.000000
310.000000
276.000000
247.000000
305.000000
349.000000
415.000000
526.000000
554.000000
551.000000
613.000000
633.000000
622.000000
571.000000
743.000000
731.000000
687.000000
640.000000
577.000000
604.000000
620.000000
555.000000
519.000000
427.000000
392.000000
277.000000
317.000000
303.000000
294.000000
373.000000
443.000000
473.000000
493.000000
612.000000
710.000000
669.000000
629.000000
652.000000
652.000000
635.000000
606.000000
623.000000
624.000000
566.000000
647.000000
603.000000
513.000000
430.000000
344.000000
309.000000
248.000000
281.000000
275.000000
309.000000
362.000000
431.000000
513.000000
525.000000
566.000000
517.000000
552.000000
574.000000
538.000000
494.000000
441.000000
441.000000
453.000000
410.000000
411.000000
399.000000
365.000000
324.000000
276.000000
240.000000
217.000000
216.000000
193.000000
270.000000
287.000000
373.000000
386.000000
485.000000
497.000000
547.000000
595.000000
616.000000
612.000000
598.000000
631.000000
605.000000
577.000000
567.000000
561.000000
503.000000
453.000000
364.000000
341.000000
254.000000
214.000000
249.000000
284.000000
305.000000
351.000000
434.000000
495.000000
525.000000
574.000000
590.000000
637.000000
746.000000
729.000000
672.000000
584.000000
597.000000
598.000000
515.000000
554.000000
585.000000
494.000000
351.000000
341.000000
306.000000
243.000000
283.000000
252.000000
335.000000
362.000000
426.000000
481.000000
543.000000
525.000000
524.000000
531.000000
507.000000
578.000000
523.000000
546.000000
499.000000
493.000000
501.000000
455.000000
453.000000
391.000000
313.000000
273.000000
254.000000
236.000000
236.000000
252.000000
288.000000
359.000000
388.000000
477.000000
644.000000
541.000000
545.000000
