649.000000
590.000000
581.000000
534.000000
509.000000
449.000000
400.000000
434.000000
311.000000
315.000000
273.000000
308.000000
301.000000
318.000000
378.000000
473.000000
479.000000
539.000000
592.000000
631.000000
631.000000
589.000000
677.000000
658.000000
676.000000
669.000000
696.000000
603.000000
572.000000
648.000000
542.000000
411.000000
385.000000
340.000000
343.000000
307.000000
352.000000
500.000000
495.000000
585.000000
580.000000
593.000000
703.000000
748.000000
708.000000
940.000000
856.000000
844.000000
814.000000
763.000000
877.000000
715.000000
718.000000
616.000000
536.000000
378.000000
317.000000
293.000000
283.000000
327.000000
303.000000
406.000000
485.000000
668.000000
741.000000
726.000000
762.000000
877.000000
887.000000
872.000000
863.000000
966.000000
904.000000
839.000000
758.000000
828.000000
765.000000
616.000000
560.000000
449.000000
391.000000
323.000000
323.000000
317.000000
333.000000
459.000000
506.000000
638.000000
750.000000
736.000000
781.000000
981.000000
1138.000000
1186.000000
1203.000000
1065.000000
1130.000000
1126.000000
943.000000
982.000000
1213.000000
1199.000000
1026.000000
753.000000
574.000000
474.000000
502.000000
489.000000
526.000000
680.000000
967.000000
1005.000000
1234.000000
1181.000000
1189.000000
1277.000000
1207.000000
1237.000000
1315.000000
1267.000000
1253.000000
1213.000000
1303.000000
1321.000000
1374.000000
1409.000000
1198.000000
902.000000
710.000000
669.000000
660.000000
585.000000
671.000000
935.000000
1074.000000
1466.000000
1445.000000
1559.000000
1670.000000
1654.000000
1573.000000
1527.000000
1666.000000
1410.000000
1388.000000
1399.000000
1351.000000
1325.000000
1291.000000
1150.000000
1143.000000
901.000000
729.000000
641.000000
678.000000
613.000000
686.000000
934.000000
1197.000000
1492.000000
1898.000000
2131.000000
2253.000000
2082.000000
2164.000000
2101.000000
2211.000000
2144.000000
2315.000000
2025.000000
1854.000000
1826.000000
1763.000000
1489.000000
1374.000000
1088.000000
932.000000
805.000000
622.000000
628.000000
609.000000
699.000000
886.000000
1110.000000
1306.000000
1446.000000
1495.000000
1707.000000
1613.000000
1632.000000
1771.000000
1716.000000
2020.000000
1857.000000
1740.000000
1694.000000
1604.000000
1518.000000
1376.000000
1212.000000
938.000000
778.000000
687.000000
573.000000
642.000000
731.000000
902.000000
1142.000000
1411.000000
1557.000000
1671.000000
1809.000000
1707.000000
1897.000000
1949.000000
1956.000000
1687.000000
1554.000000
1593.000000
1821.000000
1747.000000
1560.000000
1250.000000
1147.000000
857.000000
704.000000
745.000000
639.000000
683.000000
822.000000
1054.000000
1164.000000
1414.000000
1507.000000
1452.000000
1500.000000
1652.000000
1691.000000
1700.000000
1819.000000
1632.000000
1277.000000
1299.000000
1662.000000
1474.000000
1222.000000
1063.000000
818.000000
659.000000
554.000000
543.000000
539.000000
529.000000
663.000000
810.000000
805.000000
1084.000000
1207.000000
1313.000000
1414.000000
1354.000000
1512.000000
1435.000000
1442.000000
1372.000000
1183.000000
1228.000000
1395.000000
1551.000000
1437.000000
1154.000000
952.000000
688.000000
669.000000
549.000000
511.000000
522.000000
709.000000
932.000000
968.000000
1144.000000
1257.000000
1238.000000
1319.000000
1646.000000
1468.000000
1432.000000
1494.000000
1561.000000
1346.000000
1761.000000
1721.000000
1760.000000
1370.000000
1218.000000
984.000000
930.000000
810.000000
681.000000
647.000000
696.000000
830.000000
1170.000000
1095.000000
1279.000000
1419.000000
1400.000000
1383.000000
1510.000000
1473.000000
1645.000000
1554.000000
1508.000000
1626.000000
1578.000000
1670.000000
1667.000000
1351.000000
1414.000000
996.000000
802.000000
822.000000
747.000000
736.000000
737.000000
938.000000
1196.000000
1373.000000
1597.000000
1825.000000
1925.000000
1812.000000
1946.000000
1970.000000
2157.000000
2106.000000
2028.000000
