1444.000000
1551.000000
1721.000000
1716.000000
1705.000000
1538.000000
1153.000000
927.000000
780.000000
1037.000000
900.000000
673.000000
714.000000
724.000000
751.000000
772.000000
912.000000
876.000000
969.000000
1047.000000
1228.000000
1295.000000
1345.000000
1398.000000
1801.000000
1587.000000
1700.000000
1655.000000
1607.000000
1726.000000
1257.000000
1433.000000
1082.000000
1289.000000
1136.000000
1352.000000
703.000000
727.000000
784.000000
735.000000
795.000000
928.000000
1013.000000
1087.000000
1066.000000
1206.000000
1344.000000
1470.000000
2818.000000
1578.000000
1891.000000
2141.000000
1794.000000
1447.000000
966.000000
1856.000000
1349.000000
1524.000000
2343.000000
1067.000000
903.000000
799.000000
825.000000
897.000000
874.000000
961.000000
1001.000000
1174.000000
1328.000000
1279.000000
1358.000000
1413.000000
1343.000000
1491.000000
1574.000000
1520.000000
1547.000000
1292.000000
1314.000000
1706.000000
1682.000000
1683.000000
1253.000000
1254.000000
886.000000
849.000000
748.000000
774.000000
772.000000
896.000000
1107.000000
1216.000000
1254.000000
1337.000000
1400.000000
1379.000000
1482.000000
1464.000000
1633.000000
1634.000000
1535.000000
1598.000000
1280.000000
2035.000000
2179.000000
1415.000000
1337.000000
1045.000000
779.000000
774.000000
767.000000
733.000000
811.000000
897.000000
1031.000000
1237.000000
1188.000000
1320.000000
1292.000000
1331.000000
1421.000000
1482.000000
1544.000000
1884.000000
1733.000000
1479.000000
1632.000000
1775.000000
1939.000000
2055.000000
1506.000000
1274.000000
1097.000000
1028.000000
964.000000
1037.000000
1080.000000
1124.000000
1318.000000
1483.000000
1677.000000
1731.000000
1861.000000
3491.000000
3983.000000
3708.000000
3400.000000
3681.000000
4149.000000
3986.000000
3423.000000
3250.000000
3377.000000
3196.000000
3557.000000
2705.000000
2280.000000
1985.000000
1751.000000
1667.000000
1560.000000
1796.000000
2190.000000
2690.000000
2963.000000
3275.000000
3466.000000
3702.000000
4317.000000
4224.000000
4046.000000
4044.000000
3687.000000
3387.000000
3265.000000
3039.000000
3070.000000
3036.000000
2732.000000
2416.000000
1998.000000
1681.000000
1393.000000
1373.000000
1176.000000
1351.000000
1513.000000
1808.000000
1900.000000
2057.000000
2156.000000
2248.000000
2525.000000
2539.000000
2387.000000
2518.000000
2505.000000
2381.000000
2308.000000
2151.000000
2150.000000
2113.000000
2013.000000
1801.000000
1494.000000
1273.000000
1198.000000
1084.000000
967.000000
984.000000
1129.000000
1187.000000
1401.000000
1665.000000
1886.000000
1910.000000
2101.000000
2188.000000
2198.000000
2264.000000
2364.000000
2185.000000
2142.000000
2090.000000
2222.000000
1961.000000
1660.000000
1459.000000
1218.000000
1100.000000
1029.000000
890.000000
955.000000
1020.000000
1254.000000
1526.000000
1690.000000
1935.000000
2222.000000
2642.000000
2425.000000
2562.000000
2459.000000
2143.000000
1973.000000
1707.000000
1628.000000
1663.000000
1503.000000
1593.000000
1279.000000
1118.000000
1041.000000
809.000000
747.000000
742.000000
697.000000
767.000000
897.000000
1040.000000
1156.000000
1304.000000
1423.000000
1460.000000
1439.000000
1509.000000
1552.000000
1518.000000
1440.000000
1323.000000
1250.000000
1251.000000
1405.000000
1426.000000
1250.000000
1036.000000
960.000000
773.000000
726.000000
680.000000
609.000000
705.000000
771.000000
893.000000
1066.000000
1119.000000
1382.000000
1590.000000
1286.000000
1321.000000
1291.000000
1262.000000
1338.000000
1106.000000
994.000000
1035.000000
1077.000000
1029.000000
898.000000
750.000000
659.000000
561.000000
630.000000
587.000000
564.000000
640.000000
719.000000
753.000000
832.000000
924.000000
913.000000
1017.000000
1050.000000
1039.000000
1078.000000
1142.000000
1034.000000
899.000000
895.000000
766.000000
822.000000
817.000000
772.000000
642.000000
613.000000
518.000000
467.000000
452.000000
535.000000
510.000000
632.000000
709.000000
782.000000
772.000000
934.000000
936.000000
871.000000
