417.000000
331.000000
435.000000
472.000000
493.000000
622.000000
425.000000
363.000000
322.000000
211.000000
183.000000
174.000000
213.000000
199.000000
255.000000
283.000000
384.000000
544.000000
552.000000
435.000000
553.000000
583.000000
488.000000
606.000000
580.000000
470.000000
509.000000
461.000000
437.000000
484.000000
592.000000
549.000000
345.000000
271.000000
320.000000
251.000000
231.000000
361.000000
319.000000
369.000000
344.000000
419.000000
496.000000
511.000000
503.000000
453.000000
593.000000
485.000000
582.000000
504.000000
516.000000
561.000000
613.000000
556.000000
437.000000
396.000000
329.000000
319.000000
280.000000
239.000000
270.000000
330.000000
378.000000
381.000000
369.000000
460.000000
445.000000
414.000000
406.000000
442.000000
488.000000
867.000000
478.000000
394.000000
385.000000
391.000000
636.000000
716.000000
526.000000
495.000000
357.000000
263.000000
306.000000
353.000000
436.000000
327.000000
388.000000
425.000000
402.000000
440.000000
465.000000
471.000000
526.000000
478.000000
533.000000
523.000000
612.000000
465.000000
485.000000
585.000000
948.000000
697.000000
619.000000
434.000000
384.000000
361.000000
369.000000
285.000000
328.000000
406.000000
543.000000
494.000000
500.000000
525.000000
724.000000
663.000000
771.000000
767.000000
785.000000
827.000000
783.000000
697.000000
782.000000
949.000000
926.000000
896.000000
737.000000
538.000000
570.000000
547.000000
399.000000
644.000000
433.000000
430.000000
611.000000
610.000000
670.000000
784.000000
787.000000
806.000000
921.000000
940.000000
1038.000000
966.000000
955.000000
865.000000
879.000000
1013.000000
1255.000000
1256.000000
914.000000
834.000000
667.000000
582.000000
520.000000
601.000000
606.000000
745.000000
864.000000
1038.000000
1301.000000
1344.000000
1604.000000
1860.000000
1857.000000
1890.000000
1995.000000
1859.000000
2724.000000
2229.000000
1730.000000
1785.000000
2506.000000
1781.000000
1707.000000
1520.000000
1052.000000
925.000000
851.000000
757.000000
758.000000
835.000000
1014.000000
1271.000000
1314.000000
1382.000000
1348.000000
1547.000000
1517.000000
1554.000000
1566.000000
1665.000000
2009.000000
1859.000000
1633.000000
1441.000000
1519.000000
1411.000000
1490.000000
1175.000000
972.000000
847.000000
732.000000
680.000000
620.000000
674.000000
706.000000
902.000000
976.000000
1043.000000
1198.000000
1419.000000
1438.000000
1426.000000
1455.000000
1569.000000
1612.000000
1516.000000
1389.000000
1356.000000
1346.000000
1433.000000
1154.000000
936.000000
896.000000
702.000000
615.000000
600.000000
540.000000
557.000000
744.000000
927.000000
1000.000000
1036.000000
1200.000000
1195.000000
1181.000000
1216.000000
1249.000000
1148.000000
1096.000000
946.000000
997.000000
973.000000
936.000000
936.000000
832.000000
765.000000
574.000000
431.000000
458.000000
474.000000
525.000000
503.000000
542.000000
632.000000
737.000000
751.000000
863.000000
782.000000
819.000000
813.000000
871.000000
838.000000
812.000000
736.000000
740.000000
762.000000
780.000000
752.000000
722.000000
672.000000
678.000000
507.000000
479.000000
454.000000
475.000000
480.000000
557.000000
542.000000
585.000000
564.000000
625.000000
683.000000
694.000000
661.000000
777.000000
791.000000
763.000000
667.000000
681.000000
610.000000
638.000000
669.000000
602.000000
514.000000
468.000000
398.000000
415.000000
441.000000
423.000000
509.000000
532.000000
500.000000
590.000000
601.000000
588.000000
638.000000
629.000000
637.000000
669.000000
622.000000
675.000000
644.000000
591.000000
572.000000
650.000000
608.000000
563.000000
468.000000
440.000000
410.000000
545.000000
437.000000
583.000000
688.000000
529.000000
567.000000
587.000000
617.000000
556.000000
602.000000
606.000000
679.000000
704.000000
742.000000
752.000000
