2347.000000
2055.000000
1977.000000
1782.000000
1758.000000
1861.000000
1776.000000
2001.000000
2189.000000
2424.000000
2791.000000
3138.000000
2993.000000
2782.000000
2804.000000
2766.000000
2956.000000
3326.000000
3421.000000
3066.000000
2798.000000
2667.000000
2737.000000
2948.000000
2466.000000
2254.000000
2156.000000
2023.000000
2097.000000
2025.000000
1928.000000
2139.000000
2394.000000
2637.000000
2707.000000
3026.000000
2911.000000
3059.000000
2871.000000
2898.000000
3430.000000
3667.000000
2804.000000
2664.000000
2688.000000
2638.000000
2417.000000
2314.000000
2106.000000
1843.000000
1809.000000
1682.000000
1786.000000
1670.000000
1773.000000
1896.000000
2222.000000
2459.000000
2728.000000
2820.000000
2549.000000
2741.000000
2748.000000
2687.000000
2727.000000
2797.000000
2531.000000
2698.000000
2996.000000
2763.000000
2524.000000
2490.000000
2246.000000
1778.000000
1785.000000
1895.000000
1813.000000
1809.000000
1887.000000
2109.000000
2539.000000
2584.000000
2899.000000
2987.000000
2787.000000
2842.000000
2858.000000
2735.000000
2852.000000
2773.000000
2944.000000
3013.000000
3192.000000
3297.000000
3047.000000
2891.000000
2567.000000
2140.000000
2255.000000
2071.000000
1886.000000
2012.000000
2140.000000
2401.000000
2768.000000
3099.000000
3316.000000
3426.000000
3338.000000
3365.000000
3208.000000
3259.000000
3349.000000
3547.000000
3492.000000
3437.000000
3418.000000
3519.000000
3535.000000
3256.000000
2941.000000
2775.000000
2790.000000
2643.000000
2549.000000
2584.000000
2827.000000
3237.000000
3558.000000
3821.000000
4336.000000
4393.000000
4445.000000
4301.000000
4364.000000
4539.000000
4598.000000
4848.000000
4703.000000
5246.000000
5578.000000
6434.000000
7273.000000
7111.000000
6969.000000
6421.000000
5470.000000
4707.000000
4467.000000
4513.000000
4813.000000
5546.000000
6411.000000
7413.000000
7609.000000
7706.000000
7686.000000
7007.000000
7170.000000
7198.000000
7487.000000
7368.000000
7097.000000
7064.000000
6960.000000
7873.000000
7914.000000
7896.000000
7952.000000
6780.000000
5871.000000
4967.000000
4399.000000
4183.000000
4236.000000
4694.000000
5475.000000
6020.000000
6509.000000
7125.000000
7013.000000
7039.000000
6797.000000
7000.000000
6955.000000
7304.000000
7521.000000
7370.000000
7226.000000
7608.000000
7843.000000
7589.000000
7599.000000
6760.000000
5706.000000
4974.000000
4486.000000
4213.000000
4128.000000
4315.000000
5083.000000
5606.000000
6060.000000
6659.000000
6923.000000
7155.000000
7058.000000
7078.000000
7107.000000
7342.000000
7515.000000
7330.000000
7123.000000
7809.000000
7746.000000
7121.000000
6424.000000
5676.000000
4994.000000
4201.000000
3963.000000
3849.000000
4010.000000
4560.000000
5387.000000
5885.000000
6427.000000
6519.000000
6221.000000
5974.000000
5846.000000
5509.000000
5366.000000
5329.000000
5456.000000
5516.000000
5468.000000
7459.000000
5372.000000
5056.000000
4648.000000
4075.000000
3651.000000
3221.000000
2992.000000
3033.000000
2992.000000
3423.000000
3735.000000
4079.000000
4386.000000
4858.000000
4659.000000
4339.000000
4333.000000
4604.000000
4551.000000
4504.000000
4524.000000
4471.000000
4577.000000
5597.000000
5621.000000
5333.000000
5012.000000
4501.000000
3696.000000
3370.000000
2971.000000
2748.000000
2709.000000
3078.000000
3380.000000
3793.000000
4190.000000
4122.000000
4128.000000
3940.000000
3751.000000
3794.000000
3916.000000
3719.000000
3849.000000
3697.000000
3684.000000
4170.000000
4083.000000
4000.000000
3923.000000
3419.000000
2776.000000
2561.000000
2413.000000
2247.000000
2303.000000
2674.000000
2948.000000
3364.000000
3500.000000
3581.000000
3594.000000
3645.000000
3508.000000
3578.000000
3494.000000
3458.000000
3654.000000
3478.000000
3550.000000
3922.000000
3947.000000
3808.000000
3732.000000
3379.000000
2832.000000
2564.000000
2378.000000
2316.000000
2511.000000
2703.000000
2930.000000
3204.000000
3610.000000
3680.000000
3608.000000
3639.000000
3614.000000
3669.000000
3635.000000
3776.000000
3819.000000
3671.000000
3721.000000
4203.000000
4100.000000
4124.000000
4246.000000
