377.000000
378.000000
271.000000
279.000000
170.000000
158.000000
132.000000
85.000000
81.000000
113.000000
103.000000
134.000000
176.000000
194.000000
172.000000
189.000000
151.000000
172.000000
177.000000
215.000000
173.000000
260.000000
226.000000
294.000000
319.000000
257.000000
259.000000
235.000000
143.000000
124.000000
133.000000
103.000000
93.000000
95.000000
135.000000
100.000000
170.000000
202.000000
213.000000
189.000000
234.000000
177.000000
188.000000
205.000000
209.000000
220.000000
300.000000
316.000000
395.000000
328.000000
287.000000
258.000000
170.000000
132.000000
122.000000
83.000000
77.000000
100.000000
78.000000
147.000000
133.000000
115.000000
238.000000
313.000000
242.000000
227.000000
203.000000
305.000000
347.000000
510.000000
406.000000
277.000000
676.000000
578.000000
230.000000
255.000000
243.000000
148.000000
146.000000
147.000000
144.000000
152.000000
151.000000
186.000000
221.000000
206.000000
301.000000
262.000000
274.000000
247.000000
254.000000
277.000000
299.000000
386.000000
381.000000
534.000000
605.000000
436.000000
363.000000
330.000000
251.000000
180.000000
201.000000
164.000000
154.000000
204.000000
205.000000
269.000000
271.000000
295.000000
328.000000
300.000000
288.000000
347.000000
324.000000
309.000000
303.000000
532.000000
474.000000
504.000000
756.000000
499.000000
467.000000
439.000000
317.000000
420.000000
308.000000
265.000000
273.000000
288.000000
354.000000
362.000000
395.000000
464.000000
455.000000
574.000000
460.000000
400.000000
391.000000
434.000000
418.000000
421.000000
355.000000
423.000000
573.000000
494.000000
519.000000
463.000000
388.000000
269.000000
250.000000
275.000000
269.000000
288.000000
347.000000
419.000000
439.000000
517.000000
531.000000
600.000000
496.000000
942.000000
702.000000
639.000000
645.000000
678.000000
708.000000
732.000000
1010.000000
816.000000
777.000000
834.000000
640.000000
510.000000
455.000000
381.000000
426.000000
446.000000
545.000000
616.000000
727.000000
892.000000
858.000000
849.000000
833.000000
856.000000
876.000000
848.000000
836.000000
784.000000
726.000000
718.000000
796.000000
800.000000
695.000000
657.000000
555.000000
410.000000
398.000000
312.000000
274.000000
264.000000
318.000000
432.000000
503.000000
546.000000
645.000000
627.000000
723.000000
640.000000
616.000000
815.000000
803.000000
678.000000
705.000000
625.000000
687.000000
689.000000
615.000000
612.000000
471.000000
433.000000
328.000000
252.000000
255.000000
260.000000
319.000000
402.000000
501.000000
518.000000
621.000000
638.000000
670.000000
637.000000
663.000000
651.000000
631.000000
644.000000
652.000000
579.000000
679.000000
667.000000
580.000000
514.000000
441.000000
331.000000
323.000000
227.000000
218.000000
237.000000
257.000000
329.000000
390.000000
465.000000
490.000000
538.000000
472.000000
440.000000
536.000000
647.000000
497.000000
524.000000
504.000000
475.000000
518.000000
470.000000
410.000000
373.000000
287.000000
275.000000
230.000000
178.000000
188.000000
193.000000
239.000000
318.000000
377.000000
404.000000
381.000000
397.000000
385.000000
347.000000
371.000000
346.000000
314.000000
318.000000
301.000000
292.000000
336.000000
315.000000
327.000000
251.000000
225.000000
223.000000
205.000000
149.000000
128.000000
174.000000
199.000000
202.000000
284.000000
280.000000
283.000000
274.000000
313.000000
287.000000
294.000000
289.000000
270.000000
240.000000
265.000000
244.000000
270.000000
284.000000
233.000000
241.000000
211.000000
198.000000
182.000000
184.000000
182.000000
159.000000
192.000000
222.000000
221.000000
279.000000
275.000000
253.000000
271.000000
280.000000
272.000000
286.000000
293.000000
246.000000
271.000000
266.000000
289.000000
