408.000000
357.000000
318.000000
278.000000
247.000000
172.000000
163.000000
138.000000
161.000000
190.000000
188.000000
297.000000
342.000000
387.000000
329.000000
332.000000
322.000000
357.000000
356.000000
337.000000
269.000000
287.000000
434.000000
516.000000
626.000000
538.000000
396.000000
257.000000
205.000000
183.000000
144.000000
119.000000
145.000000
201.000000
263.000000
293.000000
266.000000
285.000000
355.000000
352.000000
379.000000
415.000000
337.000000
424.000000
344.000000
315.000000
348.000000
391.000000
531.000000
447.000000
339.000000
252.000000
244.000000
192.000000
197.000000
167.000000
224.000000
203.000000
281.000000
292.000000
373.000000
356.000000
368.000000
372.000000
412.000000
506.000000
624.000000
564.000000
644.000000
744.000000
816.000000
699.000000
614.000000
616.000000
505.000000
456.000000
347.000000
269.000000
255.000000
267.000000
332.000000
394.000000
391.000000
440.000000
479.000000
534.000000
468.000000
495.000000
456.000000
527.000000
486.000000
535.000000
507.000000
545.000000
475.000000
480.000000
538.000000
423.000000
402.000000
291.000000
306.000000
229.000000
191.000000
220.000000
282.000000
316.000000
415.000000
440.000000
435.000000
441.000000
447.000000
445.000000
475.000000
548.000000
482.000000
470.000000
467.000000
491.000000
581.000000
544.000000
629.000000
472.000000
446.000000
401.000000
262.000000
260.000000
257.000000
261.000000
401.000000
448.000000
762.000000
928.000000
915.000000
1780.000000
1818.000000
1699.000000
1613.000000
1572.000000
1526.000000
1499.000000
1522.000000
1488.000000
1610.000000
1562.000000
1613.000000
1517.000000
1285.000000
1147.000000
909.000000
828.000000
698.000000
776.000000
868.000000
1039.000000
1262.000000
1383.000000
1541.000000
1628.000000
1894.000000
1759.000000
1792.000000
1892.000000
2027.000000
1999.000000
1980.000000
2106.000000
2153.000000
2198.000000
2283.000000
2130.000000
1725.000000
1417.000000
1155.000000
966.000000
723.000000
811.000000
867.000000
1139.000000
1416.000000
1383.000000
1865.000000
2204.000000
1975.000000
1832.000000
1722.000000
1770.000000
1896.000000
1709.000000
1732.000000
1805.000000
1797.000000
1925.000000
1840.000000
1746.000000
1584.000000
1258.000000
1017.000000
860.000000
732.000000
632.000000
675.000000
801.000000
939.000000
1083.000000
1277.000000
1259.000000
1187.000000
1315.000000
1271.000000
1309.000000
2244.000000
2013.000000
1779.000000
1592.000000
1633.000000
1627.000000
1651.000000
1415.000000
1235.000000
995.000000
805.000000
650.000000
564.000000
590.000000
776.000000
869.000000
955.000000
1146.000000
1134.000000
1064.000000
1081.000000
1054.000000
1003.000000
963.000000
979.000000
942.000000
879.000000
848.000000
897.000000
913.000000
925.000000
806.000000
715.000000
538.000000
525.000000
390.000000
320.000000
308.000000
400.000000
440.000000
473.000000
548.000000
682.000000
654.000000
635.000000
677.000000
689.000000
779.000000
749.000000
703.000000
724.000000
719.000000
780.000000
780.000000
743.000000
766.000000
617.000000
539.000000
410.000000
319.000000
276.000000
247.000000
295.000000
426.000000
546.000000
566.000000
506.000000
559.000000
586.000000
613.000000
567.000000
600.000000
584.000000
582.000000
525.000000
575.000000
637.000000
652.000000
542.000000
560.000000
443.000000
380.000000
296.000000
277.000000
184.000000
229.000000
215.000000
319.000000
350.000000
400.000000
413.000000
474.000000
408.000000
463.000000
474.000000
523.000000
501.000000
469.000000
452.000000
443.000000
522.000000
505.000000
475.000000
465.000000
416.000000
282.000000
272.000000
225.000000
201.000000
220.000000
245.000000
296.000000
376.000000
377.000000
409.000000
390.000000
446.000000
413.000000
449.000000
458.000000
423.000000
416.000000
432.000000
428.000000
449.000000
427.000000
433.000000
