139.000000
126.000000
101.000000
96.000000
89.000000
73.000000
57.000000
58.000000
42.000000
65.000000
73.000000
88.000000
92.000000
87.000000
127.000000
113.000000
133.000000
130.000000
141.000000
144.000000
129.000000
140.000000
132.000000
146.000000
146.000000
156.000000
115.000000
105.000000
133.000000
72.000000
63.000000
57.000000
51.000000
63.000000
75.000000
98.000000
95.000000
125.000000
135.000000
144.000000
164.000000
173.000000
199.000000
166.000000
157.000000
142.000000
156.000000
156.000000
150.000000
188.000000
153.000000
117.000000
104.000000
80.000000
86.000000
61.000000
50.000000
55.000000
96.000000
118.000000
109.000000
151.000000
150.000000
143.000000
200.000000
199.000000
169.000000
162.000000
191.000000
184.000000
198.000000
179.000000
174.000000
133.000000
141.000000
110.000000
96.000000
80.000000
94.000000
57.000000
82.000000
69.000000
81.000000
116.000000
136.000000
129.000000
145.000000
161.000000
154.000000
147.000000
174.000000
177.000000
182.000000
136.000000
167.000000
217.000000
169.000000
171.000000
143.000000
130.000000
113.000000
114.000000
88.000000
63.000000
80.000000
66.000000
67.000000
117.000000
133.000000
216.000000
172.000000
149.000000
172.000000
183.000000
161.000000
189.000000
214.000000
186.000000
188.000000
171.000000
181.000000
187.000000
163.000000
141.000000
109.000000
93.000000
74.000000
98.000000
70.000000
82.000000
92.000000
130.000000
159.000000
199.000000
195.000000
215.000000
241.000000
231.000000
323.000000
295.000000
236.000000
257.000000
266.000000
275.000000
267.000000
280.000000
230.000000
221.000000
213.000000
172.000000
130.000000
142.000000
121.000000
118.000000
178.000000
176.000000
214.000000
267.000000
273.000000
562.000000
542.000000
474.000000
476.000000
550.000000
507.000000
490.000000
509.000000
494.000000
786.000000
711.000000
606.000000
532.000000
408.000000
411.000000
352.000000
311.000000
286.000000
322.000000
423.000000
534.000000
556.000000
631.000000
639.000000
646.000000
675.000000
673.000000
653.000000
698.000000
713.000000
709.000000
641.000000
639.000000
725.000000
608.000000
554.000000
503.000000
386.000000
329.000000
236.000000
215.000000
200.000000
203.000000
267.000000
286.000000
396.000000
421.000000
517.000000
544.000000
498.000000
552.000000
607.000000
565.000000
536.000000
418.000000
461.000000
451.000000
442.000000
408.000000
422.000000
356.000000
278.000000
223.000000
220.000000
171.000000
166.000000
205.000000
208.000000
253.000000
273.000000
332.000000
458.000000
546.000000
481.000000
533.000000
490.000000
485.000000
448.000000
464.000000
434.000000
419.000000
426.000000
413.000000
347.000000
300.000000
254.000000
205.000000
210.000000
166.000000
167.000000
173.000000
228.000000
252.000000
277.000000
324.000000
319.000000
379.000000
406.000000
375.000000
394.000000
380.000000
360.000000
306.000000
317.000000
305.000000
248.000000
301.000000
309.000000
248.000000
218.000000
187.000000
165.000000
150.000000
151.000000
175.000000
190.000000
195.000000
224.000000
275.000000
301.000000
280.000000
293.000000
291.000000
307.000000
288.000000
279.000000
274.000000
242.000000
246.000000
211.000000
229.000000
185.000000
196.000000
147.000000
120.000000
126.000000
96.000000
124.000000
109.000000
149.000000
142.000000
163.000000
210.000000
207.000000
206.000000
210.000000
184.000000
233.000000
221.000000
229.000000
210.000000
169.000000
198.000000
200.000000
184.000000
171.000000
138.000000
104.000000
105.000000
117.000000
112.000000
108.000000
82.000000
107.000000
127.000000
143.000000
154.000000
151.000000
206.000000
197.000000
193.000000
193.000000
212.000000
215.000000
181.000000
215.000000
231.000000
224.000000
