72.000000
110.000000
81.000000
58.000000
48.000000
58.000000
54.000000
53.000000
69.000000
71.000000
78.000000
91.000000
103.000000
101.000000
78.000000
94.000000
111.000000
143.000000
120.000000
132.000000
113.000000
178.000000
170.000000
157.000000
168.000000
114.000000
114.000000
82.000000
74.000000
87.000000
105.000000
119.000000
88.000000
113.000000
130.000000
136.000000
109.000000
118.000000
140.000000
133.000000
124.000000
105.000000
86.000000
79.000000
69.000000
83.000000
95.000000
88.000000
83.000000
76.000000
43.000000
40.000000
53.000000
52.000000
43.000000
59.000000
74.000000
69.000000
78.000000
78.000000
79.000000
90.000000
94.000000
104.000000
80.000000
70.000000
79.000000
67.000000
61.000000
79.000000
68.000000
65.000000
51.000000
69.000000
40.000000
34.000000
41.000000
42.000000
51.000000
50.000000
57.000000
79.000000
111.000000
103.000000
126.000000
114.000000
105.000000
111.000000
129.000000
113.000000
101.000000
89.000000
100.000000
82.000000
85.000000
84.000000
78.000000
79.000000
68.000000
51.000000
56.000000
40.000000
73.000000
66.000000
67.000000
74.000000
100.000000
90.000000
85.000000
115.000000
106.000000
94.000000
114.000000
101.000000
110.000000
161.000000
400.000000
425.000000
152.000000
98.000000
90.000000
66.000000
82.000000
62.000000
70.000000
65.000000
55.000000
54.000000
62.000000
84.000000
72.000000
83.000000
105.000000
92.000000
111.000000
102.000000
109.000000
111.000000
110.000000
109.000000
93.000000
79.000000
95.000000
87.000000
92.000000
70.000000
68.000000
71.000000
62.000000
49.000000
49.000000
60.000000
72.000000
84.000000
94.000000
102.000000
96.000000
96.000000
123.000000
101.000000
132.000000
138.000000
235.000000
12749.000000
16016.000000
13542.000000
30535.000000
42558.000000
65231.000000
51703.000000
37149.000000
29792.000000
25036.000000
22761.000000
22755.000000
24638.000000
26914.000000
29027.000000
29374.000000
30698.000000
31346.000000
30891.000000
30961.000000
30292.000000
29812.000000
27455.000000
25752.000000
26489.000000
27683.000000
28341.000000
25913.000000
21147.000000
17212.000000
14990.000000
12737.000000
10345.000000
10426.000000
9875.000000
9099.000000
9782.000000
10720.000000
11259.000000
11690.000000
11790.000000
11908.000000
12414.000000
12518.000000
13271.000000
13055.000000
12288.000000
11630.000000
11847.000000
12800.000000
13473.000000
13011.000000
11545.000000
9733.000000
8084.000000
6738.000000
5595.000000
5054.000000
4887.000000
5011.000000
5600.000000
6268.000000
6628.000000
6660.000000
7132.000000
7635.000000
8110.000000
8777.000000
9863.000000
9842.000000
8934.000000
8810.000000
9095.000000
9887.000000
9529.000000
9508.000000
8355.000000
6947.000000
5784.000000
4665.000000
3939.000000
3783.000000
3638.000000
3773.000000
4141.000000
4645.000000
5271.000000
5401.000000
5170.000000
5206.000000
5660.000000
5923.000000
6463.000000
6540.000000
6280.000000
6076.000000
5964.000000
6232.000000
6577.000000
6420.000000
6312.000000
5272.000000
4439.000000
3559.000000
2961.000000
2903.000000
2885.000000
2936.000000
3419.000000
3585.000000
3909.000000
4118.000000
4246.000000
4379.000000
4809.000000
5191.000000
6043.000000
6533.000000
5971.000000
5536.000000
5457.000000
5424.000000
5998.000000
6157.000000
6062.000000
5307.000000
4340.000000
3707.000000
3344.000000
3024.000000
2884.000000
2875.000000
3053.000000
3654.000000
4068.000000
4895.000000
4750.000000
6151.000000
5404.000000
6102.000000
7052.000000
7435.000000
6827.000000
6298.000000
6120.000000
6439.000000
6800.000000
7318.000000
6318.000000
5656.000000
4802.000000
4001.000000
3253.000000
3003.000000
2764.000000
2857.000000
3013.000000
3355.000000
3748.000000
4481.000000
4617.000000
4959.000000
5550.000000
6040.000000
6485.000000
6909.000000
6135.000000
5582.000000
5590.000000
5594.000000
5596.000000
5262.000000
4757.000000
4029.000000
