2484.000000
3976.000000
2627.000000
1755.000000
1494.000000
1352.000000
1267.000000
1269.000000
1155.000000
1046.000000
1157.000000
1197.000000
1184.000000
1092.000000
1122.000000
1167.000000
1241.000000
1323.000000
1317.000000
1233.000000
1263.000000
1264.000000
1340.000000
1399.000000
1558.000000
1673.000000
1445.000000
1311.000000
1158.000000
1044.000000
1201.000000
1115.000000
930.000000
835.000000
828.000000
1104.000000
981.000000
960.000000
897.000000
1009.000000
1186.000000
1330.000000
1268.000000
1304.000000
1330.000000
1279.000000
1363.000000
1518.000000
1584.000000
1519.000000
1306.000000
1141.000000
1181.000000
1229.000000
1244.000000
1087.000000
966.000000
749.000000
708.000000
703.000000
796.000000
877.000000
920.000000
1103.000000
1210.000000
1288.000000
1316.000000
1374.000000
1479.000000
1601.000000
1605.000000
1721.000000
1768.000000
1623.000000
2402.000000
1895.000000
1736.000000
1783.000000
1732.000000
1601.000000
2236.000000
1701.000000
1309.000000
1349.000000
1069.000000
1115.000000
1221.000000
1510.000000
2003.000000
1955.000000
1903.000000
2090.000000
2071.000000
2061.000000
2088.000000
4338.000000
5345.000000
4142.000000
3404.000000
2967.000000
2996.000000
2941.000000
2856.000000
2661.000000
2225.000000
1857.000000
1581.000000
1385.000000
1612.000000
1503.000000
1582.000000
1994.000000
2263.000000
2781.000000
2814.000000
2901.000000
3537.000000
3311.000000
3324.000000
3396.000000
4273.000000
4834.000000
3985.000000
3644.000000
3551.000000
3723.000000
3648.000000
3479.000000
3148.000000
2557.000000
2354.000000
1897.000000
1908.000000
1872.000000
2117.000000
2668.000000
3038.000000
3450.000000
3900.000000
4122.000000
4129.000000
4287.000000
4755.000000
6217.000000
6611.000000
5591.000000
5111.000000
5009.000000
4953.000000
6067.000000
7712.000000
7021.000000
6717.000000
6278.000000
4941.000000
4250.000000
4414.000000
3877.000000
4312.000000
4998.000000
5754.000000
6478.000000
7250.000000
7638.000000
7711.000000
8044.000000
8559.000000
8568.000000
9468.000000
8750.000000
7890.000000
7890.000000
7222.000000
7901.000000
9114.000000
8816.000000
8561.000000
8084.000000
6288.000000
5203.000000
4210.000000
3321.000000
3385.000000
4044.000000
4805.000000
5523.000000
6321.000000
6271.000000
6182.000000
6616.000000
6336.000000
6533.000000
7002.000000
6870.000000
7119.000000
7130.000000
6809.000000
7564.000000
8388.000000
7710.000000
7611.000000
7185.000000
5486.000000
4522.000000
3996.000000
3042.000000
2804.000000
3311.000000
3713.000000
4360.000000
5163.000000
5408.000000
5531.000000
6112.000000
6572.000000
7717.000000
8501.000000
7453.000000
7274.000000
7191.000000
7005.000000
7161.000000
7348.000000
6838.000000
6119.000000
5306.000000
4320.000000
3416.000000
2940.000000
2558.000000
2751.000000
3645.000000
4138.000000
4824.000000
5388.000000
5391.000000
5357.000000
5295.000000
5904.000000
7895.000000
8909.000000
7354.000000
7324.000000
6717.000000
6659.000000
6193.000000
6696.000000
5703.000000
4820.000000
4409.000000
3350.000000
2906.000000
2462.000000
2201.000000
2472.000000
3262.000000
3831.000000
4095.000000
4400.000000
4378.000000
4647.000000
4824.000000
5149.000000
5107.000000
5120.000000
5140.000000
4769.000000
4562.000000
5192.000000
6830.000000
7488.000000
6712.000000
5901.000000
5336.000000
4023.000000
3129.000000
2773.000000
2316.000000
2614.000000
3202.000000
4686.000000
5771.000000
5955.000000
6026.000000
6258.000000
6062.000000
5626.000000
5344.000000
6950.000000
6274.000000
5743.000000
5260.000000
4941.000000
4892.000000
5654.000000
5243.000000
4901.000000
4588.000000
3915.000000
3171.000000
2857.000000
2630.000000
2893.000000
0.000000
3697.000000
4307.000000
4555.000000
4338.000000
4512.000000
4738.000000
4741.000000
5309.000000
5854.000000
5279.000000
4839.000000
4184.000000
4658.000000
4789.000000
5070.000000
4856.000000
4379.000000
4202.000000
3498.000000
3014.000000
2735.000000
2565.000000
2878.000000
3208.000000
3548.000000
3984.000000
4296.000000
4415.000000
4365.000000
4663.000000
4384.000000
4481.000000
4831.000000
