406.000000
310.000000
262.000000
242.000000
121.000000
115.000000
75.000000
47.000000
120.000000
143.000000
188.000000
202.000000
192.000000
242.000000
247.000000
239.000000
200.000000
260.000000
236.000000
214.000000
269.000000
226.000000
324.000000
322.000000
411.000000
279.000000
202.000000
210.000000
128.000000
95.000000
67.000000
76.000000
86.000000
138.000000
155.000000
159.000000
195.000000
224.000000
214.000000
227.000000
207.000000
211.000000
238.000000
257.000000
279.000000
307.000000
315.000000
435.000000
350.000000
297.000000
249.000000
184.000000
123.000000
92.000000
73.000000
68.000000
83.000000
115.000000
141.000000
188.000000
188.000000
292.000000
238.000000
214.000000
302.000000
291.000000
381.000000
343.000000
241.000000
364.000000
301.000000
396.000000
360.000000
302.000000
276.000000
173.000000
131.000000
101.000000
61.000000
80.000000
74.000000
101.000000
140.000000
195.000000
272.000000
236.000000
255.000000
288.000000
376.000000
297.000000
325.000000
362.000000
383.000000
358.000000
475.000000
389.000000
399.000000
376.000000
197.000000
186.000000
135.000000
99.000000
86.000000
76.000000
98.000000
144.000000
245.000000
249.000000
250.000000
259.000000
294.000000
327.000000
319.000000
296.000000
279.000000
303.000000
354.000000
425.000000
669.000000
723.000000
489.000000
333.000000
291.000000
199.000000
143.000000
131.000000
66.000000
76.000000
95.000000
147.000000
204.000000
228.000000
280.000000
302.000000
302.000000
304.000000
299.000000
347.000000
306.000000
335.000000
387.000000
539.000000
569.000000
380.000000
719.000000
452.000000
277.000000
333.000000
145.000000
120.000000
108.000000
90.000000
122.000000
197.000000
497.000000
709.000000
495.000000
467.000000
544.000000
470.000000
456.000000
807.000000
751.000000
646.000000
671.000000
880.000000
752.000000
707.000000
1087.000000
619.000000
803.000000
473.000000
293.000000
291.000000
217.000000
243.000000
270.000000
323.000000
660.000000
659.000000
751.000000
729.000000
605.000000
718.000000
587.000000
550.000000
529.000000
623.000000
644.000000
765.000000
730.000000
776.000000
811.000000
558.000000
556.000000
380.000000
329.000000
285.000000
224.000000
208.000000
289.000000
358.000000
550.000000
756.000000
788.000000
831.000000
855.000000
804.000000
880.000000
808.000000
842.000000
825.000000
657.000000
675.000000
633.000000
576.000000
613.000000
576.000000
691.000000
449.000000
305.000000
260.000000
159.000000
142.000000
214.000000
232.000000
302.000000
409.000000
459.000000
553.000000
499.000000
550.000000
518.000000
553.000000
567.000000
553.000000
546.000000
541.000000
497.000000
530.000000
579.000000
490.000000
437.000000
307.000000
272.000000
212.000000
207.000000
150.000000
196.000000
268.000000
226.000000
305.000000
355.000000
428.000000
510.000000
456.000000
475.000000
551.000000
529.000000
473.000000
553.000000
492.000000
513.000000
460.000000
469.000000
425.000000
360.000000
297.000000
246.000000
168.000000
166.000000
135.000000
167.000000
212.000000
266.000000
323.000000
392.000000
396.000000
411.000000
360.000000
450.000000
416.000000
399.000000
427.000000
331.000000
345.000000
380.000000
321.000000
321.000000
263.000000
243.000000
177.000000
142.000000
109.000000
112.000000
137.000000
131.000000
135.000000
189.000000
257.000000
309.000000
353.000000
363.000000
324.000000
354.000000
387.000000
360.000000
316.000000
313.000000
327.000000
328.000000
368.000000
385.000000
286.000000
252.000000
206.000000
204.000000
157.000000
102.000000
98.000000
89.000000
129.000000
170.000000
199.000000
218.000000
251.000000
224.000000
264.000000
275.000000
287.000000
319.000000
276.000000
261.000000
241.000000
276.000000
263.000000
265.000000
