259.000000
219.000000
263.000000
245.000000
218.000000
296.000000
288.000000
337.000000
300.000000
306.000000
308.000000
293.000000
219.000000
191.000000
160.000000
137.000000
105.000000
109.000000
121.000000
126.000000
175.000000
229.000000
259.000000
260.000000
261.000000
248.000000
238.000000
251.000000
251.000000
284.000000
276.000000
286.000000
269.000000
298.000000
296.000000
293.000000
293.000000
177.000000
151.000000
169.000000
95.000000
99.000000
97.000000
154.000000
192.000000
221.000000
266.000000
270.000000
222.000000
287.000000
338.000000
324.000000
325.000000
340.000000
393.000000
320.000000
364.000000
391.000000
284.000000
272.000000
244.000000
162.000000
129.000000
112.000000
75.000000
77.000000
93.000000
113.000000
150.000000
209.000000
237.000000
224.000000
205.000000
257.000000
300.000000
303.000000
282.000000
222.000000
289.000000
299.000000
298.000000
297.000000
325.000000
337.000000
374.000000
285.000000
218.000000
155.000000
131.000000
114.000000
123.000000
199.000000
222.000000
254.000000
341.000000
374.000000
342.000000
321.000000
345.000000
384.000000
476.000000
473.000000
460.000000
489.000000
498.000000
511.000000
538.000000
445.000000
496.000000
377.000000
272.000000
222.000000
158.000000
156.000000
189.000000
273.000000
432.000000
477.000000
590.000000
651.000000
653.000000
638.000000
699.000000
693.000000
703.000000
637.000000
620.000000
646.000000
665.000000
666.000000
665.000000
613.000000
395.000000
377.000000
259.000000
279.000000
169.000000
149.000000
185.000000
286.000000
348.000000
459.000000
547.000000
594.000000
696.000000
646.000000
640.000000
718.000000
822.000000
748.000000
856.000000
864.000000
795.000000
900.000000
986.000000
799.000000
762.000000
616.000000
532.000000
422.000000
308.000000
302.000000
408.000000
517.000000
701.000000
857.000000
1021.000000
1124.000000
1255.000000
1234.000000
1233.000000
1201.000000
1114.000000
1070.000000
1038.000000
905.000000
913.000000
916.000000
915.000000
1015.000000
899.000000
674.000000
544.000000
471.000000
330.000000
307.000000
276.000000
362.000000
472.000000
611.000000
761.000000
1049.000000
1033.000000
1140.000000
1165.000000
1123.000000
1111.000000
937.000000
853.000000
927.000000
875.000000
948.000000
942.000000
852.000000
806.000000
639.000000
549.000000
408.000000
337.000000
283.000000
299.000000
329.000000
362.000000
479.000000
593.000000
647.000000
804.000000
775.000000
769.000000
783.000000
777.000000
781.000000
733.000000
708.000000
728.000000
773.000000
895.000000
735.000000
670.000000
558.000000
473.000000
331.000000
271.000000
269.000000
275.000000
376.000000
458.000000
583.000000
595.000000
710.000000
652.000000
625.000000
585.000000
591.000000
629.000000
629.000000
535.000000
563.000000
523.000000
502.000000
498.000000
462.000000
384.000000
355.000000
287.000000
210.000000
177.000000
154.000000
177.000000
252.000000
293.000000
294.000000
396.000000
430.000000
468.000000
523.000000
508.000000
485.000000
502.000000
481.000000
429.000000
461.000000
435.000000
565.000000
475.000000
439.000000
450.000000
365.000000
239.000000
225.000000
150.000000
148.000000
119.000000
147.000000
218.000000
256.000000
284.000000
322.000000
336.000000
356.000000
359.000000
377.000000
391.000000
395.000000
348.000000
345.000000
325.000000
353.000000
340.000000
309.000000
286.000000
390.000000
213.000000
182.000000
160.000000
100.000000
100.000000
170.000000
183.000000
239.000000
246.000000
260.000000
295.000000
277.000000
298.000000
272.000000
287.000000
270.000000
293.000000
248.000000
233.000000
243.000000
295.000000
206.000000
187.000000
166.000000
142.000000
131.000000
109.000000
99.000000
97.000000
101.000000
177.000000
171.000000
206.000000
232.000000
251.000000
