390.000000
298.000000
318.000000
275.000000
243.000000
199.000000
187.000000
190.000000
187.000000
198.000000
253.000000
310.000000
332.000000
393.000000
389.000000
422.000000
403.000000
369.000000
439.000000
663.000000
541.000000
449.000000
483.000000
384.000000
509.000000
477.000000
353.000000
293.000000
251.000000
214.000000
180.000000
156.000000
180.000000
209.000000
255.000000
307.000000
340.000000
403.000000
406.000000
470.000000
437.000000
482.000000
591.000000
511.000000
531.000000
600.000000
482.000000
483.000000
531.000000
369.000000
391.000000
294.000000
206.000000
180.000000
168.000000
150.000000
183.000000
207.000000
264.000000
352.000000
331.000000
410.000000
435.000000
443.000000
410.000000
519.000000
529.000000
613.000000
466.000000
533.000000
541.000000
591.000000
478.000000
396.000000
406.000000
304.000000
248.000000
211.000000
199.000000
204.000000
245.000000
249.000000
313.000000
385.000000
431.000000
386.000000
414.000000
486.000000
495.000000
475.000000
566.000000
489.000000
479.000000
420.000000
608.000000
595.000000
536.000000
379.000000
391.000000
275.000000
218.000000
214.000000
182.000000
173.000000
194.000000
253.000000
291.000000
659.000000
562.000000
526.000000
583.000000
544.000000
527.000000
659.000000
764.000000
774.000000
622.000000
580.000000
749.000000
765.000000
872.000000
736.000000
564.000000
427.000000
402.000000
350.000000
346.000000
299.000000
409.000000
497.000000
1044.000000
926.000000
767.000000
938.000000
901.000000
916.000000
885.000000
1000.000000
1004.000000
936.000000
918.000000
878.000000
863.000000
860.000000
890.000000
849.000000
639.000000
515.000000
444.000000
412.000000
416.000000
420.000000
511.000000
563.000000
736.000000
1372.000000
1438.000000
1270.000000
1367.000000
1287.000000
1323.000000
1336.000000
1397.000000
1323.000000
1211.000000
1344.000000
1320.000000
1432.000000
1654.000000
1258.000000
1111.000000
980.000000
754.000000
628.000000
510.000000
429.000000
549.000000
630.000000
837.000000
1001.000000
1203.000000
1249.000000
1300.000000
1301.000000
1354.000000
1415.000000
1384.000000
1406.000000
1446.000000
1499.000000
1383.000000
1558.000000
1456.000000
1349.000000
1108.000000
993.000000
702.000000
565.000000
462.000000
451.000000
475.000000
547.000000
745.000000
924.000000
1107.000000
1269.000000
1218.000000
1356.000000
1346.000000
1315.000000
1430.000000
1222.000000
1118.000000
1325.000000
1194.000000
1256.000000
1292.000000
910.000000
790.000000
634.000000
449.000000
430.000000
368.000000
364.000000
373.000000
539.000000
602.000000
695.000000
760.000000
741.000000
776.000000
756.000000
783.000000
828.000000
811.000000
732.000000
630.000000
656.000000
690.000000
628.000000
637.000000
557.000000
508.000000
403.000000
343.000000
328.000000
331.000000
305.000000
303.000000
347.000000
431.000000
465.000000
557.000000
585.000000
617.000000
625.000000
652.000000
702.000000
715.000000
752.000000
595.000000
565.000000
567.000000
562.000000
521.000000
503.000000
428.000000
397.000000
342.000000
331.000000
258.000000
284.000000
324.000000
348.000000
371.000000
403.000000
501.000000
440.000000
516.000000
598.000000
569.000000
606.000000
612.000000
613.000000
583.000000
512.000000
438.000000
488.000000
491.000000
412.000000
400.000000
351.000000
346.000000
357.000000
340.000000
322.000000
295.000000
333.000000
375.000000
451.000000
458.000000
461.000000
558.000000
547.000000
590.000000
553.000000
675.000000
559.000000
479.000000
438.000000
477.000000
553.000000
522.000000
466.000000
403.000000
311.000000
336.000000
311.000000
330.000000
337.000000
391.000000
417.000000
487.000000
548.000000
605.000000
676.000000
658.000000
672.000000
724.000000
692.000000
775.000000
723.000000
533.000000
532.000000
533.000000
553.000000
535.000000
