426.000000
413.000000
648.000000
375.000000
327.000000
272.000000
184.000000
182.000000
147.000000
188.000000
170.000000
168.000000
224.000000
279.000000
340.000000
344.000000
350.000000
306.000000
411.000000
447.000000
391.000000
367.000000
333.000000
541.000000
440.000000
561.000000
603.000000
557.000000
377.000000
302.000000
232.000000
230.000000
173.000000
175.000000
172.000000
182.000000
256.000000
308.000000
389.000000
391.000000
460.000000
577.000000
557.000000
569.000000
638.000000
638.000000
665.000000
572.000000
756.000000
922.000000
1105.000000
598.000000
471.000000
359.000000
311.000000
283.000000
259.000000
218.000000
220.000000
293.000000
327.000000
393.000000
530.000000
610.000000
687.000000
682.000000
794.000000
709.000000
558.000000
1038.000000
780.000000
790.000000
738.000000
1302.000000
723.000000
736.000000
571.000000
409.000000
329.000000
297.000000
270.000000
289.000000
337.000000
396.000000
563.000000
640.000000
612.000000
648.000000
598.000000
658.000000
638.000000
612.000000
661.000000
734.000000
789.000000
707.000000
947.000000
1071.000000
1368.000000
802.000000
764.000000
594.000000
368.000000
328.000000
296.000000
287.000000
327.000000
471.000000
596.000000
551.000000
547.000000
607.000000
660.000000
652.000000
767.000000
734.000000
775.000000
767.000000
707.000000
931.000000
1133.000000
1194.000000
1328.000000
1070.000000
1005.000000
660.000000
467.000000
435.000000
378.000000
384.000000
436.000000
493.000000
636.000000
712.000000
782.000000
840.000000
815.000000
818.000000
932.000000
921.000000
946.000000
942.000000
1010.000000
1144.000000
1493.000000
1640.000000
1549.000000
1219.000000
1127.000000
1012.000000
764.000000
741.000000
689.000000
663.000000
794.000000
956.000000
1071.000000
1218.000000
1303.000000
1248.000000
1724.000000
1700.000000
1656.000000
1587.000000
1625.000000
1598.000000
1682.000000
2349.000000
3316.000000
2781.000000
2646.000000
2203.000000
1945.000000
2068.000000
1399.000000
1179.000000
1230.000000
1167.000000
1373.000000
1684.000000
1850.000000
2547.000000
2660.000000
3004.000000
2945.000000
2619.000000
2679.000000
2592.000000
2579.000000
2357.000000
2557.000000
2527.000000
2856.000000
3089.000000
3306.000000
2440.000000
2313.000000
1924.000000
1570.000000
1368.000000
1194.000000
1078.000000
1166.000000
1367.000000
1545.000000
1647.000000
1839.000000
1862.000000
1892.000000
2033.000000
1921.000000
1969.000000
2073.000000
2049.000000
1938.000000
2093.000000
2130.000000
2245.000000
2023.000000
1939.000000
1943.000000
1624.000000
1368.000000
1146.000000
985.000000
926.000000
908.000000
1072.000000
1151.000000
1386.000000
1516.000000
1596.000000
1737.000000
1708.000000
1801.000000
1887.000000
1862.000000
1801.000000
1672.000000
1825.000000
1669.000000
1685.000000
1621.000000
1403.000000
1455.000000
1210.000000
991.000000
1041.000000
832.000000
811.000000
864.000000
1097.000000
1229.000000
1410.000000
1478.000000
1392.000000
1395.000000
1377.000000
1392.000000
1291.000000
1361.000000
1205.000000
1100.000000
1134.000000
1102.000000
1128.000000
1063.000000
1008.000000
830.000000
750.000000
711.000000
654.000000
632.000000
581.000000
657.000000
743.000000
784.000000
912.000000
1027.000000
1006.000000
1031.000000
1011.000000
944.000000
953.000000
911.000000
852.000000
891.000000
819.000000
856.000000
927.000000
894.000000
782.000000
702.000000
650.000000
636.000000
571.000000
495.000000
527.000000
535.000000
558.000000
687.000000
742.000000
781.000000
821.000000
877.000000
859.000000
847.000000
789.000000
755.000000
737.000000
738.000000
737.000000
706.000000
726.000000
806.000000
674.000000
642.000000
605.000000
587.000000
502.000000
508.000000
478.000000
548.000000
542.000000
601.000000
707.000000
730.000000
810.000000
770.000000
774.000000
804.000000
782.000000
740.000000
753.000000
713.000000
690.000000
648.000000
