386.000000
394.000000
310.000000
329.000000
481.000000
299.000000
325.000000
259.000000
176.000000
178.000000
143.000000
114.000000
131.000000
121.000000
139.000000
217.000000
256.000000
353.000000
349.000000
341.000000
381.000000
501.000000
364.000000
319.000000
332.000000
342.000000
408.000000
353.000000
337.000000
351.000000
365.000000
268.000000
224.000000
187.000000
146.000000
137.000000
126.000000
124.000000
179.000000
194.000000
252.000000
280.000000
362.000000
366.000000
569.000000
447.000000
458.000000
391.000000
385.000000
311.000000
327.000000
460.000000
431.000000
380.000000
398.000000
294.000000
198.000000
160.000000
116.000000
130.000000
112.000000
173.000000
203.000000
233.000000
301.000000
369.000000
346.000000
335.000000
386.000000
416.000000
415.000000
418.000000
500.000000
326.000000
435.000000
395.000000
518.000000
337.000000
292.000000
357.000000
216.000000
161.000000
165.000000
163.000000
143.000000
150.000000
278.000000
306.000000
284.000000
344.000000
292.000000
296.000000
300.000000
325.000000
344.000000
376.000000
432.000000
478.000000
539.000000
594.000000
679.000000
538.000000
436.000000
354.000000
283.000000
222.000000
203.000000
180.000000
182.000000
203.000000
333.000000
335.000000
356.000000
356.000000
393.000000
395.000000
405.000000
377.000000
512.000000
491.000000
493.000000
476.000000
476.000000
540.000000
507.000000
421.000000
353.000000
326.000000
277.000000
222.000000
231.000000
179.000000
213.000000
252.000000
297.000000
348.000000
443.000000
455.000000
399.000000
448.000000
439.000000
478.000000
492.000000
613.000000
692.000000
575.000000
657.000000
704.000000
744.000000
698.000000
631.000000
512.000000
434.000000
360.000000
335.000000
289.000000
281.000000
364.000000
526.000000
628.000000
627.000000
814.000000
897.000000
902.000000
793.000000
877.000000
979.000000
963.000000
1088.000000
1061.000000
964.000000
995.000000
891.000000
1037.000000
742.000000
677.000000
592.000000
430.000000
358.000000
347.000000
306.000000
385.000000
456.000000
523.000000
687.000000
804.000000
839.000000
834.000000
871.000000
841.000000
890.000000
868.000000
845.000000
819.000000
825.000000
761.000000
906.000000
904.000000
665.000000
557.000000
445.000000
375.000000
335.000000
305.000000
302.000000
318.000000
361.000000
534.000000
629.000000
741.000000
917.000000
877.000000
798.000000
1018.000000
832.000000
856.000000
831.000000
780.000000
670.000000
705.000000
656.000000
650.000000
539.000000
455.000000
363.000000
342.000000
248.000000
220.000000
244.000000
267.000000
344.000000
367.000000
464.000000
462.000000
550.000000
503.000000
503.000000
570.000000
520.000000
530.000000
530.000000
495.000000
413.000000
428.000000
404.000000
333.000000
286.000000
273.000000
223.000000
209.000000
188.000000
183.000000
181.000000
173.000000
219.000000
231.000000
328.000000
321.000000
360.000000
382.000000
349.000000
395.000000
435.000000
441.000000
420.000000
422.000000
410.000000
409.000000
380.000000
356.000000
301.000000
282.000000
253.000000
192.000000
149.000000
149.000000
153.000000
168.000000
211.000000
258.000000
214.000000
274.000000
315.000000
303.000000
350.000000
356.000000
374.000000
383.000000
363.000000
360.000000
289.000000
275.000000
286.000000
314.000000
270.000000
225.000000
175.000000
164.000000
157.000000
188.000000
168.000000
165.000000
216.000000
197.000000
293.000000
294.000000
296.000000
289.000000
314.000000
381.000000
404.000000
398.000000
405.000000
337.000000
311.000000
316.000000
333.000000
309.000000
194.000000
205.000000
211.000000
176.000000
171.000000
177.000000
162.000000
195.000000
251.000000
222.000000
270.000000
308.000000
322.000000
304.000000
331.000000
341.000000
373.000000
347.000000
367.000000
