733.000000
570.000000
496.000000
374.000000
520.000000
467.000000
435.000000
493.000000
356.000000
278.000000
235.000000
201.000000
200.000000
196.000000
237.000000
227.000000
539.000000
309.000000
297.000000
260.000000
516.000000
346.000000
326.000000
423.000000
514.000000
446.000000
401.000000
422.000000
312.000000
336.000000
422.000000
370.000000
372.000000
305.000000
241.000000
216.000000
228.000000
219.000000
285.000000
322.000000
292.000000
297.000000
315.000000
752.000000
428.000000
473.000000
398.000000
527.000000
487.000000
393.000000
442.000000
574.000000
475.000000
523.000000
511.000000
329.000000
272.000000
303.000000
271.000000
259.000000
282.000000
272.000000
311.000000
351.000000
361.000000
443.000000
483.000000
532.000000
608.000000
779.000000
689.000000
536.000000
714.000000
631.000000
552.000000
522.000000
675.000000
674.000000
620.000000
541.000000
420.000000
490.000000
282.000000
295.000000
306.000000
325.000000
361.000000
427.000000
397.000000
467.000000
623.000000
580.000000
623.000000
670.000000
552.000000
675.000000
742.000000
673.000000
592.000000
542.000000
682.000000
720.000000
580.000000
606.000000
906.000000
517.000000
521.000000
579.000000
733.000000
727.000000
717.000000
772.000000
1189.000000
1154.000000
1258.000000
1391.000000
1254.000000
1219.000000
1079.000000
1092.000000
1013.000000
1066.000000
848.000000
885.000000
898.000000
955.000000
952.000000
1021.000000
1192.000000
950.000000
910.000000
745.000000
708.000000
744.000000
801.000000
848.000000
973.000000
1154.000000
1284.000000
1306.000000
1349.000000
1499.000000
1441.000000
1472.000000
1445.000000
1456.000000
1403.000000
1351.000000
1377.000000
1697.000000
1808.000000
1594.000000
1368.000000
1183.000000
1235.000000
1142.000000
897.000000
928.000000
940.000000
1252.000000
1550.000000
1838.000000
2181.000000
2200.000000
2191.000000
2143.000000
2025.000000
2128.000000
2260.000000
2082.000000
2072.000000
1953.000000
1849.000000
2158.000000
2210.000000
2094.000000
1925.000000
1621.000000
1232.000000
1067.000000
919.000000
755.000000
741.000000
937.000000
1024.000000
1263.000000
1318.000000
1446.000000
1590.000000
1664.000000
1466.000000
1779.000000
1984.000000
1915.000000
1959.000000
1910.000000
1726.000000
2086.000000
2159.000000
1940.000000
1866.000000
1583.000000
1128.000000
887.000000
775.000000
621.000000
733.000000
808.000000
950.000000
1053.000000
1197.000000
1966.000000
1622.000000
1711.000000
1658.000000
1864.000000
2098.000000
1966.000000
1923.000000
1802.000000
1775.000000
1868.000000
1716.000000
1527.000000
1385.000000
1044.000000
795.000000
732.000000
684.000000
659.000000
691.000000
859.000000
1102.000000
1237.000000
1301.000000
1248.000000
1175.000000
1047.000000
1097.000000
1288.000000
1473.000000
1179.000000
1157.000000
974.000000
1056.000000
1088.000000
1082.000000
950.000000
894.000000
741.000000
632.000000
549.000000
505.000000
492.000000
562.000000
651.000000
691.000000
832.000000
876.000000
923.000000
923.000000
985.000000
1808.000000
1023.000000
1095.000000
1043.000000
1041.000000
984.000000
923.000000
1047.000000
1211.000000
955.000000
940.000000
717.000000
632.000000
613.000000
540.000000
467.000000
471.000000
543.000000
623.000000
731.000000
764.000000
803.000000
804.000000
821.000000
903.000000
817.000000
889.000000
928.000000
726.000000
723.000000
662.000000
795.000000
786.000000
655.000000
627.000000
571.000000
547.000000
458.000000
407.000000
440.000000
473.000000
513.000000
586.000000
610.000000
764.000000
702.000000
671.000000
733.000000
727.000000
889.000000
939.000000
879.000000
783.000000
756.000000
718.000000
831.000000
741.000000
721.000000
710.000000
601.000000
538.000000
497.000000
441.000000
459.000000
513.000000
559.000000
600.000000
922.000000
888.000000
885.000000
930.000000
994.000000
893.000000
1021.000000
972.000000
