616.000000
473.000000
524.000000
395.000000
387.000000
328.000000
291.000000
671.000000
452.000000
387.000000
416.000000
469.000000
415.000000
470.000000
502.000000
488.000000
468.000000
505.000000
547.000000
550.000000
568.000000
1286.000000
1991.000000
613.000000
548.000000
619.000000
579.000000
528.000000
412.000000
421.000000
476.000000
544.000000
546.000000
488.000000
463.000000
495.000000
553.000000
529.000000
584.000000
596.000000
583.000000
603.000000
558.000000
655.000000
724.000000
693.000000
760.000000
566.000000
553.000000
557.000000
596.000000
624.000000
449.000000
398.000000
407.000000
400.000000
422.000000
397.000000
427.000000
425.000000
520.000000
536.000000
878.000000
724.000000
883.000000
1337.000000
735.000000
704.000000
785.000000
782.000000
685.000000
798.000000
1477.000000
1241.000000
808.000000
789.000000
580.000000
507.000000
479.000000
451.000000
418.000000
578.000000
524.000000
624.000000
689.000000
668.000000
634.000000
658.000000
735.000000
732.000000
793.000000
966.000000
1145.000000
847.000000
968.000000
915.000000
882.000000
903.000000
886.000000
714.000000
721.000000
621.000000
601.000000
536.000000
548.000000
536.000000
610.000000
694.000000
702.000000
736.000000
770.000000
768.000000
1084.000000
1063.000000
984.000000
1149.000000
1255.000000
1451.000000
1306.000000
1243.000000
989.000000
1601.000000
1130.000000
991.000000
1037.000000
776.000000
686.000000
621.000000
679.000000
620.000000
729.000000
785.000000
859.000000
791.000000
896.000000
937.000000
993.000000
962.000000
989.000000
923.000000
1394.000000
1091.000000
1067.000000
1062.000000
1004.000000
1286.000000
1233.000000
1058.000000
1043.000000
866.000000
801.000000
731.000000
758.000000
752.000000
775.000000
903.000000
922.000000
1028.000000
1036.000000
1057.000000
1153.000000
1234.000000
1187.000000
1376.000000
1336.000000
1156.000000
1222.000000
1174.000000
2035.000000
1343.000000
1403.000000
1305.000000
1179.000000
1082.000000
984.000000
856.000000
839.000000
988.000000
908.000000
1032.000000
1316.000000
1313.000000
1462.000000
1546.000000
1519.000000
1529.000000
1605.000000
1677.000000
1683.000000
1758.000000
1621.000000
1551.000000
1400.000000
1519.000000
1466.000000
1348.000000
1296.000000
1066.000000
970.000000
912.000000
864.000000
844.000000
903.000000
939.000000
1067.000000
1147.000000
1216.000000
1333.000000
1300.000000
1304.000000
1413.000000
1467.000000
1532.000000
1524.000000
1471.000000
1379.000000
1329.000000
1338.000000
1255.000000
1134.000000
1049.000000
932.000000
846.000000
756.000000
672.000000
624.000000
661.000000
742.000000
943.000000
1019.000000
1207.000000
1123.000000
1283.000000
1241.000000
1254.000000
1266.000000
1323.000000
1235.000000
1247.000000
1306.000000
1198.000000
1174.000000
1222.000000
1017.000000
890.000000
795.000000
683.000000
633.000000
577.000000
628.000000
593.000000
664.000000
725.000000
832.000000
917.000000
920.000000
944.000000
1008.000000
978.000000
1053.000000
1060.000000
1053.000000
935.000000
925.000000
772.000000
816.000000
788.000000
740.000000
709.000000
637.000000
588.000000
545.000000
547.000000
573.000000
573.000000
617.000000
760.000000
775.000000
808.000000
886.000000
931.000000
928.000000
863.000000
891.000000
972.000000
876.000000
849.000000
751.000000
787.000000
757.000000
745.000000
694.000000
580.000000
567.000000
558.000000
550.000000
461.000000
479.000000
554.000000
562.000000
599.000000
643.000000
714.000000
777.000000
689.000000
712.000000
743.000000
780.000000
776.000000
704.000000
617.000000
602.000000
591.000000
553.000000
599.000000
540.000000
516.000000
501.000000
480.000000
427.000000
487.000000
467.000000
417.000000
474.000000
562.000000
552.000000
590.000000
585.000000
640.000000
691.000000
663.000000
665.000000
729.000000
687.000000
559.000000
491.000000
508.000000
