480.000000
472.000000
473.000000
497.000000
666.000000
601.000000
488.000000
463.000000
446.000000
669.000000
558.000000
484.000000
431.000000
416.000000
308.000000
291.000000
278.000000
289.000000
261.000000
310.000000
323.000000
403.000000
463.000000
486.000000
530.000000
548.000000
566.000000
586.000000
599.000000
591.000000
591.000000
469.000000
546.000000
508.000000
520.000000
490.000000
478.000000
433.000000
340.000000
345.000000
326.000000
337.000000
317.000000
292.000000
415.000000
464.000000
489.000000
593.000000
647.000000
726.000000
678.000000
737.000000
678.000000
772.000000
721.000000
690.000000
774.000000
1517.000000
1012.000000
762.000000
654.000000
486.000000
345.000000
309.000000
321.000000
355.000000
348.000000
387.000000
394.000000
504.000000
592.000000
614.000000
622.000000
618.000000
559.000000
636.000000
722.000000
703.000000
614.000000
662.000000
677.000000
946.000000
855.000000
1565.000000
745.000000
675.000000
583.000000
475.000000
461.000000
418.000000
475.000000
521.000000
596.000000
629.000000
699.000000
692.000000
762.000000
970.000000
1459.000000
1050.000000
971.000000
1333.000000
1002.000000
913.000000
916.000000
951.000000
958.000000
895.000000
756.000000
641.000000
519.000000
557.000000
570.000000
611.000000
567.000000
632.000000
742.000000
838.000000
839.000000
986.000000
929.000000
972.000000
914.000000
922.000000
913.000000
952.000000
985.000000
899.000000
943.000000
1243.000000
1260.000000
1161.000000
1008.000000
930.000000
929.000000
807.000000
805.000000
898.000000
976.000000
1079.000000
1273.000000
1358.000000
2013.000000
1920.000000
1927.000000
1819.000000
1708.000000
1820.000000
1711.000000
1789.000000
1886.000000
1806.000000
1735.000000
1925.000000
1847.000000
1789.000000
1759.000000
1462.000000
1371.000000
1385.000000
1286.000000
1311.000000
1414.000000
1639.000000
1834.000000
2112.000000
2423.000000
2445.000000
2738.000000
2631.000000
2570.000000
2462.000000
2503.000000
2561.000000
2508.000000
2490.000000
2524.000000
2327.000000
2368.000000
2309.000000
2158.000000
1945.000000
1661.000000
1457.000000
1403.000000
1486.000000
1361.000000
1511.000000
1639.000000
1899.000000
2151.000000
2355.000000
2675.000000
2619.000000
2487.000000
2460.000000
2396.000000
2401.000000
2652.000000
2458.000000
2357.000000
2279.000000
2366.000000
2270.000000
2093.000000
1797.000000
1672.000000
1384.000000
1277.000000
1246.000000
1322.000000
1352.000000
1444.000000
1603.000000
1877.000000
2060.000000
2193.000000
2567.000000
2633.000000
2598.000000
2495.000000
2507.000000
2518.000000
2528.000000
2249.000000
2358.000000
2199.000000
2157.000000
1879.000000
1665.000000
1494.000000
1296.000000
1223.000000
1106.000000
1088.000000
1103.000000
1226.000000
1485.000000
1567.000000
1704.000000
1769.000000
1721.000000
1612.000000
1513.000000
1422.000000
1547.000000
1477.000000
1445.000000
1206.000000
1336.000000
1274.000000
1330.000000
1238.000000
1075.000000
1011.000000
944.000000
853.000000
911.000000
812.000000
860.000000
896.000000
992.000000
1109.000000
1186.000000
1149.000000
1199.000000
1117.000000
1135.000000
1153.000000
1199.000000
1152.000000
1121.000000
1007.000000
1012.000000
1011.000000
1057.000000
1014.000000
917.000000
901.000000
787.000000
665.000000
634.000000
674.000000
611.000000
713.000000
756.000000
911.000000
856.000000
1022.000000
951.000000
907.000000
866.000000
917.000000
923.000000
903.000000
869.000000
725.000000
872.000000
844.000000
839.000000
770.000000
708.000000
644.000000
578.000000
597.000000
565.000000
587.000000
530.000000
640.000000
651.000000
685.000000
807.000000
748.000000
840.000000
778.000000
750.000000
812.000000
764.000000
812.000000
852.000000
694.000000
782.000000
835.000000
807.000000
735.000000
713.000000
636.000000
613.000000
537.000000
559.000000
582.000000
592.000000
648.000000
698.000000
739.000000
848.000000
903.000000
