971.000000
344.000000
232.000000
334.000000
155.000000
72.000000
69.000000
47.000000
50.000000
57.000000
82.000000
106.000000
228.000000
227.000000
220.000000
201.000000
219.000000
234.000000
282.000000
217.000000
251.000000
249.000000
295.000000
567.000000
435.000000
281.000000
270.000000
282.000000
113.000000
57.000000
67.000000
35.000000
28.000000
42.000000
64.000000
138.000000
142.000000
156.000000
180.000000
156.000000
160.000000
232.000000
226.000000
220.000000
240.000000
250.000000
247.000000
373.000000
752.000000
231.000000
265.000000
238.000000
199.000000
69.000000
55.000000
46.000000
39.000000
47.000000
51.000000
115.000000
107.000000
114.000000
152.000000
151.000000
154.000000
143.000000
241.000000
198.000000
355.000000
371.000000
272.000000
282.000000
503.000000
238.000000
218.000000
216.000000
107.000000
48.000000
52.000000
40.000000
37.000000
39.000000
71.000000
91.000000
83.000000
192.000000
159.000000
236.000000
169.000000
228.000000
203.000000
280.000000
199.000000
184.000000
189.000000
162.000000
219.000000
244.000000
346.000000
200.000000
155.000000
86.000000
52.000000
34.000000
26.000000
34.000000
64.000000
62.000000
110.000000
141.000000
148.000000
225.000000
198.000000
152.000000
497.000000
279.000000
238.000000
288.000000
280.000000
985.000000
1070.000000
607.000000
489.000000
336.000000
179.000000
82.000000
78.000000
63.000000
46.000000
72.000000
114.000000
187.000000
209.000000
205.000000
224.000000
339.000000
240.000000
280.000000
502.000000
441.000000
335.000000
338.000000
576.000000
674.000000
673.000000
491.000000
494.000000
354.000000
176.000000
132.000000
80.000000
68.000000
61.000000
59.000000
130.000000
170.000000
208.000000
256.000000
237.000000
216.000000
261.000000
264.000000
423.000000
379.000000
321.000000
313.000000
386.000000
780.000000
1192.000000
804.000000
581.000000
465.000000
239.000000
159.000000
83.000000
75.000000
59.000000
90.000000
139.000000
228.000000
252.000000
248.000000
228.000000
297.000000
284.000000
285.000000
492.000000
405.000000
351.000000
526.000000
520.000000
949.000000
877.000000
667.000000
617.000000
367.000000
284.000000
187.000000
102.000000
78.000000
64.000000
87.000000
155.000000
217.000000
270.000000
344.000000
327.000000
330.000000
368.000000
335.000000
307.000000
421.000000
409.000000
472.000000
592.000000
614.000000
715.000000
781.000000
490.000000
350.000000
385.000000
171.000000
122.000000
105.000000
99.000000
131.000000
353.000000
376.000000
424.000000
548.000000
506.000000
547.000000
506.000000
569.000000
580.000000
594.000000
711.000000
692.000000
572.000000
615.000000
797.000000
671.000000
526.000000
433.000000
326.000000
175.000000
140.000000
122.000000
79.000000
100.000000
148.000000
222.000000
286.000000
398.000000
389.000000
406.000000
367.000000
421.000000
524.000000
497.000000
535.000000
471.000000
451.000000
493.000000
546.000000
521.000000
445.000000
309.000000
229.000000
160.000000
105.000000
73.000000
57.000000
70.000000
99.000000
154.000000
205.000000
266.000000
279.000000
353.000000
391.000000
392.000000
364.000000
403.000000
451.000000
390.000000
456.000000
373.000000
384.000000
370.000000
304.000000
225.000000
156.000000
127.000000
99.000000
91.000000
97.000000
85.000000
121.000000
172.000000
211.000000
253.000000
235.000000
253.000000
275.000000
235.000000
239.000000
247.000000
192.000000
185.000000
208.000000
225.000000
189.000000
181.000000
155.000000
143.000000
97.000000
70.000000
52.000000
69.000000
44.000000
66.000000
69.000000
94.000000
125.000000
161.000000
161.000000
159.000000
162.000000
176.000000
171.000000
169.000000
151.000000
144.000000
156.000000
207.000000
167.000000
