299.000000
275.000000
208.000000
240.000000
190.000000
175.000000
194.000000
227.000000
248.000000
323.000000
329.000000
358.000000
374.000000
392.000000
364.000000
354.000000
349.000000
374.000000
350.000000
338.000000
321.000000
283.000000
328.000000
282.000000
312.000000
281.000000
220.000000
173.000000
185.000000
179.000000
192.000000
166.000000
219.000000
253.000000
562.000000
531.000000
503.000000
416.000000
421.000000
372.000000
325.000000
323.000000
300.000000
261.000000
316.000000
260.000000
232.000000
230.000000
267.000000
216.000000
172.000000
156.000000
153.000000
156.000000
137.000000
160.000000
188.000000
206.000000
219.000000
211.000000
266.000000
222.000000
199.000000
235.000000
235.000000
260.000000
176.000000
198.000000
204.000000
216.000000
213.000000
215.000000
229.000000
163.000000
163.000000
151.000000
162.000000
207.000000
175.000000
202.000000
211.000000
199.000000
253.000000
201.000000
236.000000
235.000000
265.000000
270.000000
265.000000
228.000000
254.000000
264.000000
236.000000
251.000000
204.000000
241.000000
218.000000
191.000000
164.000000
181.000000
170.000000
152.000000
171.000000
188.000000
222.000000
264.000000
345.000000
382.000000
400.000000
435.000000
421.000000
425.000000
462.000000
373.000000
381.000000
355.000000
347.000000
330.000000
420.000000
326.000000
286.000000
237.000000
307.000000
214.000000
217.000000
204.000000
236.000000
254.000000
348.000000
405.000000
437.000000
500.000000
617.000000
561.000000
526.000000
577.000000
662.000000
578.000000
515.000000
528.000000
658.000000
656.000000
621.000000
600.000000
1031.000000
612.000000
521.000000
605.000000
493.000000
450.000000
518.000000
708.000000
829.000000
930.000000
1047.000000
1792.000000
1911.000000
2213.000000
2490.000000
2728.000000
2963.000000
2915.000000
2588.000000
2585.000000
2809.000000
3293.000000
3316.000000
3442.000000
3492.000000
2961.000000
2532.000000
2246.000000
2038.000000
1946.000000
1960.000000
2247.000000
2480.000000
2597.000000
2750.000000
2758.000000
2687.000000
2701.000000
2906.000000
2903.000000
3159.000000
3011.000000
2592.000000
2647.000000
2945.000000
3112.000000
3304.000000
3303.000000
2946.000000
2543.000000
2205.000000
1984.000000
1734.000000
1611.000000
1651.000000
1868.000000
2161.000000
2378.000000
2448.000000
2398.000000
2399.000000
2295.000000
2419.000000
2512.000000
2717.000000
2633.000000
2810.000000
2485.000000
2579.000000
3114.000000
3223.000000
3230.000000
2981.000000
2721.000000
2265.000000
2127.000000
1840.000000
1732.000000
1679.000000
1884.000000
2038.000000
2337.000000
2308.000000
2504.000000
2325.000000
2243.000000
2361.000000
2631.000000
2665.000000
2717.000000
2412.000000
2507.000000
2525.000000
2748.000000
2995.000000
3053.000000
2750.000000
2479.000000
2295.000000
2004.000000
1704.000000
1570.000000
1629.000000
1693.000000
1831.000000
2025.000000
2141.000000
2154.000000
2231.000000
2262.000000
2209.000000
2375.000000
2521.000000
2651.000000
2386.000000
2273.000000
2626.000000
2868.000000
3449.000000
3431.000000
2789.000000
2407.000000
1939.000000
1620.000000
1352.000000
1249.000000
1289.000000
1289.000000
1522.000000
1763.000000
1751.000000
1872.000000
1796.000000
1782.000000
1935.000000
2046.000000
2176.000000
2048.000000
1981.000000
1952.000000
2021.000000
2297.000000
2465.000000
2471.000000
2379.000000
2030.000000
1747.000000
1438.000000
1246.000000
1174.000000
1177.000000
1250.000000
1437.000000
1475.000000
1567.000000
1536.000000
1809.000000
1642.000000
1690.000000
1732.000000
1749.000000
1811.000000
1819.000000
1738.000000
1830.000000
1864.000000
1895.000000
1971.000000
1866.000000
1530.000000
1308.000000
1179.000000
1078.000000
959.000000
999.000000
1041.000000
1225.000000
1356.000000
1338.000000
1421.000000
1364.000000
1337.000000
1306.000000
1422.000000
1414.000000
1547.000000
1537.000000
1472.000000
1604.000000
1813.000000
1994.000000
2074.000000
1791.000000
