4031.000000
3846.000000
3781.000000
3691.000000
3755.000000
5303.000000
4383.000000
3169.000000
2974.000000
3133.000000
3305.000000
3184.000000
3153.000000
3069.000000
3102.000000
2840.000000
2725.000000
2632.000000
2715.000000
3389.000000
3671.000000
4137.000000
3979.000000
3860.000000
4134.000000
3966.000000
3918.000000
3732.000000
3903.000000
3457.000000
3156.000000
3061.000000
2969.000000
3077.000000
3205.000000
3181.000000
3089.000000
2827.000000
2973.000000
2992.000000
2808.000000
3055.000000
3383.000000
3160.000000
3357.000000
3367.000000
3299.000000
3639.000000
3778.000000
3978.000000
3950.000000
3817.000000
3661.000000
3325.000000
3101.000000
3123.000000
3250.000000
3155.000000
3450.000000
3374.000000
3131.000000
3136.000000
3016.000000
3242.000000
3256.000000
3207.000000
3280.000000
3869.000000
5033.000000
5152.000000
4913.000000
5297.000000
5310.000000
5372.000000
5148.000000
4918.000000
5134.000000
4604.000000
4396.000000
4205.000000
4200.000000
4895.000000
5000.000000
10910.000000
10708.000000
9193.000000
8691.000000
7608.000000
7802.000000
8046.000000
8848.000000
10295.000000
11415.000000
12404.000000
12398.000000
13074.000000
12823.000000
12349.000000
11360.000000
11940.000000
12266.000000
12548.000000
11868.000000
10551.000000
10034.000000
10495.000000
9897.000000
10010.000000
9870.000000
9810.000000
10371.000000
9959.000000
10049.000000
10245.000000
10481.000000
11692.000000
12428.000000
13166.000000
14232.000000
14004.000000
13124.000000
12539.000000
10993.000000
10843.000000
10820.000000
11384.000000
10588.000000
9273.000000
8749.000000
8791.000000
9231.000000
9370.000000
9591.000000
9865.000000
10105.000000
9858.000000
9924.000000
9969.000000
9887.000000
11362.000000
12322.000000
13984.000000
14486.000000
14876.000000
14532.000000
13479.000000
13372.000000
12982.000000
12689.000000
13083.000000
11926.000000
11032.000000
11382.000000
14961.000000
17617.000000
18160.000000
19506.000000
18920.000000
17501.000000
16117.000000
15653.000000
14731.000000
15390.000000
16965.000000
18800.000000
21336.000000
22066.000000
22965.000000
23662.000000
22561.000000
22141.000000
21109.000000
19724.000000
19217.000000
18447.000000
16863.000000
16666.000000
18487.000000
20181.000000
21113.000000
21535.000000
20883.000000
19156.000000
17553.000000
15999.000000
14583.000000
13725.000000
14368.000000
15804.000000
17359.000000
19842.000000
21437.000000
21350.000000
20797.000000
19891.000000
19142.000000
18528.000000
18596.000000
18084.000000
16871.000000
16464.000000
17643.000000
18902.000000
19208.000000
19529.000000
18821.000000
17448.000000
15569.000000
14585.000000
13891.000000
13414.000000
14116.000000
15207.000000
16275.000000
17948.000000
19205.000000
21292.000000
22062.000000
22293.000000
21715.000000
20153.000000
19924.000000
19597.000000
17974.000000
18388.000000
19507.000000
19593.000000
18698.000000
17668.000000
16568.000000
15284.000000
13716.000000
12754.000000
12254.000000
12406.000000
13822.000000
15550.000000
17044.000000
17661.000000
17431.000000
17233.000000
16530.000000
15491.000000
14253.000000
13677.000000
13146.000000
12123.000000
11605.000000
11266.000000
11262.000000
12328.000000
12011.000000
11633.000000
11038.000000
10280.000000
9511.000000
8844.000000
8554.000000
9243.000000
9905.000000
10543.000000
11188.000000
11834.000000
12071.000000
12089.000000
11959.000000
11853.000000
11032.000000
10884.000000
10544.000000
9861.000000
9303.000000
8912.000000
10014.000000
10890.000000
10906.000000
10843.000000
10051.000000
9099.000000
8265.000000
7860.000000
7698.000000
7642.000000
8576.000000
8736.000000
9358.000000
9622.000000
9852.000000
9982.000000
10009.000000
9526.000000
9269.000000
8518.000000
8825.000000
8046.000000
7302.000000
7099.000000
7686.000000
8338.000000
8272.000000
8211.000000
7880.000000
7258.000000
6672.000000
6238.000000
6134.000000
6049.000000
6607.000000
7035.000000
7777.000000
8068.000000
8426.000000
8267.000000
8066.000000
7801.000000
8116.000000
7566.000000
7056.000000
6612.000000
6025.000000
5898.000000
6747.000000
6909.000000
7108.000000
6822.000000
6518.000000
6219.000000
5647.000000
5373.000000
5324.000000
5395.000000
5578.000000
6317.000000
7793.000000
8070.000000
7646.000000
7969.000000
