415.000000
436.000000
455.000000
460.000000
503.000000
455.000000
581.000000
496.000000
793.000000
712.000000
653.000000
575.000000
499.000000
410.000000
352.000000
302.000000
269.000000
280.000000
235.000000
337.000000
391.000000
448.000000
562.000000
652.000000
809.000000
820.000000
656.000000
726.000000
802.000000
1046.000000
969.000000
814.000000
777.000000
817.000000
711.000000
685.000000
637.000000
563.000000
433.000000
360.000000
366.000000
340.000000
310.000000
385.000000
546.000000
568.000000
560.000000
730.000000
728.000000
771.000000
759.000000
788.000000
823.000000
826.000000
908.000000
780.000000
932.000000
809.000000
871.000000
754.000000
652.000000
519.000000
447.000000
396.000000
335.000000
348.000000
330.000000
471.000000
543.000000
596.000000
770.000000
799.000000
775.000000
884.000000
853.000000
960.000000
835.000000
824.000000
935.000000
866.000000
853.000000
930.000000
888.000000
663.000000
689.000000
556.000000
421.000000
435.000000
380.000000
335.000000
410.000000
502.000000
566.000000
685.000000
729.000000
745.000000
853.000000
884.000000
825.000000
884.000000
847.000000
880.000000
884.000000
885.000000
946.000000
927.000000
860.000000
729.000000
674.000000
573.000000
463.000000
436.000000
371.000000
320.000000
433.000000
466.000000
538.000000
627.000000
779.000000
868.000000
872.000000
961.000000
1036.000000
1078.000000
1034.000000
1029.000000
952.000000
991.000000
998.000000
961.000000
981.000000
977.000000
956.000000
793.000000
590.000000
527.000000
472.000000
464.000000
593.000000
659.000000
808.000000
941.000000
1046.000000
1218.000000
1286.000000
1393.000000
1488.000000
1469.000000
1431.000000
1584.000000
1757.000000
1828.000000
2040.000000
2522.000000
2817.000000
3193.000000
2943.000000
2130.000000
1842.000000
1465.000000
1236.000000
1081.000000
1238.000000
1446.000000
1766.000000
2003.000000
2281.000000
2656.000000
3473.000000
3190.000000
3295.000000
3129.000000
3069.000000
2939.000000
2817.000000
2629.000000
2646.000000
2645.000000
2492.000000
2477.000000
2285.000000
1838.000000
1609.000000
1254.000000
1077.000000
977.000000
893.000000
1033.000000
1338.000000
1646.000000
1979.000000
2068.000000
2102.000000
2332.000000
2587.000000
2403.000000
2222.000000
2099.000000
2083.000000
2022.000000
1961.000000
1943.000000
2037.000000
1989.000000
1755.000000
1445.000000
1210.000000
1020.000000
871.000000
775.000000
814.000000
844.000000
1071.000000
1307.000000
1621.000000
1860.000000
2031.000000
2093.000000
2084.000000
2067.000000
1982.000000
2063.000000
1952.000000
1849.000000
1903.000000
1893.000000
1838.000000
1650.000000
1471.000000
1252.000000
1038.000000
839.000000
838.000000
653.000000
754.000000
937.000000
1049.000000
1288.000000
1441.000000
1606.000000
1574.000000
1660.000000
1485.000000
1568.000000
1556.000000
1508.000000
1406.000000
1293.000000
1395.000000
1360.000000
1410.000000
1234.000000
1095.000000
916.000000
808.000000
648.000000
579.000000
534.000000
495.000000
635.000000
821.000000
915.000000
979.000000
1138.000000
1193.000000
1082.000000
1140.000000
1166.000000
1138.000000
1099.000000
1064.000000
1036.000000
1133.000000
1146.000000
1205.000000
1114.000000
990.000000
827.000000
603.000000
544.000000
426.000000
379.000000
453.000000
479.000000
580.000000
737.000000
723.000000
822.000000
888.000000
927.000000
906.000000
892.000000
773.000000
891.000000
897.000000
869.000000
869.000000
1051.000000
992.000000
849.000000
746.000000
598.000000
544.000000
433.000000
399.000000
410.000000
401.000000
433.000000
512.000000
636.000000
793.000000
749.000000
785.000000
852.000000
859.000000
840.000000
856.000000
840.000000
911.000000
919.000000
829.000000
890.000000
841.000000
823.000000
739.000000
584.000000
525.000000
469.000000
413.000000
378.000000
421.000000
473.000000
611.000000
692.000000
723.000000
834.000000
827.000000
