590.000000
558.000000
624.000000
666.000000
491.000000
488.000000
460.000000
430.000000
492.000000
423.000000
401.000000
323.000000
282.000000
232.000000
234.000000
254.000000
288.000000
291.000000
365.000000
409.000000
502.000000
507.000000
430.000000
467.000000
497.000000
443.000000
588.000000
465.000000
439.000000
420.000000
664.000000
653.000000
676.000000
394.000000
434.000000
337.000000
361.000000
302.000000
304.000000
318.000000
308.000000
321.000000
358.000000
467.000000
527.000000
505.000000
508.000000
654.000000
1066.000000
671.000000
802.000000
1073.000000
1072.000000
657.000000
639.000000
668.000000
1501.000000
631.000000
430.000000
427.000000
340.000000
337.000000
320.000000
304.000000
357.000000
452.000000
510.000000
504.000000
581.000000
630.000000
635.000000
656.000000
734.000000
695.000000
734.000000
648.000000
625.000000
594.000000
719.000000
674.000000
627.000000
602.000000
502.000000
778.000000
369.000000
345.000000
355.000000
386.000000
430.000000
703.000000
556.000000
670.000000
635.000000
729.000000
731.000000
773.000000
1045.000000
945.000000
831.000000
855.000000
848.000000
712.000000
742.000000
882.000000
877.000000
812.000000
828.000000
682.000000
823.000000
754.000000
703.000000
680.000000
783.000000
820.000000
967.000000
929.000000
988.000000
1105.000000
1081.000000
1249.000000
1237.000000
1120.000000
1122.000000
1176.000000
986.000000
971.000000
1141.000000
1209.000000
1184.000000
1030.000000
952.000000
990.000000
766.000000
826.000000
741.000000
805.000000
831.000000
990.000000
1132.000000
1155.000000
1272.000000
1425.000000
1407.000000
1360.000000
1431.000000
1499.000000
1425.000000
1357.000000
1261.000000
1320.000000
1335.000000
2226.000000
1601.000000
1447.000000
1429.000000
1274.000000
1248.000000
1089.000000
1061.000000
952.000000
1149.000000
1397.000000
1623.000000
1869.000000
2169.000000
2360.000000
2446.000000
2446.000000
2986.000000
2512.000000
2301.000000
2266.000000
2226.000000
2092.000000
2029.000000
2077.000000
2180.000000
2215.000000
1713.000000
1486.000000
1367.000000
1218.000000
1071.000000
1044.000000
1162.000000
1286.000000
1432.000000
1649.000000
1805.000000
1742.000000
1833.000000
1867.000000
1941.000000
1880.000000
1980.000000
1841.000000
1880.000000
1885.000000
1735.000000
1793.000000
1912.000000
1732.000000
1619.000000
1422.000000
1320.000000
1133.000000
992.000000
927.000000
938.000000
1003.000000
1140.000000
1225.000000
1474.000000
1604.000000
1647.000000
1708.000000
1755.000000
1777.000000
1717.000000
1690.000000
1601.000000
1488.000000
1584.000000
1493.000000
1513.000000
1319.000000
1142.000000
943.000000
935.000000
885.000000
838.000000
803.000000
816.000000
990.000000
1114.000000
1355.000000
1335.000000
1395.000000
1332.000000
1821.000000
1466.000000
1374.000000
1353.000000
1205.000000
1062.000000
1025.000000
907.000000
1011.000000
986.000000
918.000000
762.000000
680.000000
681.000000
548.000000
566.000000
551.000000
600.000000
676.000000
767.000000
880.000000
998.000000
946.000000
924.000000
983.000000
885.000000
929.000000
935.000000
861.000000
817.000000
822.000000
802.000000
836.000000
849.000000
763.000000
674.000000
617.000000
535.000000
514.000000
441.000000
509.000000
497.000000
512.000000
597.000000
706.000000
769.000000
739.000000
762.000000
761.000000
720.000000
751.000000
739.000000
681.000000
653.000000
613.000000
656.000000
698.000000
699.000000
618.000000
538.000000
515.000000
467.000000
419.000000
446.000000
448.000000
473.000000
529.000000
530.000000
558.000000
672.000000
620.000000
602.000000
669.000000
665.000000
722.000000
704.000000
667.000000
677.000000
577.000000
568.000000
647.000000
566.000000
566.000000
483.000000
423.000000
431.000000
417.000000
398.000000
393.000000
451.000000
504.000000
530.000000
625.000000
728.000000
772.000000
714.000000
733.000000
731.000000
