405.000000
420.000000
256.000000
210.000000
184.000000
130.000000
142.000000
150.000000
168.000000
182.000000
197.000000
283.000000
281.000000
307.000000
314.000000
315.000000
364.000000
354.000000
352.000000
335.000000
373.000000
648.000000
407.000000
538.000000
401.000000
270.000000
267.000000
199.000000
172.000000
127.000000
120.000000
146.000000
155.000000
189.000000
257.000000
234.000000
265.000000
329.000000
290.000000
342.000000
404.000000
375.000000
385.000000
316.000000
314.000000
358.000000
456.000000
459.000000
2778.000000
592.000000
340.000000
214.000000
218.000000
141.000000
143.000000
149.000000
180.000000
194.000000
253.000000
267.000000
302.000000
269.000000
310.000000
343.000000
318.000000
344.000000
326.000000
338.000000
367.000000
376.000000
534.000000
466.000000
356.000000
297.000000
234.000000
204.000000
186.000000
176.000000
134.000000
113.000000
181.000000
215.000000
222.000000
274.000000
311.000000
337.000000
328.000000
365.000000
494.000000
424.000000
405.000000
342.000000
445.000000
507.000000
490.000000
513.000000
455.000000
484.000000
535.000000
286.000000
303.000000
228.000000
170.000000
200.000000
229.000000
308.000000
346.000000
501.000000
460.000000
458.000000
457.000000
534.000000
537.000000
497.000000
482.000000
443.000000
551.000000
500.000000
479.000000
627.000000
596.000000
627.000000
474.000000
408.000000
292.000000
214.000000
183.000000
201.000000
289.000000
371.000000
451.000000
566.000000
595.000000
717.000000
756.000000
738.000000
758.000000
648.000000
622.000000
637.000000
574.000000
653.000000
699.000000
673.000000
583.000000
576.000000
428.000000
313.000000
242.000000
185.000000
180.000000
197.000000
297.000000
313.000000
380.000000
450.000000
481.000000
532.000000
532.000000
580.000000
609.000000
593.000000
532.000000
609.000000
681.000000
802.000000
1012.000000
678.000000
4426.000000
754.000000
591.000000
404.000000
304.000000
263.000000
210.000000
284.000000
313.000000
390.000000
440.000000
532.000000
622.000000
645.000000
724.000000
737.000000
725.000000
679.000000
644.000000
684.000000
881.000000
851.000000
1259.000000
969.000000
826.000000
649.000000
530.000000
383.000000
389.000000
367.000000
292.000000
299.000000
428.000000
476.000000
654.000000
788.000000
758.000000
916.000000
860.000000
951.000000
914.000000
916.000000
925.000000
775.000000
925.000000
1014.000000
1222.000000
1142.000000
1131.000000
942.000000
725.000000
656.000000
504.000000
420.000000
406.000000
418.000000
544.000000
683.000000
859.000000
971.000000
1004.000000
1152.000000
1613.000000
1994.000000
1712.000000
1536.000000
1433.000000
1294.000000
1443.000000
1652.000000
1772.000000
1802.000000
1732.000000
1562.000000
1261.000000
961.000000
800.000000
647.000000
597.000000
653.000000
974.000000
1242.000000
1495.000000
1648.000000
1804.000000
1862.000000
1986.000000
2197.000000
2074.000000
2088.000000
1949.000000
1910.000000
2039.000000
2301.000000
2448.000000
2419.000000
2150.000000
1920.000000
1601.000000
1646.000000
1374.000000
1009.000000
828.000000
758.000000
961.000000
1140.000000
1434.000000
1530.000000
1763.000000
1850.000000
1922.000000
1825.000000
1891.000000
1910.000000
1732.000000
1707.000000
1739.000000
1762.000000
1897.000000
1928.000000
1867.000000
1657.000000
1442.000000
1076.000000
839.000000
600.000000
553.000000
489.000000
583.000000
680.000000
908.000000
1068.000000
1172.000000
1332.000000
1560.000000
1476.000000
1509.000000
1522.000000
1554.000000
1565.000000
1632.000000
1609.000000
1640.000000
1652.000000
1443.000000
1290.000000
1083.000000
781.000000
642.000000
509.000000
435.000000
524.000000
666.000000
938.000000
1042.000000
1095.000000
1160.000000
1238.000000
1299.000000
1357.000000
1419.000000
1219.000000
1239.000000
1156.000000
1098.000000
1243.000000
1302.000000
1223.000000
1115.000000
