330.000000
381.000000
567.000000
547.000000
444.000000
409.000000
290.000000
280.000000
254.000000
247.000000
256.000000
242.000000
198.000000
155.000000
132.000000
154.000000
139.000000
132.000000
155.000000
161.000000
162.000000
178.000000
191.000000
199.000000
200.000000
231.000000
170.000000
206.000000
219.000000
203.000000
158.000000
185.000000
195.000000
321.000000
175.000000
199.000000
108.000000
109.000000
80.000000
84.000000
98.000000
107.000000
111.000000
123.000000
155.000000
165.000000
145.000000
185.000000
172.000000
181.000000
201.000000
198.000000
266.000000
221.000000
223.000000
249.000000
270.000000
299.000000
187.000000
162.000000
142.000000
116.000000
114.000000
79.000000
138.000000
131.000000
147.000000
157.000000
179.000000
177.000000
167.000000
206.000000
203.000000
262.000000
210.000000
245.000000
229.000000
194.000000
192.000000
372.000000
265.000000
258.000000
231.000000
217.000000
151.000000
111.000000
101.000000
129.000000
136.000000
121.000000
177.000000
186.000000
178.000000
210.000000
248.000000
556.000000
267.000000
272.000000
292.000000
270.000000
245.000000
272.000000
271.000000
244.000000
409.000000
363.000000
280.000000
254.000000
213.000000
160.000000
133.000000
130.000000
179.000000
157.000000
201.000000
296.000000
256.000000
317.000000
337.000000
293.000000
311.000000
304.000000
332.000000
315.000000
313.000000
424.000000
332.000000
421.000000
425.000000
394.000000
359.000000
368.000000
285.000000
255.000000
209.000000
198.000000
245.000000
315.000000
461.000000
453.000000
615.000000
615.000000
632.000000
639.000000
584.000000
577.000000
590.000000
547.000000
524.000000
531.000000
504.000000
543.000000
632.000000
590.000000
548.000000
541.000000
394.000000
374.000000
298.000000
317.000000
280.000000
348.000000
492.000000
551.000000
772.000000
848.000000
807.000000
846.000000
1116.000000
844.000000
865.000000
827.000000
873.000000
771.000000
780.000000
823.000000
967.000000
862.000000
894.000000
844.000000
597.000000
448.000000
429.000000
325.000000
325.000000
307.000000
395.000000
456.000000
521.000000
555.000000
639.000000
652.000000
717.000000
653.000000
711.000000
765.000000
828.000000
803.000000
798.000000
823.000000
874.000000
956.000000
963.000000
822.000000
579.000000
473.000000
354.000000
291.000000
316.000000
299.000000
375.000000
466.000000
479.000000
582.000000
688.000000
749.000000
896.000000
841.000000
982.000000
1039.000000
990.000000
1008.000000
1078.000000
1005.000000
1006.000000
999.000000
840.000000
676.000000
501.000000
445.000000
308.000000
289.000000
287.000000
322.000000
368.000000
484.000000
623.000000
631.000000
646.000000
617.000000
618.000000
604.000000
588.000000
600.000000
538.000000
534.000000
509.000000
459.000000
477.000000
427.000000
427.000000
419.000000
312.000000
215.000000
243.000000
217.000000
210.000000
222.000000
235.000000
268.000000
326.000000
354.000000
373.000000
361.000000
417.000000
371.000000
453.000000
462.000000
425.000000
453.000000
382.000000
395.000000
451.000000
446.000000
447.000000
394.000000
286.000000
255.000000
192.000000
186.000000
154.000000
202.000000
239.000000
254.000000
301.000000
325.000000
290.000000
266.000000
314.000000
401.000000
354.000000
363.000000
328.000000
353.000000
323.000000
325.000000
394.000000
372.000000
302.000000
278.000000
213.000000
179.000000
162.000000
140.000000
134.000000
162.000000
179.000000
173.000000
238.000000
248.000000
274.000000
285.000000
266.000000
305.000000
318.000000
369.000000
336.000000
347.000000
303.000000
373.000000
353.000000
358.000000
312.000000
266.000000
241.000000
163.000000
160.000000
130.000000
129.000000
174.000000
169.000000
208.000000
211.000000
256.000000
261.000000
322.000000
287.000000
