150.000000
135.000000
145.000000
125.000000
112.000000
148.000000
128.000000
138.000000
107.000000
109.000000
84.000000
89.000000
102.000000
131.000000
101.000000
102.000000
139.000000
133.000000
175.000000
206.000000
194.000000
195.000000
173.000000
199.000000
225.000000
299.000000
226.000000
172.000000
165.000000
151.000000
181.000000
153.000000
163.000000
173.000000
135.000000
124.000000
111.000000
117.000000
97.000000
153.000000
114.000000
144.000000
157.000000
173.000000
163.000000
184.000000
205.000000
184.000000
165.000000
172.000000
136.000000
155.000000
144.000000
156.000000
179.000000
142.000000
158.000000
164.000000
121.000000
132.000000
116.000000
103.000000
81.000000
115.000000
120.000000
145.000000
137.000000
174.000000
201.000000
200.000000
190.000000
181.000000
178.000000
165.000000
176.000000
154.000000
181.000000
154.000000
151.000000
171.000000
150.000000
144.000000
136.000000
141.000000
122.000000
109.000000
129.000000
131.000000
161.000000
191.000000
206.000000
206.000000
266.000000
250.000000
216.000000
261.000000
295.000000
309.000000
273.000000
273.000000
233.000000
237.000000
235.000000
183.000000
243.000000
652.000000
252.000000
361.000000
301.000000
233.000000
271.000000
326.000000
388.000000
462.000000
542.000000
606.000000
519.000000
593.000000
658.000000
661.000000
608.000000
502.000000
464.000000
429.000000
365.000000
359.000000
410.000000
410.000000
417.000000
411.000000
347.000000
269.000000
259.000000
258.000000
261.000000
355.000000
436.000000
576.000000
578.000000
559.000000
481.000000
554.000000
550.000000
539.000000
603.000000
459.000000
430.000000
452.000000
339.000000
385.000000
387.000000
426.000000
391.000000
441.000000
370.000000
296.000000
287.000000
299.000000
318.000000
443.000000
434.000000
630.000000
651.000000
720.000000
780.000000
839.000000
767.000000
843.000000
1184.000000
761.000000
728.000000
714.000000
587.000000
556.000000
627.000000
591.000000
520.000000
516.000000
432.000000
418.000000
379.000000
384.000000
373.000000
649.000000
745.000000
812.000000
910.000000
950.000000
1051.000000
1106.000000
1119.000000
999.000000
972.000000
798.000000
739.000000
616.000000
612.000000
639.000000
651.000000
651.000000
570.000000
570.000000
520.000000
439.000000
423.000000
377.000000
381.000000
397.000000
510.000000
534.000000
623.000000
660.000000
710.000000
718.000000
651.000000
609.000000
612.000000
571.000000
531.000000
484.000000
443.000000
526.000000
539.000000
536.000000
533.000000
474.000000
445.000000
360.000000
354.000000
294.000000
331.000000
377.000000
393.000000
474.000000
450.000000
514.000000
609.000000
623.000000
719.000000
743.000000
606.000000
627.000000
607.000000
619.000000
573.000000
629.000000
649.000000
558.000000
524.000000
519.000000
422.000000
412.000000
424.000000
379.000000
571.000000
799.000000
828.000000
854.000000
813.000000
848.000000
859.000000
803.000000
773.000000
774.000000
852.000000
782.000000
608.000000
566.000000
513.000000
569.000000
546.000000
589.000000
569.000000
474.000000
438.000000
408.000000
327.000000
351.000000
366.000000
391.000000
481.000000
575.000000
566.000000
581.000000
557.000000
528.000000
546.000000
528.000000
533.000000
461.000000
395.000000
341.000000
425.000000
370.000000
365.000000
342.000000
375.000000
360.000000
346.000000
262.000000
264.000000
262.000000
277.000000
314.000000
416.000000
453.000000
433.000000
453.000000
419.000000
443.000000
461.000000
459.000000
463.000000
437.000000
387.000000
327.000000
296.000000
345.000000
368.000000
347.000000
313.000000
291.000000
292.000000
286.000000
257.000000
245.000000
259.000000
313.000000
349.000000
459.000000
427.000000
507.000000
516.000000
501.000000
502.000000
421.000000
411.000000
