5128.000000
5016.000000
4789.000000
4658.000000
4348.000000
4363.000000
3934.000000
3653.000000
4277.000000
4585.000000
4688.000000
4886.000000
4196.000000
4150.000000
3855.000000
3588.000000
3435.000000
3601.000000
3643.000000
3871.000000
4134.000000
4587.000000
5529.000000
5455.000000
5705.000000
5405.000000
5387.000000
5137.000000
4852.000000
4635.000000
4394.000000
4282.000000
4395.000000
4643.000000
4807.000000
4842.000000
5141.000000
4743.000000
4576.000000
4711.000000
4392.000000
4445.000000
4406.000000
4575.000000
5657.000000
5774.000000
6242.000000
6736.000000
7163.000000
7140.000000
7339.000000
6887.000000
6658.000000
6241.000000
6133.000000
6117.000000
6624.000000
6837.000000
7252.000000
7645.000000
7824.000000
7322.000000
7013.000000
6838.000000
6890.000000
6925.000000
7576.000000
8401.000000
9578.000000
10893.000000
11405.000000
11973.000000
12380.000000
12200.000000
11654.000000
10649.000000
10324.000000
9401.000000
8716.000000
9020.000000
10920.000000
13392.000000
15058.000000
15881.000000
15868.000000
15510.000000
16365.000000
15665.000000
14858.000000
15209.000000
16583.000000
19522.000000
22191.000000
23922.000000
24639.000000
24746.000000
25614.000000
24190.000000
22086.000000
21568.000000
21077.000000
20073.000000
28054.000000
28707.000000
28169.000000
29833.000000
29511.000000
29809.000000
29893.000000
30076.000000
30798.000000
33601.000000
33034.000000
33480.000000
38480.000000
46864.000000
50438.000000
54001.000000
55009.000000
56696.000000
50592.000000
43855.000000
38310.000000
34526.000000
32610.000000
32189.000000
32806.000000
33662.000000
35279.000000
36843.000000
42355.000000
37352.000000
37566.000000
37335.000000
38428.000000
36968.000000
36315.000000
36438.000000
37924.000000
42015.000000
44548.000000
47893.000000
49190.000000
50607.000000
51319.000000
49330.000000
46012.000000
42740.000000
40782.000000
42671.000000
42209.000000
38216.000000
36542.000000
42494.000000
53266.000000
58233.000000
57543.000000
59996.000000
58997.000000
55550.000000
53786.000000
52646.000000
54388.000000
60533.000000
67310.000000
73291.000000
76169.000000
77147.000000
78084.000000
76279.000000
72677.000000
67569.000000
60785.000000
57598.000000
52134.000000
45587.000000
43764.000000
47302.000000
52594.000000
54934.000000
54678.000000
54412.000000
53628.000000
50677.000000
48019.000000
46591.000000
45256.000000
47195.000000
51633.000000
55435.000000
58458.000000
60293.000000
63504.000000
60246.000000
58691.000000
54986.000000
49808.000000
47281.000000
46353.000000
43280.000000
43751.000000
45255.000000
48999.000000
51242.000000
52146.000000
50969.000000
48033.000000
46529.000000
43513.000000
40832.000000
40333.000000
42208.000000
45657.000000
50007.000000
54746.000000
60232.000000
69578.000000
71292.000000
67578.000000
63229.000000
57884.000000
54426.000000
52998.000000
50452.000000
52224.000000
54904.000000
57506.000000
56264.000000
54496.000000
51903.000000
47807.000000
43952.000000
40769.000000
39098.000000
40370.000000
46182.000000
50005.000000
54723.000000
56839.000000
59809.000000
60759.000000
57621.000000
53739.000000
50143.000000
44702.000000
40792.000000
37773.000000
34403.000000
33360.000000
35620.000000
39963.000000
39706.000000
38418.000000
37545.000000
35095.000000
33581.000000
32786.000000
32523.000000
32850.000000
36488.000000
38475.000000
42012.000000
43346.000000
44174.000000
45917.000000
42841.000000
41289.000000
36402.000000
33216.000000
31610.000000
28719.000000
26999.000000
26480.000000
29412.000000
31962.000000
32700.000000
32766.000000
31800.000000
29896.000000
26993.000000
26213.000000
25480.000000
25916.000000
27300.000000
30039.000000
32148.000000
34012.000000
34312.000000
34529.000000
35298.000000
30914.000000
28753.000000
26700.000000
26316.000000
24036.000000
21843.000000
21958.000000
23711.000000
25510.000000
26219.000000
25733.000000
24621.000000
23442.000000
21722.000000
20978.000000
21061.000000
21717.000000
23165.000000
24658.000000
26819.000000
27786.000000
28912.000000
29146.000000
28806.000000
27901.000000
25084.000000
24277.000000
22643.000000
20865.000000
19874.000000
20171.000000
20799.000000
22933.000000
23293.000000
23097.000000
22454.000000
21179.000000
19844.000000
18826.000000
19211.000000
19377.000000
21324.000000
22555.000000
24883.000000
26078.000000
27577.000000
28998.000000
