409.000000
341.000000
315.000000
423.000000
389.000000
388.000000
405.000000
413.000000
339.000000
257.000000
256.000000
202.000000
154.000000
141.000000
110.000000
163.000000
180.000000
189.000000
199.000000
414.000000
387.000000
447.000000
365.000000
282.000000
335.000000
353.000000
377.000000
440.000000
415.000000
470.000000
507.000000
520.000000
550.000000
397.000000
273.000000
217.000000
173.000000
145.000000
153.000000
162.000000
217.000000
228.000000
250.000000
368.000000
432.000000
451.000000
385.000000
487.000000
421.000000
442.000000
548.000000
583.000000
738.000000
919.000000
727.000000
729.000000
529.000000
367.000000
318.000000
211.000000
207.000000
168.000000
150.000000
183.000000
306.000000
364.000000
406.000000
446.000000
460.000000
471.000000
633.000000
714.000000
677.000000
643.000000
649.000000
655.000000
642.000000
841.000000
1075.000000
1116.000000
679.000000
562.000000
477.000000
304.000000
238.000000
224.000000
193.000000
265.000000
428.000000
761.000000
822.000000
608.000000
662.000000
654.000000
629.000000
551.000000
704.000000
640.000000
588.000000
820.000000
826.000000
1182.000000
1005.000000
853.000000
826.000000
715.000000
481.000000
425.000000
349.000000
289.000000
257.000000
327.000000
379.000000
707.000000
701.000000
652.000000
657.000000
633.000000
600.000000
604.000000
723.000000
667.000000
784.000000
711.000000
699.000000
627.000000
899.000000
758.000000
626.000000
663.000000
618.000000
395.000000
364.000000
269.000000
269.000000
326.000000
437.000000
616.000000
772.000000
779.000000
751.000000
787.000000
861.000000
951.000000
917.000000
880.000000
872.000000
938.000000
978.000000
1065.000000
1178.000000
1183.000000
1147.000000
1084.000000
902.000000
700.000000
589.000000
540.000000
443.000000
578.000000
727.000000
866.000000
1281.000000
1340.000000
1438.000000
1416.000000
1340.000000
1416.000000
1482.000000
1422.000000
1343.000000
1392.000000
1235.000000
1301.000000
1420.000000
1442.000000
1422.000000
1312.000000
1016.000000
832.000000
656.000000
500.000000
467.000000
505.000000
570.000000
764.000000
933.000000
1056.000000
1108.000000
1315.000000
1109.000000
1062.000000
1065.000000
1158.000000
1107.000000
1234.000000
1243.000000
1215.000000
1172.000000
1353.000000
1325.000000
1147.000000
952.000000
731.000000
566.000000
466.000000
403.000000
410.000000
530.000000
665.000000
816.000000
854.000000
1117.000000
1160.000000
1235.000000
1230.000000
1322.000000
1213.000000
1282.000000
1422.000000
1308.000000
1287.000000
1332.000000
1372.000000
1209.000000
1092.000000
878.000000
665.000000
553.000000
399.000000
458.000000
488.000000
679.000000
834.000000
958.000000
988.000000
1003.000000
1133.000000
1113.000000
1114.000000
1066.000000
1284.000000
1013.000000
1038.000000
980.000000
974.000000
896.000000
891.000000
793.000000
750.000000
568.000000
449.000000
394.000000
328.000000
297.000000
297.000000
376.000000
507.000000
693.000000
746.000000
873.000000
823.000000
880.000000
844.000000
1017.000000
789.000000
894.000000
888.000000
858.000000
922.000000
997.000000
961.000000
836.000000
783.000000
709.000000
494.000000
400.000000
333.000000
266.000000
263.000000
306.000000
421.000000
506.000000
623.000000
654.000000
633.000000
741.000000
680.000000
755.000000
736.000000
719.000000
757.000000
679.000000
712.000000
650.000000
661.000000
637.000000
517.000000
446.000000
394.000000
296.000000
265.000000
231.000000
301.000000
379.000000
460.000000
549.000000
594.000000
664.000000
740.000000
738.000000
818.000000
785.000000
898.000000
1003.000000
768.000000
674.000000
656.000000
715.000000
689.000000
579.000000
489.000000
455.000000
356.000000
292.000000
257.000000
265.000000
254.000000
359.000000
439.000000
529.000000
584.000000
571.000000
724.000000
641.000000
555.000000
656.000000
