1099.000000
1246.000000
1141.000000
902.000000
894.000000
656.000000
447.000000
434.000000
394.000000
390.000000
407.000000
484.000000
714.000000
838.000000
791.000000
760.000000
715.000000
937.000000
766.000000
753.000000
823.000000
860.000000
896.000000
1182.000000
1256.000000
1185.000000
1068.000000
924.000000
797.000000
703.000000
455.000000
418.000000
392.000000
349.000000
406.000000
430.000000
564.000000
620.000000
618.000000
801.000000
740.000000
851.000000
840.000000
841.000000
808.000000
765.000000
766.000000
1116.000000
1087.000000
1297.000000
1413.000000
1074.000000
754.000000
620.000000
491.000000
392.000000
358.000000
379.000000
365.000000
594.000000
688.000000
805.000000
846.000000
982.000000
848.000000
881.000000
969.000000
1037.000000
1008.000000
1173.000000
1099.000000
1216.000000
1295.000000
1664.000000
1412.000000
1149.000000
1131.000000
836.000000
595.000000
478.000000
441.000000
463.000000
512.000000
637.000000
708.000000
949.000000
1151.000000
1066.000000
997.000000
1045.000000
1092.000000
1079.000000
1024.000000
1099.000000
1027.000000
1026.000000
1187.000000
1673.000000
1276.000000
1105.000000
984.000000
755.000000
579.000000
419.000000
442.000000
402.000000
472.000000
558.000000
749.000000
909.000000
983.000000
1194.000000
1021.000000
1110.000000
1014.000000
1475.000000
1422.000000
1082.000000
1114.000000
960.000000
1213.000000
1164.000000
1208.000000
1027.000000
890.000000
697.000000
538.000000
511.000000
444.000000
419.000000
459.000000
527.000000
995.000000
1025.000000
1102.000000
1142.000000
1203.000000
1105.000000
986.000000
1163.000000
1273.000000
1179.000000
1303.000000
1394.000000
1492.000000
1819.000000
1658.000000
1465.000000
1333.000000
1052.000000
832.000000
629.000000
552.000000
494.000000
490.000000
630.000000
813.000000
1089.000000
1312.000000
1513.000000
1751.000000
1856.000000
2046.000000
2574.000000
2481.000000
2601.000000
3792.000000
3208.000000
4433.000000
4036.000000
3237.000000
2797.000000
2527.000000
2020.000000
1492.000000
1132.000000
968.000000
868.000000
902.000000
1032.000000
1697.000000
1786.000000
1908.000000
2207.000000
2421.000000
2349.000000
2374.000000
2449.000000
2684.000000
2614.000000
2684.000000
2679.000000
2618.000000
3046.000000
3047.000000
2600.000000
2221.000000
1701.000000
1305.000000
950.000000
844.000000
841.000000
857.000000
1003.000000
1294.000000
1569.000000
1842.000000
2045.000000
2087.000000
1909.000000
2024.000000
2214.000000
2490.000000
2362.000000
2532.000000
2475.000000
2152.000000
2676.000000
2421.000000
2284.000000
2226.000000
1604.000000
1177.000000
869.000000
716.000000
678.000000
702.000000
867.000000
1173.000000
1293.000000
1523.000000
1623.000000
1563.000000
1639.000000
1593.000000
1801.000000
1957.000000
1948.000000
2135.000000
2108.000000
1987.000000
2390.000000
2327.000000
2168.000000
1795.000000
1468.000000
1057.000000
889.000000
694.000000
643.000000
667.000000
726.000000
957.000000
978.000000
1030.000000
1231.000000
1353.000000
1366.000000
1453.000000
1583.000000
1703.000000
1673.000000
1784.000000
1758.000000
1731.000000
1941.000000
1857.000000
1575.000000
1419.000000
1135.000000
934.000000
703.000000
595.000000
612.000000
581.000000
640.000000
774.000000
832.000000
1034.000000
1180.000000
1292.000000
1384.000000
1341.000000
1430.000000
1519.000000
1554.000000
1651.000000
1768.000000
1646.000000
1706.000000
1780.000000
1519.000000
1407.000000
1150.000000
866.000000
643.000000
558.000000
500.000000
523.000000
541.000000
712.000000
845.000000
1049.000000
1084.000000
1136.000000
1179.000000
1162.000000
1093.000000
1126.000000
1122.000000
1114.000000
1119.000000
1134.000000
1291.000000
1153.000000
957.000000
895.000000
761.000000
662.000000
552.000000
539.000000
510.000000
498.000000
534.000000
625.000000
707.000000
788.000000
1043.000000
1307.000000
1137.000000
1295.000000
1447.000000
1567.000000
1570.000000
1784.000000
1833.000000
1785.000000
