677.000000
717.000000
696.000000
610.000000
684.000000
639.000000
659.000000
633.000000
633.000000
680.000000
724.000000
756.000000
633.000000
581.000000
504.000000
432.000000
367.000000
402.000000
392.000000
418.000000
462.000000
504.000000
554.000000
821.000000
1046.000000
719.000000
653.000000
726.000000
791.000000
964.000000
837.000000
779.000000
663.000000
729.000000
766.000000
741.000000
603.000000
619.000000
474.000000
480.000000
421.000000
486.000000
616.000000
418.000000
511.000000
531.000000
600.000000
568.000000
652.000000
728.000000
688.000000
828.000000
891.000000
1018.000000
856.000000
884.000000
814.000000
911.000000
946.000000
819.000000
821.000000
667.000000
583.000000
531.000000
552.000000
536.000000
647.000000
722.000000
867.000000
916.000000
936.000000
1050.000000
1042.000000
1086.000000
1082.000000
1148.000000
2100.000000
2071.000000
2644.000000
1426.000000
1131.000000
1304.000000
1074.000000
1013.000000
943.000000
799.000000
816.000000
776.000000
659.000000
690.000000
682.000000
864.000000
953.000000
1064.000000
1014.000000
1039.000000
1023.000000
1040.000000
998.000000
862.000000
1052.000000
1029.000000
1080.000000
937.000000
942.000000
1040.000000
1089.000000
1078.000000
947.000000
902.000000
808.000000
760.000000
809.000000
823.000000
913.000000
1071.000000
1088.000000
1200.000000
1267.000000
1213.000000
1258.000000
1379.000000
1278.000000
1323.000000
1428.000000
1525.000000
1436.000000
1440.000000
2245.000000
2434.000000
2789.000000
2333.000000
2267.000000
2032.000000
1405.000000
1334.000000
1238.000000
1219.000000
1281.000000
1551.000000
1853.000000
2044.000000
2104.000000
2076.000000
2260.000000
2081.000000
2067.000000
2032.000000
2191.000000
2085.000000
2574.000000
2498.000000
2390.000000
2704.000000
3004.000000
3013.000000
3135.000000
2938.000000
2399.000000
2181.000000
1974.000000
1805.000000
2045.000000
2505.000000
2863.000000
3476.000000
3829.000000
4000.000000
4232.000000
3828.000000
3858.000000
3826.000000
3727.000000
3596.000000
3745.000000
3385.000000
3184.000000
3386.000000
3662.000000
3466.000000
3482.000000
3358.000000
2788.000000
2436.000000
2040.000000
1739.000000
1697.000000
1957.000000
2065.000000
2428.000000
2441.000000
2311.000000
2759.000000
2669.000000
2439.000000
2667.000000
2923.000000
2835.000000
3231.000000
3000.000000
2717.000000
3105.000000
3402.000000
3132.000000
3224.000000
3002.000000
2402.000000
2167.000000
2013.000000
1546.000000
1490.000000
1706.000000
1859.000000
2110.000000
2317.000000
2371.000000
2614.000000
2844.000000
2611.000000
3094.000000
3106.000000
3707.000000
4211.000000
4206.000000
4020.000000
3680.000000
3532.000000
3249.000000
3096.000000
2716.000000
2180.000000
1843.000000
1612.000000
1495.000000
1596.000000
1705.000000
2048.000000
2096.000000
2340.000000
2167.000000
2608.000000
2419.000000
2195.000000
2231.000000
2476.000000
2637.000000
2237.000000
2069.000000
1913.000000
2072.000000
2061.000000
2003.000000
1949.000000
1661.000000
1463.000000
1219.000000
1126.000000
948.000000
1058.000000
1166.000000
1342.000000
1471.000000
1548.000000
1592.000000
1655.000000
1671.000000
1481.000000
1574.000000
1435.000000
1654.000000
1727.000000
1723.000000
1569.000000
1817.000000
1981.000000
2112.000000
2031.000000
1941.000000
1591.000000
1337.000000
1137.000000
908.000000
863.000000
1041.000000
1156.000000
1205.000000
1366.000000
1447.000000
1505.000000
1579.000000
1718.000000
1850.000000
1939.000000
1860.000000
1990.000000
1833.000000
1603.000000
1627.000000
1568.000000
1463.000000
1530.000000
1382.000000
1195.000000
1000.000000
933.000000
863.000000
922.000000
1085.000000
1198.000000
1257.000000
1457.000000
1425.000000
1508.000000
1592.000000
1502.000000
1628.000000
1658.000000
1507.000000
1566.000000
1350.000000
1332.000000
1433.000000
1563.000000
1465.000000
1517.000000
1401.000000
1106.000000
1010.000000
889.000000
827.000000
911.000000
927.000000
1147.000000
1106.000000
1168.000000
1206.000000
1322.000000
