519.000000
537.000000
545.000000
670.000000
495.000000
440.000000
399.000000
316.000000
260.000000
195.000000
175.000000
149.000000
204.000000
217.000000
342.000000
331.000000
411.000000
492.000000
547.000000
504.000000
720.000000
697.000000
693.000000
751.000000
724.000000
746.000000
839.000000
827.000000
754.000000
684.000000
632.000000
481.000000
335.000000
282.000000
189.000000
175.000000
198.000000
277.000000
357.000000
364.000000
541.000000
558.000000
573.000000
719.000000
817.000000
812.000000
842.000000
760.000000
889.000000
856.000000
821.000000
1100.000000
853.000000
714.000000
542.000000
436.000000
274.000000
241.000000
232.000000
244.000000
335.000000
1208.000000
680.000000
610.000000
633.000000
568.000000
684.000000
603.000000
684.000000
768.000000
658.000000
744.000000
708.000000
752.000000
1202.000000
1570.000000
1383.000000
867.000000
674.000000
547.000000
378.000000
314.000000
266.000000
248.000000
337.000000
537.000000
579.000000
742.000000
1109.000000
995.000000
1016.000000
913.000000
1268.000000
1029.000000
987.000000
919.000000
948.000000
1191.000000
1200.000000
1260.000000
902.000000
703.000000
803.000000
643.000000
417.000000
398.000000
392.000000
382.000000
412.000000
600.000000
721.000000
687.000000
672.000000
687.000000
654.000000
660.000000
730.000000
837.000000
899.000000
831.000000
782.000000
963.000000
1310.000000
1474.000000
1211.000000
994.000000
868.000000
699.000000
491.000000
436.000000
413.000000
430.000000
464.000000
630.000000
825.000000
1044.000000
1051.000000
1145.000000
1119.000000
1142.000000
1155.000000
1227.000000
1272.000000
1087.000000
1233.000000
1318.000000
1777.000000
1732.000000
1530.000000
1327.000000
1263.000000
1202.000000
976.000000
914.000000
785.000000
715.000000
793.000000
1095.000000
1359.000000
1620.000000
1682.000000
1626.000000
1713.000000
1760.000000
1826.000000
1847.000000
1993.000000
2056.000000
2071.000000
2020.000000
1793.000000
1857.000000
1861.000000
1743.000000
1514.000000
1292.000000
975.000000
804.000000
774.000000
724.000000
734.000000
812.000000
985.000000
1212.000000
1266.000000
1475.000000
1418.000000
1397.000000
1436.000000
1476.000000
1442.000000
1476.000000
1468.000000
1476.000000
1381.000000
1506.000000
1509.000000
1336.000000
1232.000000
993.000000
752.000000
722.000000
611.000000
635.000000
581.000000
669.000000
758.000000
945.000000
1011.000000
1136.000000
1294.000000
1356.000000
1340.000000
1354.000000
1291.000000
1265.000000
1241.000000
1164.000000
1018.000000
1007.000000
844.000000
908.000000
775.000000
744.000000
599.000000
570.000000
536.000000
504.000000
601.000000
661.000000
787.000000
917.000000
910.000000
1046.000000
1066.000000
1036.000000
1011.000000
1043.000000
1014.000000
942.000000
816.000000
865.000000
737.000000
780.000000
746.000000
658.000000
582.000000
488.000000
391.000000
404.000000
393.000000
361.000000
398.000000
457.000000
505.000000
580.000000
644.000000
732.000000
770.000000
808.000000
774.000000
848.000000
763.000000
745.000000
687.000000
740.000000
691.000000
729.000000
739.000000
640.000000
621.000000
468.000000
396.000000
333.000000
363.000000
315.000000
311.000000
377.000000
444.000000
504.000000
575.000000
580.000000
585.000000
575.000000
590.000000
674.000000
612.000000
579.000000
599.000000
579.000000
526.000000
525.000000
567.000000
487.000000
493.000000
371.000000
339.000000
313.000000
295.000000
351.000000
307.000000
323.000000
436.000000
474.000000
572.000000
545.000000
503.000000
501.000000
537.000000
507.000000
559.000000
625.000000
512.000000
583.000000
509.000000
560.000000
527.000000
438.000000
412.000000
350.000000
364.000000
325.000000
346.000000
310.000000
326.000000
328.000000
404.000000
494.000000
509.000000
515.000000
545.000000
562.000000
537.000000
596.000000
638.000000
592.000000
593.000000
