1302.000000
1226.000000
1136.000000
955.000000
804.000000
738.000000
843.000000
849.000000
877.000000
884.000000
995.000000
990.000000
1176.000000
1207.000000
1276.000000
1507.000000
1198.000000
1307.000000
1274.000000
1236.000000
1157.000000
1146.000000
1144.000000
1076.000000
1080.000000
1035.000000
1412.000000
896.000000
826.000000
872.000000
919.000000
725.000000
725.000000
851.000000
856.000000
1094.000000
1149.000000
1174.000000
1213.000000
1331.000000
1919.000000
3033.000000
1447.000000
1284.000000
4042.000000
1378.000000
1362.000000
3086.000000
1344.000000
1202.000000
1229.000000
990.000000
819.000000
835.000000
930.000000
859.000000
931.000000
1041.000000
1150.000000
1317.000000
1457.000000
1461.000000
1452.000000
1393.000000
1321.000000
1402.000000
1285.000000
1266.000000
1131.000000
1055.000000
1110.000000
1198.000000
1130.000000
1004.000000
1058.000000
1008.000000
953.000000
955.000000
977.000000
870.000000
910.000000
1014.000000
1127.000000
1242.000000
1296.000000
1336.000000
1231.000000
1192.000000
1227.000000
1269.000000
1191.000000
1148.000000
1078.000000
941.000000
951.000000
1285.000000
996.000000
960.000000
1023.000000
740.000000
672.000000
731.000000
689.000000
728.000000
911.000000
1003.000000
1034.000000
1233.000000
1170.000000
1239.000000
1270.000000
1295.000000
1283.000000
1373.000000
1491.000000
1638.000000
1420.000000
1351.000000
2609.000000
2888.000000
2429.000000
2236.000000
1921.000000
1691.000000
1538.000000
1410.000000
1472.000000
1518.000000
1504.000000
1684.000000
2022.000000
2280.000000
2327.000000
2415.000000
2171.000000
2294.000000
3060.000000
3307.000000
3130.000000
3055.000000
2951.000000
2611.000000
2314.000000
2404.000000
2306.000000
2314.000000
2655.000000
2328.000000
2072.000000
3323.000000
4439.000000
5585.000000
5833.000000
6742.000000
6722.000000
7612.000000
8338.000000
9278.000000
9523.000000
10610.000000
11191.000000
12640.000000
13580.000000
14940.000000
14040.000000
14335.000000
14921.000000
16130.000000
16872.000000
15929.000000
14782.000000
12414.000000
10374.000000
8987.000000
8026.000000
7162.000000
7074.000000
7344.000000
7765.000000
8779.000000
9344.000000
10140.000000
10323.000000
10877.000000
11710.000000
12548.000000
12715.000000
12830.000000
12631.000000
12615.000000
12839.000000
13085.000000
13674.000000
13545.000000
12710.000000
10750.000000
8771.000000
7433.000000
6338.000000
5683.000000
5575.000000
5926.000000
6581.000000
7362.000000
7694.000000
8092.000000
8303.000000
8564.000000
8848.000000
9181.000000
10083.000000
9547.000000
8961.000000
8650.000000
9086.000000
9900.000000
10306.000000
10087.000000
9429.000000
8407.000000
7210.000000
6041.000000
5210.000000
4537.000000
4627.000000
4610.000000
5045.000000
5561.000000
6144.000000
6871.000000
7048.000000
7688.000000
8244.000000
8649.000000
9132.000000
8823.000000
9033.000000
9365.000000
9872.000000
10264.000000
10396.000000
9878.000000
9112.000000
7652.000000
6236.000000
5084.000000
4333.000000
4209.000000
4033.000000
4485.000000
4724.000000
5762.000000
6268.000000
6719.000000
7855.000000
8115.000000
8601.000000
10316.000000
9629.000000
8920.000000
8664.000000
8694.000000
9232.000000
9787.000000
9956.000000
8932.000000
7641.000000
6388.000000
5014.000000
4285.000000
3783.000000
3571.000000
3585.000000
3930.000000
4404.000000
5228.000000
5694.000000
6089.000000
6313.000000
6341.000000
6827.000000
7229.000000
7084.000000
6802.000000
6427.000000
6476.000000
6939.000000
6927.000000
6879.000000
6569.000000
5750.000000
4832.000000
3961.000000
3423.000000
3432.000000
3159.000000
3142.000000
3339.000000
3604.000000
4143.000000
4311.000000
4514.000000
4660.000000
4767.000000
5317.000000
5488.000000
5767.000000
5852.000000
5623.000000
5679.000000
5989.000000
6383.000000
6339.000000
6045.000000
5471.000000
4638.000000
3942.000000
3461.000000
2928.000000
2913.000000
2810.000000
2806.000000
3256.000000
3648.000000
3802.000000
4023.000000
3984.000000
4219.000000
4339.000000
4925.000000
5146.000000
4892.000000
4424.000000
4600.000000
4897.000000
5421.000000
5283.000000
