2374.000000
2270.000000
2324.000000
2042.000000
2104.000000
1893.000000
1890.000000
1740.000000
1865.000000
1967.000000
2893.000000
2495.000000
2239.000000
2104.000000
1991.000000
1908.000000
1866.000000
1826.000000
1782.000000
1998.000000
2033.000000
2220.000000
2681.000000
2825.000000
2725.000000
2792.000000
2804.000000
2569.000000
2503.000000
2417.000000
2324.000000
2169.000000
2314.000000
2760.000000
3280.000000
2776.000000
2813.000000
2547.000000
2501.000000
2391.000000
2372.000000
2223.000000
2243.000000
2387.000000
2660.000000
2734.000000
3078.000000
3090.000000
2965.000000
3003.000000
3042.000000
2728.000000
2702.000000
2888.000000
2757.000000
2806.000000
2954.000000
3411.000000
3276.000000
3083.000000
3135.000000
2728.000000
2849.000000
2603.000000
2571.000000
2828.000000
3053.000000
3261.000000
3394.000000
3573.000000
3955.000000
3873.000000
4161.000000
4207.000000
3706.000000
3501.000000
3290.000000
3048.000000
3030.000000
2912.000000
3272.000000
4418.000000
4329.000000
4263.000000
4264.000000
4056.000000
4112.000000
4252.000000
4102.000000
4178.000000
4501.000000
5092.000000
5675.000000
5956.000000
6448.000000
6496.000000
6382.000000
5890.000000
5170.000000
4888.000000
4687.000000
4584.000000
4623.000000
5667.000000
6294.000000
6911.000000
6946.000000
6967.000000
7121.000000
7175.000000
6892.000000
6868.000000
6984.000000
7406.000000
7598.000000
9056.000000
9338.000000
10630.000000
10940.000000
11014.000000
11061.000000
10089.000000
9882.000000
9019.000000
8680.000000
8430.000000
8014.000000
8079.000000
9048.000000
10843.000000
13882.000000
13562.000000
12931.000000
12727.000000
12641.000000
12488.000000
12156.000000
12077.000000
12790.000000
14217.000000
15311.000000
17199.000000
17746.000000
17990.000000
17884.000000
17458.000000
15987.000000
14810.000000
13133.000000
11747.000000
11932.000000
11600.000000
11959.000000
13180.000000
14979.000000
16025.000000
16915.000000
15937.000000
15007.000000
14906.000000
14313.000000
14035.000000
13406.000000
14222.000000
15400.000000
16780.000000
18855.000000
19064.000000
19354.000000
18172.000000
16586.000000
14507.000000
13474.000000
12402.000000
11491.000000
11395.000000
11356.000000
12787.000000
14560.000000
15488.000000
15921.000000
15565.000000
15221.000000
14559.000000
13734.000000
13289.000000
12801.000000
12956.000000
13963.000000
14638.000000
15624.000000
16615.000000
16529.000000
16488.000000
15024.000000
13868.000000
12194.000000
11633.000000
11203.000000
10630.000000
11394.000000
12290.000000
12927.000000
12790.000000
12615.000000
12104.000000
11342.000000
10621.000000
10056.000000
10272.000000
9862.000000
10445.000000
11430.000000
12293.000000
12564.000000
12300.000000
11619.000000
11056.000000
9638.000000
8809.000000
8073.000000
7141.000000
6686.000000
6534.000000
6740.000000
7399.000000
7630.000000
7622.000000
7745.000000
7371.000000
7229.000000
6859.000000
7050.000000
7379.000000
7487.000000
7338.000000
7614.000000
7981.000000
8241.000000
8156.000000
8060.000000
7907.000000
7023.000000
6432.000000
6013.000000
5755.000000
5458.000000
5175.000000
5946.000000
6786.000000
7372.000000
7302.000000
7092.000000
6598.000000
6232.000000
5862.000000
5940.000000
5920.000000
5875.000000
6186.000000
6536.000000
6680.000000
7098.000000
7143.000000
7039.000000
6406.000000
5814.000000
5359.000000
4995.000000
4750.000000
4530.000000
4099.000000
4157.000000
4713.000000
5081.000000
5434.000000
5376.000000
5252.000000
5250.000000
5040.000000
5016.000000
4904.000000
5139.000000
5484.000000
5656.000000
5941.000000
6061.000000
5936.000000
6107.000000
5819.000000
5268.000000
4844.000000
4460.000000
4102.000000
3625.000000
3547.000000
3680.000000
4352.000000
4478.000000
4652.000000
4619.000000
4581.000000
4478.000000
4298.000000
4359.000000
4541.000000
4576.000000
4837.000000
5367.000000
5729.000000
6006.000000
6034.000000
5953.000000
5755.000000
5246.000000
4823.000000
4669.000000
4511.000000
4257.000000
4005.000000
4193.000000
4632.000000
5103.000000
5386.000000
5379.000000
5246.000000
4956.000000
4881.000000
4745.000000
4908.000000
4693.000000
4839.000000
5294.000000
5399.000000
5871.000000
6000.000000
6005.000000
