1073.000000
1088.000000
1042.000000
1155.000000
825.000000
664.000000
612.000000
548.000000
497.000000
516.000000
602.000000
814.000000
900.000000
969.000000
954.000000
1088.000000
1061.000000
1191.000000
1399.000000
1141.000000
1207.000000
1141.000000
1080.000000
1139.000000
1112.000000
1506.000000
1107.000000
1145.000000
1117.000000
953.000000
922.000000
742.000000
711.000000
709.000000
794.000000
1042.000000
1193.000000
1319.000000
1332.000000
1413.000000
1529.000000
3521.000000
2908.000000
2397.000000
2374.000000
2257.000000
2084.000000
2145.000000
1847.000000
1861.000000
2553.000000
2313.000000
1885.000000
1598.000000
1339.000000
1337.000000
1150.000000
1076.000000
1184.000000
1367.000000
1631.000000
1670.000000
1799.000000
1701.000000
1656.000000
1727.000000
1691.000000
1596.000000
1762.000000
1746.000000
1573.000000
1592.000000
1727.000000
1951.000000
2070.000000
1543.000000
1326.000000
1216.000000
1002.000000
886.000000
889.000000
878.000000
911.000000
999.000000
1098.000000
1257.000000
1404.000000
1525.000000
1650.000000
1869.000000
1885.000000
1597.000000
1612.000000
2415.000000
1879.000000
1936.000000
1765.000000
1767.000000
2484.000000
1546.000000
1209.000000
1058.000000
883.000000
878.000000
893.000000
916.000000
1009.000000
1177.000000
1479.000000
1663.000000
1720.000000
1936.000000
1913.000000
1968.000000
1984.000000
2079.000000
2027.000000
2031.000000
1944.000000
1968.000000
2122.000000
2615.000000
2712.000000
2095.000000
2018.000000
1829.000000
1411.000000
1352.000000
1121.000000
1188.000000
1400.000000
1792.000000
2114.000000
2490.000000
2676.000000
2885.000000
3197.000000
3586.000000
3823.000000
4060.000000
3818.000000
3748.000000
3592.000000
3947.000000
4162.000000
4712.000000
5110.000000
4767.000000
4533.000000
4028.000000
3270.000000
2669.000000
2414.000000
2362.000000
2994.000000
3829.000000
4670.000000
5048.000000
5471.000000
6249.000000
6242.000000
6206.000000
6116.000000
6232.000000
6165.000000
6079.000000
5977.000000
6292.000000
6627.000000
6359.000000
6456.000000
6150.000000
5050.000000
4671.000000
3487.000000
2917.000000
2537.000000
2312.000000
2323.000000
2781.000000
3313.000000
3789.000000
3895.000000
4234.000000
4421.000000
4298.000000
4209.000000
4140.000000
4161.000000
3944.000000
3971.000000
3844.000000
5078.000000
4216.000000
4409.000000
3962.000000
3448.000000
3195.000000
2416.000000
2074.000000
1871.000000
1689.000000
1824.000000
2277.000000
2671.000000
3066.000000
3588.000000
3671.000000
3690.000000
4381.000000
4114.000000
3930.000000
4168.000000
4357.000000
4345.000000
4829.000000
4530.000000
4672.000000
4993.000000
4559.000000
4098.000000
3489.000000
2752.000000
2217.000000
2043.000000
1740.000000
1782.000000
1969.000000
2406.000000
2757.000000
3002.000000
3317.000000
3357.000000
3495.000000
3332.000000
3595.000000
3653.000000
3635.000000
3775.000000
3696.000000
3618.000000
3838.000000
4083.000000
3919.000000
3405.000000
2939.000000
2400.000000
1886.000000
1598.000000
1371.000000
1460.000000
1678.000000
1972.000000
2168.000000
2616.000000
3345.000000
3887.000000
4086.000000
4104.000000
4398.000000
4851.000000
4388.000000
3907.000000
4007.000000
4367.000000
4675.000000
4647.000000
4001.000000
3261.000000
2677.000000
2048.000000
1830.000000
1649.000000
1599.000000
1749.000000
2158.000000
2509.000000
2949.000000
3134.000000
3383.000000
3200.000000
3437.000000
3182.000000
3019.000000
2883.000000
2559.000000
2360.000000
2259.000000
2267.000000
2204.000000
2198.000000
2015.000000
1787.000000
1531.000000
1425.000000
1257.000000
1213.000000
1232.000000
1367.000000
1418.000000
1717.000000
1743.000000
1936.000000
2046.000000
2073.000000
2182.000000
2054.000000
2064.000000
2062.000000
1996.000000
1894.000000
1982.000000
1903.000000
2142.000000
2209.000000
2057.000000
1861.000000
1668.000000
1509.000000
1359.000000
1283.000000
1169.000000
1217.000000
1321.000000
1567.000000
1916.000000
2134.000000
2410.000000
2649.000000
2929.000000
2836.000000
2783.000000
2974.000000
3207.000000
2869.000000
2937.000000
3287.000000
