582.000000
428.000000
504.000000
659.000000
540.000000
509.000000
474.000000
432.000000
324.000000
276.000000
248.000000
265.000000
258.000000
271.000000
291.000000
431.000000
452.000000
530.000000
587.000000
570.000000
578.000000
563.000000
592.000000
590.000000
511.000000
577.000000
599.000000
608.000000
581.000000
581.000000
585.000000
478.000000
352.000000
280.000000
230.000000
244.000000
296.000000
333.000000
351.000000
443.000000
488.000000
523.000000
544.000000
580.000000
566.000000
572.000000
538.000000
627.000000
575.000000
679.000000
848.000000
571.000000
490.000000
569.000000
515.000000
372.000000
293.000000
292.000000
276.000000
241.000000
272.000000
389.000000
360.000000
411.000000
406.000000
464.000000
506.000000
549.000000
555.000000
559.000000
568.000000
522.000000
495.000000
539.000000
525.000000
696.000000
582.000000
507.000000
501.000000
400.000000
328.000000
307.000000
342.000000
286.000000
375.000000
378.000000
477.000000
587.000000
528.000000
478.000000
476.000000
479.000000
493.000000
521.000000
528.000000
508.000000
511.000000
558.000000
700.000000
850.000000
775.000000
619.000000
618.000000
611.000000
472.000000
418.000000
441.000000
376.000000
432.000000
570.000000
628.000000
689.000000
826.000000
767.000000
791.000000
681.000000
703.000000
715.000000
715.000000
721.000000
722.000000
868.000000
850.000000
857.000000
970.000000
716.000000
693.000000
611.000000
540.000000
578.000000
553.000000
516.000000
559.000000
660.000000
836.000000
812.000000
1046.000000
1057.000000
1016.000000
1222.000000
1280.000000
1224.000000
1193.000000
1202.000000
1120.000000
1268.000000
1430.000000
1431.000000
1276.000000
1225.000000
1149.000000
1050.000000
899.000000
843.000000
729.000000
663.000000
861.000000
1062.000000
1235.000000
1448.000000
1413.000000
1564.000000
1631.000000
1579.000000
1539.000000
1543.000000
1566.000000
2296.000000
4357.000000
1718.000000
1473.000000
1872.000000
1631.000000
1424.000000
1399.000000
1244.000000
921.000000
936.000000
844.000000
845.000000
888.000000
1006.000000
1242.000000
1297.000000
1381.000000
1557.000000
1401.000000
1289.000000
1334.000000
1630.000000
1690.000000
1465.000000
1288.000000
1349.000000
1342.000000
1451.000000
1423.000000
1294.000000
1120.000000
1029.000000
797.000000
717.000000
658.000000
665.000000
745.000000
803.000000
890.000000
956.000000
1102.000000
1132.000000
1205.000000
1472.000000
1421.000000
1750.000000
1471.000000
1322.000000
1225.000000
1144.000000
1070.000000
1082.000000
950.000000
1021.000000
850.000000
776.000000
658.000000
591.000000
629.000000
567.000000
588.000000
737.000000
852.000000
846.000000
990.000000
994.000000
982.000000
936.000000
1007.000000
1048.000000
941.000000
923.000000
857.000000
1055.000000
722.000000
706.000000
681.000000
666.000000
606.000000
510.000000
441.000000
434.000000
400.000000
458.000000
489.000000
570.000000
644.000000
617.000000
691.000000
767.000000
844.000000
746.000000
725.000000
726.000000
709.000000
747.000000
644.000000
601.000000
611.000000
663.000000
709.000000
597.000000
523.000000
446.000000
463.000000
443.000000
436.000000
386.000000
419.000000
465.000000
482.000000
572.000000
588.000000
841.000000
579.000000
693.000000
683.000000
626.000000
614.000000
584.000000
546.000000
483.000000
468.000000
584.000000
541.000000
495.000000
473.000000
460.000000
476.000000
377.000000
436.000000
471.000000
490.000000
492.000000
565.000000
599.000000
619.000000
644.000000
581.000000
611.000000
598.000000
613.000000
594.000000
566.000000
487.000000
495.000000
553.000000
526.000000
537.000000
529.000000
523.000000
485.000000
479.000000
478.000000
479.000000
516.000000
567.000000
578.000000
682.000000
648.000000
730.000000
773.000000
716.000000
821.000000
690.000000
764.000000
747.000000
666.000000
698.000000
