210.000000
146.000000
117.000000
96.000000
82.000000
61.000000
74.000000
85.000000
132.000000
150.000000
197.000000
232.000000
210.000000
187.000000
199.000000
165.000000
178.000000
177.000000
200.000000
170.000000
190.000000
203.000000
211.000000
222.000000
194.000000
149.000000
121.000000
116.000000
78.000000
79.000000
60.000000
78.000000
130.000000
160.000000
220.000000
235.000000
205.000000
207.000000
180.000000
175.000000
211.000000
186.000000
204.000000
215.000000
238.000000
322.000000
298.000000
294.000000
241.000000
275.000000
175.000000
97.000000
86.000000
86.000000
87.000000
116.000000
159.000000
210.000000
241.000000
219.000000
243.000000
299.000000
284.000000
232.000000
318.000000
309.000000
314.000000
355.000000
343.000000
567.000000
490.000000
360.000000
309.000000
254.000000
197.000000
184.000000
123.000000
116.000000
111.000000
126.000000
196.000000
241.000000
277.000000
285.000000
280.000000
338.000000
350.000000
370.000000
412.000000
350.000000
341.000000
373.000000
474.000000
529.000000
416.000000
407.000000
365.000000
253.000000
252.000000
192.000000
142.000000
149.000000
174.000000
192.000000
232.000000
298.000000
315.000000
341.000000
346.000000
359.000000
392.000000
426.000000
363.000000
371.000000
430.000000
492.000000
480.000000
517.000000
728.000000
533.000000
468.000000
397.000000
300.000000
291.000000
250.000000
243.000000
265.000000
302.000000
356.000000
468.000000
537.000000
548.000000
546.000000
648.000000
618.000000
618.000000
633.000000
590.000000
686.000000
660.000000
716.000000
940.000000
1163.000000
1070.000000
989.000000
845.000000
662.000000
544.000000
379.000000
358.000000
488.000000
668.000000
848.000000
1035.000000
1205.000000
1206.000000
1199.000000
1161.000000
1199.000000
1243.000000
1401.000000
1289.000000
1197.000000
1255.000000
1282.000000
1304.000000
1442.000000
1406.000000
1555.000000
1103.000000
861.000000
659.000000
446.000000
385.000000
432.000000
462.000000
620.000000
732.000000
912.000000
969.000000
992.000000
1029.000000
1006.000000
1078.000000
1069.000000
1013.000000
1129.000000
1104.000000
1095.000000
1176.000000
1205.000000
1179.000000
1131.000000
898.000000
703.000000
541.000000
382.000000
332.000000
336.000000
351.000000
531.000000
700.000000
765.000000
933.000000
1016.000000
976.000000
840.000000
833.000000
838.000000
811.000000
991.000000
863.000000
893.000000
894.000000
880.000000
801.000000
661.000000
555.000000
491.000000
373.000000
292.000000
304.000000
307.000000
458.000000
573.000000
684.000000
737.000000
739.000000
809.000000
725.000000
735.000000
692.000000
634.000000
646.000000
541.000000
576.000000
500.000000
584.000000
586.000000
523.000000
464.000000
394.000000
324.000000
292.000000
249.000000
212.000000
249.000000
322.000000
329.000000
395.000000
455.000000
457.000000
496.000000
489.000000
498.000000
532.000000
512.000000
492.000000
431.000000
461.000000
460.000000
558.000000
478.000000
460.000000
451.000000
328.000000
288.000000
255.000000
187.000000
204.000000
183.000000
210.000000
243.000000
344.000000
336.000000
353.000000
371.000000
360.000000
371.000000
410.000000
387.000000
351.000000
321.000000
310.000000
297.000000
335.000000
341.000000
297.000000
252.000000
235.000000
167.000000
161.000000
159.000000
118.000000
124.000000
171.000000
185.000000
202.000000
246.000000
297.000000
259.000000
260.000000
284.000000
278.000000
312.000000
245.000000
248.000000
229.000000
269.000000
268.000000
252.000000
304.000000
251.000000
204.000000
158.000000
152.000000
133.000000
142.000000
134.000000
154.000000
185.000000
233.000000
249.000000
255.000000
301.000000
268.000000
280.000000
293.000000
295.000000
286.000000
228.000000
278.000000
295.000000
292.000000
316.000000
349.000000
281.000000
