231.000000
185.000000
176.000000
199.000000
260.000000
135.000000
155.000000
187.000000
106.000000
113.000000
113.000000
117.000000
178.000000
205.000000
213.000000
166.000000
223.000000
193.000000
272.000000
197.000000
216.000000
262.000000
239.000000
211.000000
158.000000
126.000000
145.000000
160.000000
181.000000
202.000000
160.000000
119.000000
157.000000
122.000000
189.000000
108.000000
167.000000
191.000000
176.000000
277.000000
234.000000
203.000000
270.000000
257.000000
312.000000
360.000000
434.000000
328.000000
226.000000
373.000000
252.000000
211.000000
207.000000
239.000000
156.000000
160.000000
173.000000
136.000000
165.000000
211.000000
188.000000
256.000000
267.000000
276.000000
246.000000
283.000000
252.000000
265.000000
286.000000
391.000000
507.000000
406.000000
326.000000
305.000000
248.000000
338.000000
245.000000
185.000000
230.000000
178.000000
219.000000
254.000000
228.000000
220.000000
238.000000
349.000000
284.000000
264.000000
262.000000
224.000000
264.000000
259.000000
293.000000
351.000000
448.000000
372.000000
327.000000
294.000000
228.000000
293.000000
258.000000
223.000000
220.000000
184.000000
179.000000
187.000000
341.000000
272.000000
246.000000
231.000000
288.000000
282.000000
242.000000
271.000000
260.000000
295.000000
390.000000
423.000000
512.000000
464.000000
360.000000
364.000000
345.000000
467.000000
462.000000
354.000000
348.000000
281.000000
299.000000
304.000000
295.000000
299.000000
308.000000
343.000000
454.000000
450.000000
391.000000
426.000000
394.000000
396.000000
432.000000
467.000000
484.000000
349.000000
322.000000
434.000000
370.000000
377.000000
396.000000
404.000000
284.000000
251.000000
266.000000
325.000000
275.000000
271.000000
344.000000
381.000000
485.000000
529.000000
548.000000
563.000000
522.000000
496.000000
636.000000
675.000000
817.000000
680.000000
1287.000000
674.000000
585.000000
498.000000
541.000000
442.000000
440.000000
363.000000
323.000000
383.000000
389.000000
342.000000
397.000000
445.000000
464.000000
505.000000
514.000000
592.000000
611.000000
656.000000
635.000000
647.000000
628.000000
713.000000
695.000000
544.000000
460.000000
396.000000
478.000000
494.000000
378.000000
351.000000
264.000000
313.000000
268.000000
270.000000
328.000000
315.000000
365.000000
446.000000
383.000000
459.000000
488.000000
551.000000
617.000000
610.000000
578.000000
678.000000
535.000000
426.000000
408.000000
369.000000
340.000000
329.000000
309.000000
250.000000
289.000000
244.000000
270.000000
236.000000
278.000000
311.000000
362.000000
327.000000
366.000000
410.000000
335.000000
375.000000
376.000000
364.000000
349.000000
449.000000
463.000000
258.000000
211.000000
197.000000
223.000000
214.000000
184.000000
150.000000
191.000000
168.000000
152.000000
186.000000
213.000000
202.000000
253.000000
238.000000
247.000000
283.000000
311.000000
287.000000
274.000000
327.000000
359.000000
415.000000
328.000000
225.000000
230.000000
218.000000
189.000000
176.000000
173.000000
161.000000
152.000000
157.000000
141.000000
159.000000
184.000000
191.000000
208.000000
208.000000
260.000000
249.000000
344.000000
339.000000
376.000000
362.000000
333.000000
357.000000
336.000000
227.000000
218.000000
229.000000
223.000000
176.000000
180.000000
173.000000
163.000000
154.000000
174.000000
149.000000
128.000000
172.000000
196.000000
204.000000
232.000000
249.000000
256.000000
239.000000
289.000000
286.000000
322.000000
302.000000
267.000000
227.000000
163.000000
172.000000
155.000000
177.000000
176.000000
133.000000
172.000000
152.000000
163.000000
159.000000
156.000000
185.000000
219.000000
231.000000
197.000000
223.000000
235.000000
223.000000
243.000000
275.000000
232.000000
317.000000
296.000000
