811.000000
696.000000
515.000000
348.000000
297.000000
296.000000
301.000000
318.000000
427.000000
532.000000
554.000000
578.000000
591.000000
690.000000
665.000000
662.000000
673.000000
576.000000
590.000000
691.000000
649.000000
680.000000
828.000000
925.000000
886.000000
726.000000
496.000000
396.000000
318.000000
310.000000
336.000000
306.000000
384.000000
497.000000
605.000000
660.000000
678.000000
579.000000
590.000000
525.000000
601.000000
541.000000
633.000000
684.000000
692.000000
698.000000
803.000000
914.000000
825.000000
616.000000
467.000000
373.000000
289.000000
311.000000
351.000000
294.000000
341.000000
389.000000
390.000000
428.000000
463.000000
497.000000
604.000000
536.000000
1000.000000
799.000000
518.000000
574.000000
825.000000
772.000000
754.000000
671.000000
804.000000
590.000000
495.000000
475.000000
464.000000
374.000000
307.000000
372.000000
365.000000
330.000000
355.000000
389.000000
431.000000
491.000000
559.000000
531.000000
504.000000
438.000000
472.000000
568.000000
545.000000
546.000000
666.000000
689.000000
759.000000
697.000000
432.000000
398.000000
865.000000
582.000000
436.000000
512.000000
501.000000
407.000000
435.000000
457.000000
432.000000
493.000000
551.000000
478.000000
507.000000
610.000000
586.000000
629.000000
593.000000
542.000000
643.000000
784.000000
858.000000
693.000000
515.000000
574.000000
559.000000
545.000000
497.000000
500.000000
396.000000
404.000000
390.000000
416.000000
390.000000
517.000000
523.000000
577.000000
571.000000
712.000000
861.000000
679.000000
690.000000
720.000000
862.000000
887.000000
944.000000
767.000000
741.000000
766.000000
544.000000
719.000000
666.000000
447.000000
608.000000
511.000000
521.000000
579.000000
547.000000
575.000000
842.000000
826.000000
788.000000
963.000000
925.000000
904.000000
932.000000
1003.000000
1126.000000
1027.000000
1232.000000
1083.000000
825.000000
677.000000
779.000000
553.000000
567.000000
533.000000
396.000000
487.000000
443.000000
403.000000
456.000000
494.000000
519.000000
625.000000
558.000000
594.000000
724.000000
731.000000
642.000000
692.000000
624.000000
842.000000
820.000000
690.000000
464.000000
536.000000
436.000000
448.000000
406.000000
444.000000
392.000000
359.000000
434.000000
393.000000
411.000000
428.000000
465.000000
482.000000
548.000000
515.000000
544.000000
627.000000
674.000000
663.000000
705.000000
903.000000
790.000000
629.000000
519.000000
444.000000
497.000000
491.000000
457.000000
391.000000
326.000000
344.000000
385.000000
382.000000
394.000000
460.000000
563.000000
562.000000
511.000000
550.000000
538.000000
575.000000
547.000000
650.000000
704.000000
948.000000
939.000000
790.000000
715.000000
586.000000
917.000000
911.000000
674.000000
636.000000
443.000000
395.000000
425.000000
368.000000
370.000000
349.000000
433.000000
512.000000
511.000000
503.000000
549.000000
551.000000
638.000000
1090.000000
741.000000
756.000000
784.000000
689.000000
724.000000
865.000000
945.000000
907.000000
540.000000
567.000000
396.000000
426.000000
370.000000
397.000000
323.000000
406.000000
630.000000
619.000000
649.000000
626.000000
594.000000
585.000000
631.000000
583.000000
715.000000
678.000000
892.000000
1078.000000
775.000000
829.000000
901.000000
740.000000
735.000000
541.000000
541.000000
385.000000
423.000000
373.000000
393.000000
441.000000
524.000000
503.000000
505.000000
594.000000
706.000000
692.000000
586.000000
584.000000
718.000000
793.000000
712.000000
627.000000
691.000000
772.000000
1029.000000
883.000000
609.000000
574.000000
525.000000
451.000000
402.000000
386.000000
326.000000
364.000000
552.000000
540.000000
531.000000
534.000000
533.000000
686.000000
654.000000
744.000000
759.000000
769.000000
878.000000
