904.000000
885.000000
935.000000
850.000000
797.000000
640.000000
436.000000
408.000000
402.000000
322.000000
314.000000
296.000000
332.000000
335.000000
398.000000
441.000000
554.000000
542.000000
625.000000
674.000000
666.000000
625.000000
624.000000
654.000000
597.000000
614.000000
640.000000
623.000000
486.000000
480.000000
425.000000
387.000000
322.000000
281.000000
233.000000
244.000000
291.000000
267.000000
377.000000
413.000000
476.000000
574.000000
643.000000
799.000000
802.000000
732.000000
833.000000
775.000000
767.000000
1123.000000
1145.000000
957.000000
789.000000
741.000000
663.000000
601.000000
497.000000
420.000000
424.000000
370.000000
477.000000
476.000000
553.000000
647.000000
760.000000
786.000000
759.000000
924.000000
831.000000
843.000000
833.000000
822.000000
879.000000
900.000000
912.000000
783.000000
775.000000
837.000000
671.000000
586.000000
455.000000
403.000000
299.000000
348.000000
429.000000
505.000000
582.000000
631.000000
679.000000
800.000000
862.000000
931.000000
1009.000000
942.000000
918.000000
934.000000
997.000000
892.000000
930.000000
938.000000
862.000000
866.000000
622.000000
574.000000
435.000000
435.000000
395.000000
366.000000
499.000000
513.000000
651.000000
730.000000
756.000000
834.000000
933.000000
1095.000000
1013.000000
990.000000
1021.000000
1051.000000
980.000000
1131.000000
1049.000000
1033.000000
1075.000000
886.000000
787.000000
679.000000
607.000000
539.000000
518.000000
508.000000
565.000000
610.000000
837.000000
1016.000000
1149.000000
1219.000000
1279.000000
1396.000000
1508.000000
2354.000000
3670.000000
4869.000000
6465.000000
7830.000000
6620.000000
6742.000000
6144.000000
5818.000000
5549.000000
4531.000000
3895.000000
3591.000000
3145.000000
2860.000000
3158.000000
3804.000000
5284.000000
5854.000000
6602.000000
7378.000000
7868.000000
7540.000000
8517.000000
8765.000000
10177.000000
10521.000000
11218.000000
10337.000000
10770.000000
10481.000000
9733.000000
9031.000000
8076.000000
6591.000000
5549.000000
5030.000000
4547.000000
4041.000000
3960.000000
3961.000000
4544.000000
5424.000000
5947.000000
6327.000000
6508.000000
6623.000000
6847.000000
6884.000000
6431.000000
6405.000000
6477.000000
6173.000000
5945.000000
5681.000000
5832.000000
5510.000000
5114.000000
4571.000000
3867.000000
3690.000000
3074.000000
2874.000000
2689.000000
2751.000000
3514.000000
4005.000000
4651.000000
5403.000000
5743.000000
6203.000000
6139.000000
6047.000000
5973.000000
5587.000000
5598.000000
5597.000000
5213.000000
5591.000000
5238.000000
4835.000000
4093.000000
3534.000000
3232.000000
2731.000000
2521.000000
2398.000000
2524.000000
2831.000000
3107.000000
3486.000000
3581.000000
3861.000000
4161.000000
5364.000000
5136.000000
4512.000000
4590.000000
4478.000000
4087.000000
3835.000000
3445.000000
3329.000000
3312.000000
2901.000000
2690.000000
2495.000000
2214.000000
2085.000000
1939.000000
1849.000000
1934.000000
2118.000000
2481.000000
2739.000000
2911.000000
2892.000000
3304.000000
3340.000000
3254.000000
3330.000000
3267.000000
3096.000000
3143.000000
2765.000000
2600.000000
3361.000000
2939.000000
2707.000000
2497.000000
1982.000000
1815.000000
1547.000000
1609.000000
1499.000000
1499.000000
1755.000000
1969.000000
2025.000000
2173.000000
2294.000000
2456.000000
2538.000000
2554.000000
2499.000000
2472.000000
2454.000000
2269.000000
2279.000000
2195.000000
2368.000000
2296.000000
1991.000000
1789.000000
1596.000000
1669.000000
1638.000000
1533.000000
1361.000000
1325.000000
1569.000000
1690.000000
1839.000000
1989.000000
2040.000000
2331.000000
2498.000000
2289.000000
2465.000000
2443.000000
2386.000000
2275.000000
2359.000000
2307.000000
2098.000000
2130.000000
1849.000000
1648.000000
1548.000000
1533.000000
1385.000000
1266.000000
1235.000000
1294.000000
1291.000000
1585.000000
1708.000000
2046.000000
2036.000000
2152.000000
2240.000000
2147.000000
2252.000000
2085.000000
2255.000000
2241.000000
