1080.000000
1006.000000
579.000000
577.000000
301.000000
252.000000
173.000000
150.000000
297.000000
383.000000
436.000000
373.000000
249.000000
352.000000
334.000000
413.000000
480.000000
518.000000
729.000000
595.000000
1419.000000
1558.000000
949.000000
1436.000000
817.000000
1351.000000
691.000000
541.000000
478.000000
331.000000
265.000000
266.000000
407.000000
341.000000
516.000000
510.000000
841.000000
581.000000
543.000000
600.000000
526.000000
515.000000
616.000000
767.000000
701.000000
679.000000
653.000000
1459.000000
1006.000000
588.000000
745.000000
493.000000
384.000000
281.000000
252.000000
228.000000
236.000000
280.000000
438.000000
354.000000
422.000000
489.000000
487.000000
781.000000
853.000000
895.000000
1057.000000
1401.000000
949.000000
713.000000
634.000000
530.000000
583.000000
560.000000
375.000000
338.000000
252.000000
242.000000
157.000000
175.000000
162.000000
250.000000
310.000000
411.000000
522.000000
739.000000
794.000000
918.000000
627.000000
1223.000000
1231.000000
1285.000000
1003.000000
677.000000
994.000000
677.000000
686.000000
622.000000
408.000000
274.000000
219.000000
160.000000
131.000000
144.000000
255.000000
396.000000
337.000000
718.000000
626.000000
549.000000
480.000000
473.000000
430.000000
644.000000
879.000000
989.000000
1634.000000
2078.000000
1379.000000
2439.000000
2721.000000
2093.000000
1468.000000
769.000000
618.000000
408.000000
236.000000
242.000000
362.000000
449.000000
651.000000
667.000000
656.000000
778.000000
799.000000
756.000000
837.000000
787.000000
906.000000
1013.000000
1337.000000
1429.000000
1357.000000
1772.000000
1752.000000
1099.000000
1135.000000
717.000000
432.000000
333.000000
241.000000
253.000000
358.000000
645.000000
463.000000
628.000000
622.000000
653.000000
750.000000
809.000000
838.000000
911.000000
1046.000000
842.000000
861.000000
1080.000000
1023.000000
1451.000000
3077.000000
1724.000000
2056.000000
2162.000000
1331.000000
978.000000
775.000000
808.000000
821.000000
1100.000000
1223.000000
1472.000000
1694.000000
1682.000000
1862.000000
2073.000000
2051.000000
1836.000000
1913.000000
1866.000000
1871.000000
2126.000000
2203.000000
2471.000000
2659.000000
2029.000000
1747.000000
1158.000000
825.000000
752.000000
659.000000
604.000000
721.000000
1048.000000
1268.000000
1517.000000
1667.000000
1593.000000
1823.000000
1808.000000
2036.000000
2241.000000
2170.000000
2235.000000
2318.000000
2185.000000
1845.000000
1662.000000
1638.000000
1636.000000
1367.000000
1236.000000
1139.000000
893.000000
742.000000
612.000000
643.000000
782.000000
1057.000000
1199.000000
1326.000000
1407.000000
1378.000000
1359.000000
1559.000000
1386.000000
1422.000000
1345.000000
1266.000000
1193.000000
1326.000000
1191.000000
1119.000000
1070.000000
1012.000000
813.000000
639.000000
563.000000
498.000000
464.000000
493.000000
528.000000
643.000000
815.000000
902.000000
939.000000
1000.000000
1119.000000
1090.000000
1212.000000
1025.000000
1095.000000
1215.000000
1101.000000
1059.000000
941.000000
936.000000
817.000000
705.000000
597.000000
503.000000
455.000000
402.000000
339.000000
328.000000
452.000000
604.000000
667.000000
724.000000
853.000000
977.000000
964.000000
1324.000000
1000.000000
938.000000
882.000000
831.000000
764.000000
759.000000
826.000000
641.000000
605.000000
511.000000
402.000000
403.000000
340.000000
284.000000
272.000000
289.000000
373.000000
467.000000
543.000000
626.000000
694.000000
689.000000
658.000000
650.000000
815.000000
743.000000
661.000000
600.000000
580.000000
603.000000
619.000000
674.000000
612.000000
462.000000
425.000000
395.000000
337.000000
267.000000
290.000000
287.000000
412.000000
399.000000
503.000000
582.000000
564.000000
613.000000
630.000000
621.000000
630.000000
564.000000
569.000000
542.000000
641.000000
491.000000
546.000000
553.000000
