565.000000
498.000000
465.000000
406.000000
531.000000
508.000000
491.000000
404.000000
433.000000
363.000000
265.000000
293.000000
283.000000
304.000000
304.000000
350.000000
353.000000
460.000000
432.000000
448.000000
501.000000
576.000000
568.000000
552.000000
631.000000
484.000000
572.000000
536.000000
489.000000
1640.000000
629.000000
509.000000
439.000000
346.000000
310.000000
289.000000
335.000000
287.000000
321.000000
340.000000
409.000000
387.000000
388.000000
589.000000
502.000000
1176.000000
561.000000
2034.000000
698.000000
1096.000000
586.000000
1138.000000
675.000000
601.000000
553.000000
461.000000
438.000000
384.000000
387.000000
428.000000
415.000000
401.000000
394.000000
430.000000
667.000000
690.000000
588.000000
603.000000
605.000000
567.000000
618.000000
703.000000
861.000000
712.000000
647.000000
609.000000
610.000000
719.000000
1555.000000
607.000000
711.000000
503.000000
378.000000
482.000000
489.000000
468.000000
553.000000
631.000000
591.000000
723.000000
706.000000
752.000000
730.000000
651.000000
672.000000
749.000000
729.000000
617.000000
644.000000
841.000000
714.000000
963.000000
897.000000
676.000000
726.000000
639.000000
530.000000
573.000000
649.000000
616.000000
645.000000
690.000000
913.000000
940.000000
1006.000000
943.000000
907.000000
956.000000
938.000000
1042.000000
1138.000000
1064.000000
896.000000
991.000000
1097.000000
1059.000000
1033.000000
990.000000
895.000000
867.000000
853.000000
801.000000
813.000000
895.000000
904.000000
963.000000
1190.000000
1224.000000
1234.000000
1227.000000
1489.000000
1372.000000
1410.000000
1294.000000
1335.000000
1137.000000
1132.000000
1186.000000
1251.000000
1411.000000
1437.000000
1482.000000
1240.000000
1153.000000
1033.000000
1088.000000
994.000000
1045.000000
1128.000000
1364.000000
1669.000000
2198.000000
2367.000000
2326.000000
2277.000000
2129.000000
2049.000000
2080.000000
2506.000000
2479.000000
1981.000000
2002.000000
1994.000000
1973.000000
1895.000000
1812.000000
1689.000000
1515.000000
1284.000000
1267.000000
1163.000000
1258.000000
1197.000000
1364.000000
1614.000000
1832.000000
2062.000000
2126.000000
2060.000000
1952.000000
1984.000000
1937.000000
2085.000000
2147.000000
2197.000000
2059.000000
1866.000000
1845.000000
1979.000000
1828.000000
1720.000000
1484.000000
1229.000000
1285.000000
1083.000000
1047.000000
1056.000000
1185.000000
1347.000000
2035.000000
1922.000000
2132.000000
1857.000000
1930.000000
1867.000000
1897.000000
1968.000000
1979.000000
1889.000000
1787.000000
1669.000000
1786.000000
1680.000000
1508.000000
1363.000000
1268.000000
1074.000000
1009.000000
1028.000000
933.000000
970.000000
1045.000000
1196.000000
1319.000000
1433.000000
1434.000000
1371.000000
1308.000000
1347.000000
1460.000000
1377.000000
1346.000000
1181.000000
1147.000000
1070.000000
1062.000000
1153.000000
927.000000
861.000000
847.000000
770.000000
795.000000
975.000000
764.000000
753.000000
919.000000
939.000000
1053.000000
1186.000000
1070.000000
1105.000000
1081.000000
1016.000000
1071.000000
1101.000000
1081.000000
916.000000
932.000000
873.000000
964.000000
955.000000
850.000000
928.000000
796.000000
724.000000
787.000000
764.000000
745.000000
770.000000
823.000000
950.000000
988.000000
1021.000000
1113.000000
980.000000
921.000000
882.000000
918.000000
926.000000
1103.000000
951.000000
954.000000
832.000000
894.000000
973.000000
911.000000
891.000000
787.000000
759.000000
725.000000
847.000000
877.000000
1014.000000
952.000000
1055.000000
1133.000000
1089.000000
1077.000000
995.000000
1075.000000
961.000000
986.000000
1082.000000
1066.000000
930.000000
910.000000
900.000000
954.000000
1074.000000
961.000000
1032.000000
976.000000
963.000000
1062.000000
968.000000
1021.000000
1068.000000
1148.000000
1280.000000
1244.000000
1534.000000
1528.000000
1385.000000
1357.000000
1345.000000
1344.000000
1427.000000
