268.000000
256.000000
231.000000
231.000000
248.000000
329.000000
294.000000
277.000000
271.000000
208.000000
261.000000
315.000000
199.000000
149.000000
170.000000
132.000000
128.000000
116.000000
147.000000
142.000000
218.000000
245.000000
212.000000
232.000000
280.000000
310.000000
229.000000
306.000000
318.000000
294.000000
374.000000
296.000000
284.000000
202.000000
200.000000
207.000000
288.000000
180.000000
175.000000
141.000000
155.000000
157.000000
146.000000
190.000000
155.000000
199.000000
298.000000
269.000000
237.000000
301.000000
279.000000
280.000000
327.000000
274.000000
258.000000
351.000000
255.000000
215.000000
215.000000
183.000000
191.000000
179.000000
149.000000
174.000000
147.000000
152.000000
168.000000
240.000000
200.000000
243.000000
228.000000
295.000000
308.000000
419.000000
339.000000
446.000000
376.000000
439.000000
367.000000
320.000000
338.000000
340.000000
326.000000
402.000000
574.000000
295.000000
218.000000
206.000000
208.000000
211.000000
230.000000
255.000000
325.000000
358.000000
372.000000
371.000000
488.000000
482.000000
561.000000
481.000000
453.000000
450.000000
462.000000
388.000000
425.000000
463.000000
474.000000
419.000000
350.000000
319.000000
330.000000
305.000000
326.000000
315.000000
323.000000
386.000000
479.000000
515.000000
585.000000
602.000000
636.000000
637.000000
703.000000
744.000000
708.000000
711.000000
619.000000
755.000000
634.000000
526.000000
717.000000
654.000000
699.000000
483.000000
365.000000
404.000000
353.000000
399.000000
459.000000
552.000000
660.000000
725.000000
832.000000
891.000000
982.000000
909.000000
908.000000
890.000000
923.000000
818.000000
752.000000
806.000000
719.000000
714.000000
767.000000
657.000000
578.000000
713.000000
526.000000
470.000000
468.000000
524.000000
532.000000
671.000000
812.000000
859.000000
988.000000
1056.000000
1061.000000
1036.000000
1038.000000
976.000000
980.000000
830.000000
882.000000
748.000000
751.000000
738.000000
608.000000
680.000000
537.000000
542.000000
482.000000
463.000000
410.000000
426.000000
432.000000
478.000000
522.000000
517.000000
666.000000
781.000000
770.000000
822.000000
700.000000
725.000000
728.000000
844.000000
726.000000
664.000000
625.000000
613.000000
662.000000
545.000000
538.000000
488.000000
397.000000
354.000000
357.000000
327.000000
354.000000
393.000000
449.000000
482.000000
643.000000
683.000000
791.000000
704.000000
699.000000
751.000000
641.000000
698.000000
634.000000
549.000000
500.000000
527.000000
496.000000
386.000000
377.000000
326.000000
312.000000
322.000000
297.000000
354.000000
397.000000
449.000000
533.000000
545.000000
595.000000
536.000000
571.000000
579.000000
627.000000
509.000000
437.000000
462.000000
396.000000
360.000000
373.000000
330.000000
310.000000
275.000000
277.000000
248.000000
263.000000
258.000000
232.000000
286.000000
284.000000
344.000000
401.000000
408.000000
441.000000
451.000000
473.000000
419.000000
465.000000
515.000000
418.000000
428.000000
407.000000
349.000000
358.000000
329.000000
334.000000
278.000000
219.000000
242.000000
188.000000
189.000000
180.000000
236.000000
220.000000
248.000000
294.000000
308.000000
310.000000
304.000000
401.000000
367.000000
370.000000
338.000000
363.000000
329.000000
285.000000
306.000000
297.000000
244.000000
266.000000
237.000000
220.000000
198.000000
203.000000
210.000000
205.000000
192.000000
219.000000
282.000000
278.000000
349.000000
299.000000
296.000000
344.000000
328.000000
300.000000
317.000000
273.000000
282.000000
241.000000
203.000000
206.000000
220.000000
212.000000
189.000000
216.000000
172.000000
153.000000
174.000000
181.000000
218.000000
207.000000
225.000000
293.000000
251.000000
317.000000
275.000000
265.000000
