241.000000
225.000000
217.000000
213.000000
218.000000
158.000000
210.000000
176.000000
153.000000
148.000000
182.000000
158.000000
133.000000
102.000000
82.000000
79.000000
75.000000
52.000000
85.000000
107.000000
124.000000
144.000000
134.000000
144.000000
161.000000
143.000000
132.000000
160.000000
143.000000
176.000000
188.000000
146.000000
143.000000
178.000000
189.000000
161.000000
146.000000
115.000000
87.000000
107.000000
63.000000
93.000000
89.000000
92.000000
100.000000
123.000000
170.000000
167.000000
176.000000
129.000000
210.000000
187.000000
173.000000
157.000000
192.000000
149.000000
158.000000
128.000000
189.000000
189.000000
172.000000
131.000000
153.000000
134.000000
97.000000
109.000000
105.000000
116.000000
119.000000
146.000000
158.000000
177.000000
134.000000
184.000000
185.000000
206.000000
235.000000
184.000000
209.000000
243.000000
233.000000
304.000000
291.000000
290.000000
264.000000
182.000000
158.000000
134.000000
139.000000
129.000000
173.000000
200.000000
212.000000
248.000000
227.000000
296.000000
246.000000
257.000000
270.000000
297.000000
257.000000
302.000000
303.000000
381.000000
359.000000
376.000000
352.000000
284.000000
259.000000
190.000000
162.000000
161.000000
134.000000
141.000000
163.000000
194.000000
266.000000
257.000000
276.000000
318.000000
361.000000
389.000000
413.000000
508.000000
470.000000
408.000000
411.000000
449.000000
530.000000
632.000000
542.000000
425.000000
365.000000
299.000000
261.000000
225.000000
211.000000
245.000000
379.000000
425.000000
568.000000
657.000000
664.000000
835.000000
769.000000
724.000000
786.000000
826.000000
907.000000
1022.000000
1125.000000
921.000000
1121.000000
1100.000000
989.000000
1137.000000
855.000000
770.000000
680.000000
530.000000
498.000000
563.000000
716.000000
890.000000
1675.000000
1828.000000
1744.000000
1787.000000
1883.000000
1837.000000
1722.000000
1745.000000
1502.000000
1574.000000
1577.000000
1785.000000
1878.000000
1871.000000
1586.000000
1406.000000
1211.000000
878.000000
846.000000
600.000000
472.000000
475.000000
574.000000
630.000000
1114.000000
1236.000000
1264.000000
1305.000000
1291.000000
1321.000000
1196.000000
1324.000000
1445.000000
1337.000000
1419.000000
1366.000000
1445.000000
1575.000000
1389.000000
1351.000000
1149.000000
855.000000
668.000000
466.000000
394.000000
446.000000
522.000000
565.000000
650.000000
795.000000
943.000000
1048.000000
1103.000000
1280.000000
1332.000000
1322.000000
1306.000000
1268.000000
1286.000000
1217.000000
1348.000000
1319.000000
1178.000000
1162.000000
935.000000
646.000000
564.000000
456.000000
394.000000
427.000000
554.000000
648.000000
830.000000
996.000000
1013.000000
985.000000
996.000000
1019.000000
1045.000000
974.000000
933.000000
767.000000
803.000000
796.000000
780.000000
811.000000
744.000000
704.000000
625.000000
444.000000
406.000000
347.000000
329.000000
361.000000
441.000000
516.000000
528.000000
580.000000
647.000000
676.000000
684.000000
828.000000
821.000000
1040.000000
979.000000
855.000000
957.000000
887.000000
932.000000
961.000000
864.000000
835.000000
713.000000
489.000000
457.000000
369.000000
369.000000
386.000000
410.000000
486.000000
516.000000
646.000000
603.000000
665.000000
868.000000
820.000000
734.000000
782.000000
704.000000
705.000000
693.000000
657.000000
702.000000
765.000000
671.000000
593.000000
572.000000
561.000000
496.000000
381.000000
346.000000
298.000000
358.000000
466.000000
508.000000
535.000000
537.000000
607.000000
634.000000
569.000000
656.000000
720.000000
648.000000
666.000000
681.000000
633.000000
633.000000
651.000000
594.000000
573.000000
492.000000
374.000000
291.000000
474.000000
794.000000
643.000000
578.000000
570.000000
649.000000
671.000000
730.000000
756.000000
751.000000
