669.000000
603.000000
570.000000
603.000000
934.000000
859.000000
811.000000
814.000000
674.000000
814.000000
1127.000000
1238.000000
1028.000000
581.000000
585.000000
440.000000
279.000000
284.000000
302.000000
258.000000
286.000000
367.000000
501.000000
672.000000
631.000000
680.000000
755.000000
640.000000
676.000000
763.000000
715.000000
796.000000
872.000000
718.000000
788.000000
779.000000
605.000000
500.000000
385.000000
327.000000
341.000000
240.000000
219.000000
269.000000
325.000000
547.000000
686.000000
1051.000000
979.000000
858.000000
751.000000
728.000000
1078.000000
1102.000000
1010.000000
928.000000
1234.000000
885.000000
833.000000
929.000000
713.000000
442.000000
331.000000
267.000000
304.000000
219.000000
251.000000
289.000000
387.000000
472.000000
520.000000
625.000000
712.000000
784.000000
725.000000
1142.000000
1122.000000
903.000000
1143.000000
932.000000
788.000000
1128.000000
870.000000
732.000000
732.000000
491.000000
496.000000
364.000000
321.000000
270.000000
235.000000
264.000000
287.000000
387.000000
515.000000
534.000000
562.000000
765.000000
769.000000
777.000000
688.000000
909.000000
763.000000
807.000000
773.000000
1072.000000
995.000000
1373.000000
782.000000
625.000000
497.000000
409.000000
375.000000
280.000000
274.000000
393.000000
458.000000
595.000000
705.000000
628.000000
820.000000
870.000000
856.000000
871.000000
1122.000000
959.000000
924.000000
1056.000000
834.000000
835.000000
1446.000000
1093.000000
1072.000000
958.000000
602.000000
462.000000
401.000000
295.000000
289.000000
403.000000
504.000000
859.000000
1052.000000
862.000000
1025.000000
1004.000000
1127.000000
1172.000000
1252.000000
1699.000000
1540.000000
1479.000000
1431.000000
1608.000000
2163.000000
2105.000000
1579.000000
1181.000000
1078.000000
822.000000
791.000000
595.000000
574.000000
761.000000
984.000000
1106.000000
1400.000000
1510.000000
2170.000000
1817.000000
1730.000000
1687.000000
1833.000000
1764.000000
1741.000000
1703.000000
1850.000000
1608.000000
1765.000000
1607.000000
1461.000000
1343.000000
1097.000000
897.000000
701.000000
554.000000
554.000000
541.000000
607.000000
883.000000
1024.000000
1153.000000
1165.000000
1167.000000
1222.000000
1198.000000
1250.000000
1303.000000
1339.000000
1333.000000
1291.000000
1226.000000
1409.000000
1358.000000
1144.000000
1017.000000
950.000000
729.000000
552.000000
448.000000
417.000000
368.000000
492.000000
649.000000
818.000000
849.000000
1051.000000
1274.000000
1296.000000
1275.000000
1450.000000
1281.000000
1245.000000
1340.000000
1258.000000
1311.000000
1294.000000
1212.000000
1047.000000
978.000000
903.000000
709.000000
658.000000
548.000000
450.000000
583.000000
702.000000
873.000000
1123.000000
1187.000000
1123.000000
1262.000000
1189.000000
1344.000000
1304.000000
1298.000000
1147.000000
1025.000000
941.000000
755.000000
829.000000
825.000000
756.000000
633.000000
594.000000
576.000000
464.000000
432.000000
420.000000
452.000000
498.000000
574.000000
642.000000
693.000000
764.000000
752.000000
773.000000
814.000000
902.000000
890.000000
830.000000
814.000000
615.000000
593.000000
593.000000
659.000000
570.000000
489.000000
412.000000
356.000000
348.000000
307.000000
283.000000
352.000000
376.000000
393.000000
487.000000
540.000000
580.000000
585.000000
547.000000
620.000000
701.000000
634.000000
623.000000
589.000000
501.000000
496.000000
518.000000
499.000000
427.000000
373.000000
391.000000
343.000000
279.000000
289.000000
240.000000
265.000000
337.000000
359.000000
467.000000
524.000000
557.000000
621.000000
566.000000
622.000000
614.000000
675.000000
556.000000
441.000000
421.000000
413.000000
436.000000
398.000000
354.000000
311.000000
330.000000
293.000000
265.000000
270.000000
263.000000
318.000000
360.000000
363.000000
485.000000
580.000000
560.000000
