234.000000
181.000000
239.000000
265.000000
309.000000
244.000000
194.000000
143.000000
142.000000
106.000000
72.000000
61.000000
55.000000
92.000000
98.000000
157.000000
168.000000
202.000000
209.000000
211.000000
221.000000
234.000000
211.000000
249.000000
259.000000
234.000000
457.000000
324.000000
301.000000
245.000000
178.000000
153.000000
114.000000
128.000000
55.000000
81.000000
77.000000
104.000000
123.000000
172.000000
200.000000
205.000000
209.000000
215.000000
233.000000
238.000000
241.000000
234.000000
250.000000
294.000000
226.000000
268.000000
334.000000
274.000000
453.000000
185.000000
150.000000
145.000000
111.000000
91.000000
154.000000
190.000000
307.000000
288.000000
308.000000
299.000000
321.000000
271.000000
304.000000
343.000000
314.000000
295.000000
306.000000
417.000000
473.000000
493.000000
355.000000
347.000000
292.000000
215.000000
119.000000
131.000000
131.000000
105.000000
116.000000
143.000000
203.000000
318.000000
334.000000
336.000000
358.000000
364.000000
350.000000
361.000000
406.000000
389.000000
374.000000
373.000000
526.000000
493.000000
526.000000
352.000000
331.000000
215.000000
215.000000
146.000000
141.000000
159.000000
148.000000
190.000000
266.000000
294.000000
333.000000
352.000000
445.000000
438.000000
437.000000
405.000000
458.000000
392.000000
448.000000
435.000000
499.000000
527.000000
576.000000
571.000000
472.000000
362.000000
365.000000
264.000000
223.000000
202.000000
288.000000
365.000000
456.000000
601.000000
714.000000
819.000000
761.000000
860.000000
898.000000
948.000000
957.000000
961.000000
900.000000
837.000000
899.000000
900.000000
894.000000
897.000000
661.000000
589.000000
464.000000
315.000000
258.000000
278.000000
262.000000
350.000000
437.000000
560.000000
597.000000
739.000000
767.000000
797.000000
910.000000
870.000000
946.000000
933.000000
973.000000
901.000000
876.000000
879.000000
869.000000
752.000000
678.000000
544.000000
397.000000
345.000000
288.000000
256.000000
254.000000
305.000000
422.000000
488.000000
595.000000
656.000000
723.000000
699.000000
770.000000
762.000000
781.000000
824.000000
834.000000
772.000000
787.000000
854.000000
789.000000
694.000000
565.000000
476.000000
387.000000
305.000000
265.000000
255.000000
307.000000
347.000000
450.000000
483.000000
562.000000
603.000000
597.000000
775.000000
635.000000
628.000000
674.000000
703.000000
616.000000
615.000000
577.000000
555.000000
504.000000
497.000000
398.000000
290.000000
217.000000
175.000000
188.000000
194.000000
179.000000
257.000000
305.000000
324.000000
483.000000
464.000000
551.000000
474.000000
495.000000
505.000000
490.000000
463.000000
436.000000
461.000000
432.000000
464.000000
432.000000
359.000000
386.000000
274.000000
242.000000
196.000000
197.000000
170.000000
175.000000
179.000000
311.000000
326.000000
325.000000
363.000000
405.000000
417.000000
412.000000
417.000000
403.000000
391.000000
374.000000
340.000000
337.000000
374.000000
394.000000
306.000000
261.000000
224.000000
173.000000
178.000000
152.000000
145.000000
147.000000
169.000000
231.000000
258.000000
297.000000
381.000000
459.000000
404.000000
397.000000
438.000000
412.000000
355.000000
333.000000
372.000000
425.000000
449.000000
436.000000
357.000000
279.000000
239.000000
210.000000
162.000000
154.000000
157.000000
155.000000
191.000000
299.000000
286.000000
330.000000
379.000000
354.000000
346.000000
343.000000
408.000000
374.000000
390.000000
353.000000
369.000000
392.000000
355.000000
378.000000
317.000000
287.000000
237.000000
188.000000
159.000000
136.000000
104.000000
139.000000
161.000000
191.000000
237.000000
244.000000
307.000000
321.000000
305.000000
345.000000
408.000000
368.000000
343.000000
376.000000
