227.000000
214.000000
186.000000
113.000000
101.000000
98.000000
92.000000
100.000000
146.000000
150.000000
187.000000
234.000000
228.000000
195.000000
217.000000
214.000000
223.000000
240.000000
237.000000
235.000000
196.000000
218.000000
257.000000
230.000000
241.000000
216.000000
192.000000
137.000000
98.000000
93.000000
97.000000
107.000000
148.000000
172.000000
164.000000
177.000000
184.000000
185.000000
187.000000
246.000000
212.000000
222.000000
227.000000
175.000000
188.000000
207.000000
167.000000
201.000000
176.000000
140.000000
131.000000
108.000000
100.000000
93.000000
68.000000
110.000000
81.000000
98.000000
115.000000
141.000000
147.000000
160.000000
184.000000
183.000000
161.000000
184.000000
191.000000
189.000000
179.000000
214.000000
213.000000
212.000000
209.000000
162.000000
151.000000
145.000000
95.000000
108.000000
106.000000
98.000000
102.000000
121.000000
163.000000
153.000000
157.000000
234.000000
189.000000
168.000000
204.000000
204.000000
215.000000
202.000000
211.000000
237.000000
236.000000
193.000000
193.000000
194.000000
134.000000
118.000000
135.000000
88.000000
85.000000
119.000000
174.000000
172.000000
214.000000
247.000000
246.000000
230.000000
220.000000
431.000000
514.000000
376.000000
376.000000
303.000000
409.000000
280.000000
325.000000
348.000000
351.000000
267.000000
233.000000
185.000000
147.000000
141.000000
125.000000
168.000000
204.000000
208.000000
241.000000
338.000000
290.000000
321.000000
350.000000
399.000000
367.000000
341.000000
311.000000
390.000000
620.000000
459.000000
433.000000
489.000000
408.000000
345.000000
279.000000
208.000000
197.000000
133.000000
129.000000
147.000000
166.000000
791.000000
629.000000
438.000000
547.000000
432.000000
356.000000
368.000000
401.000000
461.000000
404.000000
362.000000
394.000000
402.000000
361.000000
456.000000
966.000000
834.000000
533.000000
436.000000
340.000000
252.000000
246.000000
275.000000
325.000000
392.000000
461.000000
424.000000
549.000000
522.000000
486.000000
549.000000
509.000000
543.000000
615.000000
577.000000
569.000000
551.000000
536.000000
618.000000
590.000000
450.000000
367.000000
258.000000
236.000000
212.000000
213.000000
317.000000
328.000000
469.000000
594.000000
689.000000
740.000000
722.000000
681.000000
742.000000
841.000000
796.000000
695.000000
574.000000
596.000000
546.000000
642.000000
627.000000
525.000000
441.000000
389.000000
301.000000
255.000000
214.000000
246.000000
242.000000
259.000000
324.000000
576.000000
402.000000
565.000000
595.000000
549.000000
486.000000
553.000000
597.000000
504.000000
532.000000
513.000000
490.000000
481.000000
463.000000
434.000000
388.000000
318.000000
263.000000
267.000000
237.000000
241.000000
232.000000
268.000000
380.000000
340.000000
393.000000
457.000000
449.000000
503.000000
505.000000
571.000000
567.000000
608.000000
538.000000
469.000000
487.000000
512.000000
486.000000
399.000000
377.000000
322.000000
285.000000
237.000000
236.000000
232.000000
230.000000
275.000000
345.000000
366.000000
428.000000
479.000000
482.000000
574.000000
576.000000
565.000000
465.000000
514.000000
507.000000
503.000000
534.000000
523.000000
574.000000
504.000000
373.000000
345.000000
286.000000
214.000000
174.000000
179.000000
196.000000
263.000000
386.000000
335.000000
349.000000
425.000000
443.000000
402.000000
383.000000
390.000000
446.000000
383.000000
399.000000
436.000000
399.000000
396.000000
548.000000
470.000000
346.000000
266.000000
197.000000
199.000000
212.000000
184.000000
206.000000
254.000000
292.000000
402.000000
447.000000
472.000000
455.000000
516.000000
505.000000
562.000000
500.000000
495.000000
455.000000
457.000000
462.000000
459.000000
462.000000
432.000000
