1655.000000
1695.000000
1630.000000
1507.000000
1297.000000
1171.000000
955.000000
925.000000
883.000000
929.000000
959.000000
1163.000000
1334.000000
1584.000000
1555.000000
1784.000000
1806.000000
1882.000000
1792.000000
1915.000000
1945.000000
1738.000000
1736.000000
1890.000000
2036.000000
1808.000000
1817.000000
1579.000000
1304.000000
1202.000000
996.000000
891.000000
951.000000
1052.000000
1064.000000
1189.000000
1466.000000
1536.000000
1926.000000
2119.000000
1864.000000
1994.000000
2089.000000
2023.000000
2166.000000
2112.000000
1923.000000
2159.000000
2724.000000
2327.000000
1878.000000
1796.000000
1650.000000
1432.000000
1341.000000
1218.000000
1253.000000
1273.000000
1506.000000
2017.000000
2437.000000
3030.000000
3857.000000
4586.000000
5515.000000
4689.000000
5181.000000
6151.000000
5580.000000
5739.000000
5395.000000
5972.000000
5257.000000
4640.000000
4179.000000
4092.000000
3044.000000
2772.000000
2595.000000
2502.000000
2464.000000
2464.000000
2893.000000
3557.000000
3955.000000
4075.000000
4491.000000
4601.000000
5357.000000
5156.000000
4870.000000
4682.000000
4516.000000
4435.000000
4218.000000
4567.000000
4485.000000
4212.000000
3976.000000
3728.000000
3073.000000
2851.000000
2569.000000
3031.000000
3100.000000
3147.000000
3582.000000
4057.000000
4542.000000
4955.000000
5051.000000
5073.000000
4618.000000
4389.000000
4916.000000
5066.000000
5251.000000
5310.000000
5354.000000
5950.000000
6566.000000
6278.000000
5941.000000
6043.000000
5155.000000
4495.000000
4066.000000
4130.000000
4277.000000
4712.000000
5442.000000
6132.000000
6932.000000
7643.000000
7846.000000
8972.000000
8244.000000
8171.000000
7804.000000
8074.000000
8019.000000
9007.000000
9204.000000
9659.000000
11082.000000
12438.000000
12030.000000
11837.000000
10863.000000
8808.000000
7857.000000
6728.000000
6491.000000
7109.000000
8880.000000
10872.000000
13027.000000
14317.000000
14663.000000
14947.000000
14898.000000
14762.000000
14510.000000
14133.000000
13742.000000
15057.000000
14795.000000
15170.000000
15574.000000
15377.000000
13747.000000
13092.000000
11930.000000
9543.000000
8416.000000
7066.000000
6537.000000
6486.000000
6924.000000
8364.000000
9190.000000
10135.000000
10645.000000
10939.000000
10520.000000
10478.000000
10514.000000
10242.000000
9984.000000
10043.000000
10611.000000
9902.000000
9964.000000
10633.000000
10280.000000
9913.000000
8848.000000
7293.000000
6148.000000
5038.000000
4717.000000
4437.000000
4779.000000
5579.000000
6717.000000
7371.000000
8590.000000
9337.000000
9489.000000
9573.000000
9928.000000
9946.000000
9808.000000
9376.000000
8604.000000
8887.000000
9146.000000
9253.000000
9299.000000
8054.000000
7013.000000
5944.000000
4809.000000
4358.000000
4082.000000
4423.000000
5131.000000
6290.000000
7383.000000
7995.000000
8158.000000
8355.000000
8040.000000
7857.000000
7331.000000
7184.000000
7052.000000
6436.000000
6075.000000
5919.000000
5841.000000
5839.000000
5518.000000
5003.000000
4394.000000
3888.000000
3324.000000
3167.000000
3039.000000
3150.000000
3378.000000
3949.000000
4311.000000
4672.000000
4628.000000
4661.000000
4597.000000
4447.000000
4688.000000
4607.000000
4531.000000
4241.000000
4415.000000
4478.000000
4628.000000
4814.000000
4526.000000
4504.000000
4002.000000
3296.000000
3044.000000
2621.000000
2272.000000
2370.000000
2713.000000
2921.000000
3445.000000
3703.000000
3750.000000
3864.000000
3586.000000
3525.000000
3656.000000
3714.000000
3530.000000
3677.000000
3470.000000
3479.000000
3919.000000
4119.000000
3860.000000
3537.000000
2836.000000
2580.000000
2336.000000
2139.000000
1992.000000
2086.000000
2216.000000
2543.000000
2844.000000
3061.000000
3208.000000
3278.000000
3239.000000
3230.000000
3166.000000
3410.000000
3237.000000
3153.000000
3039.000000
3040.000000
3071.000000
3445.000000
3418.000000
3232.000000
2831.000000
2473.000000
2267.000000
2168.000000
1981.000000
2167.000000
2455.000000
2717.000000
2999.000000
3175.000000
3180.000000
3398.000000
3387.000000
3492.000000
3299.000000
3252.000000
3256.000000
3279.000000
3366.000000
3253.000000
3433.000000
