431.000000
388.000000
463.000000
463.000000
486.000000
466.000000
467.000000
445.000000
391.000000
292.000000
302.000000
284.000000
298.000000
301.000000
214.000000
240.000000
280.000000
344.000000
374.000000
382.000000
478.000000
478.000000
389.000000
408.000000
430.000000
393.000000
359.000000
394.000000
578.000000
455.000000
355.000000
331.000000
303.000000
266.000000
217.000000
204.000000
185.000000
217.000000
184.000000
234.000000
253.000000
287.000000
275.000000
325.000000
275.000000
311.000000
319.000000
377.000000
367.000000
333.000000
353.000000
390.000000
371.000000
468.000000
440.000000
317.000000
328.000000
285.000000
281.000000
201.000000
180.000000
167.000000
206.000000
257.000000
431.000000
304.000000
312.000000
317.000000
319.000000
428.000000
364.000000
379.000000
446.000000
377.000000
371.000000
453.000000
570.000000
436.000000
582.000000
422.000000
433.000000
304.000000
328.000000
301.000000
257.000000
236.000000
283.000000
345.000000
350.000000
389.000000
412.000000
426.000000
410.000000
385.000000
507.000000
545.000000
645.000000
586.000000
551.000000
572.000000
1050.000000
972.000000
764.000000
630.000000
687.000000
488.000000
468.000000
404.000000
347.000000
343.000000
541.000000
719.000000
779.000000
871.000000
846.000000
888.000000
808.000000
941.000000
1019.000000
1060.000000
1077.000000
1054.000000
1117.000000
1101.000000
1327.000000
1303.000000
1054.000000
896.000000
791.000000
686.000000
619.000000
513.000000
481.000000
555.000000
564.000000
685.000000
839.000000
984.000000
987.000000
951.000000
982.000000
989.000000
991.000000
1178.000000
1145.000000
1083.000000
1088.000000
1100.000000
1155.000000
1085.000000
962.000000
941.000000
895.000000
701.000000
583.000000
507.000000
508.000000
550.000000
536.000000
546.000000
709.000000
872.000000
926.000000
1097.000000
1149.000000
1234.000000
1221.000000
1265.000000
1706.000000
1434.000000
1320.000000
1326.000000
1325.000000
1289.000000
1224.000000
1174.000000
1033.000000
937.000000
758.000000
656.000000
593.000000
490.000000
543.000000
525.000000
659.000000
697.000000
881.000000
1034.000000
1111.000000
1431.000000
1369.000000
1466.000000
1324.000000
1214.000000
1315.000000
1699.000000
1463.000000
1661.000000
1416.000000
1204.000000
993.000000
870.000000
728.000000
705.000000
655.000000
544.000000
621.000000
710.000000
895.000000
1000.000000
1123.000000
1138.000000
1054.000000
1025.000000
1011.000000
1139.000000
1068.000000
948.000000
909.000000
883.000000
842.000000
840.000000
809.000000
759.000000
644.000000
521.000000
437.000000
415.000000
371.000000
336.000000
362.000000
410.000000
553.000000
583.000000
645.000000
640.000000
671.000000
785.000000
664.000000
674.000000
675.000000
602.000000
632.000000
664.000000
665.000000
590.000000
560.000000
466.000000
458.000000
373.000000
313.000000
306.000000
278.000000
296.000000
281.000000
306.000000
361.000000
408.000000
479.000000
462.000000
446.000000
538.000000
522.000000
536.000000
552.000000
568.000000
529.000000
513.000000
560.000000
517.000000
481.000000
391.000000
415.000000
315.000000
267.000000
249.000000
251.000000
244.000000
256.000000
281.000000
312.000000
417.000000
396.000000
412.000000
389.000000
406.000000
471.000000
447.000000
509.000000
470.000000
485.000000
487.000000
492.000000
625.000000
506.000000
437.000000
382.000000
306.000000
280.000000
241.000000
233.000000
241.000000
231.000000
261.000000
345.000000
325.000000
359.000000
372.000000
337.000000
399.000000
388.000000
422.000000
452.000000
445.000000
509.000000
498.000000
545.000000
543.000000
520.000000
401.000000
429.000000
380.000000
319.000000
246.000000
224.000000
272.000000
276.000000
298.000000
310.000000
327.000000
382.000000
467.000000
485.000000
477.000000
489.000000
549.000000
520.000000
