182.000000
200.000000
192.000000
172.000000
222.000000
370.000000
279.000000
227.000000
168.000000
206.000000
178.000000
188.000000
196.000000
178.000000
182.000000
172.000000
174.000000
155.000000
144.000000
180.000000
155.000000
174.000000
230.000000
260.000000
299.000000
267.000000
216.000000
221.000000
206.000000
194.000000
193.000000
203.000000
167.000000
424.000000
196.000000
213.000000
198.000000
235.000000
151.000000
108.000000
139.000000
131.000000
116.000000
137.000000
140.000000
166.000000
187.000000
276.000000
221.000000
383.000000
289.000000
286.000000
410.000000
324.000000
286.000000
312.000000
285.000000
275.000000
484.000000
397.000000
877.000000
640.000000
280.000000
179.000000
189.000000
180.000000
182.000000
215.000000
209.000000
224.000000
284.000000
364.000000
358.000000
326.000000
338.000000
355.000000
405.000000
328.000000
282.000000
455.000000
466.000000
565.000000
744.000000
748.000000
516.000000
387.000000
249.000000
183.000000
207.000000
139.000000
131.000000
171.000000
177.000000
205.000000
258.000000
269.000000
320.000000
299.000000
306.000000
337.000000
284.000000
334.000000
246.000000
314.000000
326.000000
370.000000
470.000000
320.000000
397.000000
337.000000
263.000000
198.000000
154.000000
165.000000
180.000000
195.000000
226.000000
237.000000
281.000000
299.000000
353.000000
383.000000
351.000000
360.000000
319.000000
404.000000
364.000000
449.000000
383.000000
320.000000
762.000000
377.000000
385.000000
757.000000
338.000000
259.000000
322.000000
211.000000
227.000000
227.000000
235.000000
334.000000
382.000000
450.000000
535.000000
461.000000
535.000000
527.000000
488.000000
527.000000
449.000000
497.000000
724.000000
663.000000
621.000000
677.000000
671.000000
635.000000
371.000000
357.000000
292.000000
247.000000
260.000000
327.000000
356.000000
471.000000
797.000000
994.000000
1056.000000
991.000000
928.000000
951.000000
914.000000
988.000000
831.000000
861.000000
911.000000
897.000000
863.000000
891.000000
829.000000
759.000000
580.000000
464.000000
400.000000
337.000000
314.000000
301.000000
377.000000
465.000000
508.000000
596.000000
648.000000
675.000000
721.000000
719.000000
800.000000
787.000000
768.000000
654.000000
687.000000
723.000000
657.000000
700.000000
602.000000
549.000000
497.000000
410.000000
331.000000
252.000000
234.000000
218.000000
281.000000
333.000000
371.000000
451.000000
516.000000
540.000000
575.000000
539.000000
601.000000
542.000000
507.000000
578.000000
532.000000
523.000000
614.000000
599.000000
467.000000
462.000000
365.000000
361.000000
294.000000
241.000000
236.000000
242.000000
283.000000
446.000000
441.000000
472.000000
435.000000
518.000000
502.000000
466.000000
464.000000
410.000000
362.000000
305.000000
317.000000
330.000000
360.000000
373.000000
309.000000
302.000000
370.000000
237.000000
230.000000
234.000000
252.000000
239.000000
240.000000
251.000000
325.000000
362.000000
364.000000
379.000000
378.000000
352.000000
365.000000
368.000000
320.000000
309.000000
263.000000
293.000000
365.000000
278.000000
276.000000
284.000000
229.000000
218.000000
193.000000
159.000000
167.000000
135.000000
180.000000
184.000000
188.000000
223.000000
279.000000
261.000000
299.000000
292.000000
316.000000
267.000000
1016.000000
1014.000000
660.000000
609.000000
547.000000
510.000000
439.000000
390.000000
352.000000
346.000000
312.000000
225.000000
239.000000
237.000000
227.000000
301.000000
284.000000
342.000000
355.000000
320.000000
360.000000
351.000000
314.000000
328.000000
275.000000
262.000000
220.000000
246.000000
208.000000
262.000000
239.000000
221.000000
193.000000
169.000000
149.000000
168.000000
144.000000
175.000000
167.000000
194.000000
253.000000
241.000000
295.000000
