894.000000
787.000000
766.000000
684.000000
600.000000
502.000000
452.000000
459.000000
495.000000
547.000000
712.000000
717.000000
822.000000
866.000000
879.000000
968.000000
990.000000
892.000000
1017.000000
974.000000
902.000000
911.000000
1051.000000
1032.000000
1125.000000
1082.000000
1025.000000
771.000000
670.000000
588.000000
607.000000
566.000000
551.000000
608.000000
753.000000
807.000000
848.000000
971.000000
956.000000
897.000000
953.000000
1167.000000
1095.000000
1355.000000
990.000000
982.000000
853.000000
975.000000
878.000000
1224.000000
912.000000
901.000000
804.000000
827.000000
840.000000
652.000000
712.000000
756.000000
862.000000
938.000000
1090.000000
1142.000000
1446.000000
1963.000000
1810.000000
1923.000000
1980.000000
1786.000000
1603.000000
1575.000000
1544.000000
1648.000000
1614.000000
1376.000000
1336.000000
1212.000000
1095.000000
1001.000000
922.000000
930.000000
1073.000000
1146.000000
1288.000000
1409.000000
1533.000000
1619.000000
1694.000000
1752.000000
2445.000000
2289.000000
2108.000000
2054.000000
2138.000000
2080.000000
2179.000000
2814.000000
3927.000000
3210.000000
2543.000000
2631.000000
2153.000000
1903.000000
1708.000000
1721.000000
1748.000000
2090.000000
2334.000000
2611.000000
2763.000000
2768.000000
2751.000000
2489.000000
2547.000000
2525.000000
2470.000000
2564.000000
2456.000000
2500.000000
3816.000000
3697.000000
3231.000000
2803.000000
2652.000000
2420.000000
2056.000000
2094.000000
1968.000000
1921.000000
2088.000000
2301.000000
2741.000000
2983.000000
3396.000000
3444.000000
3664.000000
3597.000000
3539.000000
3410.000000
3340.000000
3284.000000
3268.000000
3216.000000
3419.000000
3977.000000
4128.000000
3837.000000
3993.000000
3832.000000
3241.000000
3088.000000
2821.000000
2514.000000
2785.000000
3325.000000
3856.000000
4583.000000
5119.000000
5222.000000
4941.000000
5057.000000
5041.000000
4979.000000
4834.000000
5229.000000
5221.000000
4706.000000
4650.000000
5715.000000
6924.000000
6303.000000
5739.000000
5274.000000
4449.000000
3832.000000
3386.000000
2938.000000
2824.000000
3089.000000
3544.000000
4229.000000
4704.000000
5106.000000
5251.000000
5193.000000
4798.000000
4883.000000
5214.000000
5454.000000
6406.000000
6778.000000
5743.000000
6005.000000
6483.000000
6053.000000
5565.000000
5476.000000
4550.000000
3880.000000
3437.000000
2866.000000
2816.000000
2954.000000
3464.000000
3997.000000
4274.000000
5173.000000
5505.000000
5619.000000
5997.000000
5819.000000
5737.000000
5489.000000
5624.000000
5618.000000
5450.000000
5460.000000
5485.000000
5018.000000
4652.000000
4297.000000
3536.000000
2999.000000
2778.000000
2413.000000
2517.000000
2957.000000
3613.000000
4120.000000
4531.000000
4885.000000
4671.000000
4579.000000
4183.000000
3932.000000
3779.000000
3436.000000
3322.000000
3272.000000
3208.000000
3210.000000
3375.000000
3007.000000
2889.000000
2674.000000
2311.000000
2141.000000
1973.000000
1834.000000
1822.000000
2030.000000
2483.000000
2731.000000
3068.000000
3186.000000
3074.000000
2971.000000
3033.000000
2936.000000
2906.000000
2827.000000
2802.000000
2878.000000
2775.000000
3065.000000
3151.000000
2985.000000
3210.000000
2822.000000
2496.000000
2329.000000
2221.000000
2104.000000
2134.000000
2392.000000
2747.000000
2874.000000
3050.000000
3031.000000
2918.000000
2629.000000
2601.000000
2447.000000
2449.000000
2416.000000
2245.000000
2257.000000
2318.000000
2610.000000
2588.000000
2428.000000
2322.000000
2225.000000
1986.000000
1978.000000
1759.000000
2071.000000
2682.000000
3002.000000
2647.000000
2516.000000
2623.000000
2525.000000
2555.000000
2682.000000
2844.000000
2847.000000
2763.000000
2664.000000
2408.000000
2303.000000
2436.000000
2565.000000
2711.000000
2602.000000
2589.000000
2408.000000
2094.000000
2089.000000
2043.000000
2083.000000
2068.000000
2227.000000
2612.000000
2869.000000
3213.000000
3328.000000
3244.000000
3204.000000
2933.000000
2960.000000
3029.000000
2941.000000
2862.000000
2806.000000
2610.000000
3018.000000
3026.000000
