1797.000000
1515.000000
1118.000000
797.000000
532.000000
394.000000
330.000000
321.000000
404.000000
638.000000
935.000000
1077.000000
1418.000000
1610.000000
1776.000000
1713.000000
1819.000000
1691.000000
1695.000000
1787.000000
1844.000000
1935.000000
1978.000000
1944.000000
1872.000000
1746.000000
1326.000000
950.000000
635.000000
486.000000
359.000000
340.000000
395.000000
661.000000
933.000000
1233.000000
1491.000000
1743.000000
1862.000000
1838.000000
1893.000000
1842.000000
1809.000000
1709.000000
1968.000000
2053.000000
2017.000000
2532.000000
2837.000000
2495.000000
1943.000000
1408.000000
1002.000000
706.000000
548.000000
540.000000
588.000000
881.000000
1423.000000
1813.000000
2168.000000
2465.000000
2460.000000
2522.000000
2422.000000
2517.000000
2320.000000
2283.000000
2538.000000
2685.000000
2673.000000
2627.000000
2577.000000
2189.000000
1664.000000
1180.000000
807.000000
593.000000
440.000000
507.000000
581.000000
923.000000
1315.000000
1583.000000
1973.000000
2009.000000
2401.000000
2253.000000
2440.000000
2354.000000
2487.000000
2439.000000
3441.000000
2916.000000
3263.000000
3119.000000
3267.000000
2887.000000
2106.000000
1456.000000
978.000000
799.000000
623.000000
586.000000
731.000000
1178.000000
1497.000000
1905.000000
2322.000000
2680.000000
2831.000000
2731.000000
3267.000000
3090.000000
3132.000000
3491.000000
3517.000000
3661.000000
3727.000000
3720.000000
3939.000000
3280.000000
2590.000000
1793.000000
1350.000000
1038.000000
810.000000
856.000000
1083.000000
1704.000000
2355.000000
2916.000000
3714.000000
4307.000000
4609.000000
4978.000000
5047.000000
5128.000000
4907.000000
5617.000000
6090.000000
6798.000000
7417.000000
7654.000000
7869.000000
6919.000000
5589.000000
3992.000000
2801.000000
2094.000000
1939.000000
2079.000000
3317.000000
6217.000000
9242.000000
11692.000000
14635.000000
17096.000000
19082.000000
21522.000000
22371.000000
22889.000000
23288.000000
25061.000000
28542.000000
30600.000000
30428.000000
30837.000000
31562.000000
27915.000000
21806.000000
15629.000000
10138.000000
7240.000000
5366.000000
5796.000000
8006.000000
14095.000000
18730.000000
22097.000000
24566.000000
26655.000000
26771.000000
25875.000000
27393.000000
27154.000000
24757.000000
25107.000000
27666.000000
29678.000000
28267.000000
28126.000000
27123.000000
24301.000000
18866.000000
13935.000000
9859.000000
6788.000000
4997.000000
4970.000000
6987.000000
11402.000000
16602.000000
19468.000000
21417.000000
22957.000000
23466.000000
23607.000000
23735.000000
22829.000000
21540.000000
22281.000000
23533.000000
25822.000000
26008.000000
26075.000000
26659.000000
23811.000000
17925.000000
12846.000000
8888.000000
6062.000000
4840.000000
4802.000000
6160.000000
9602.000000
14702.000000
17792.000000
20262.000000
22714.000000
22988.000000
22342.000000
22406.000000
21896.000000
21493.000000
21292.000000
22803.000000
23519.000000
23266.000000
22783.000000
22694.000000
20271.000000
15588.000000
11179.000000
8340.000000
5801.000000
3870.000000
4037.000000
5441.000000
9036.000000
12307.000000
14579.000000
16720.000000
18913.000000
19797.000000
19104.000000
19421.000000
19117.000000
18322.000000
18249.000000
19107.000000
19773.000000
20523.000000
20588.000000
19762.000000
16928.000000
12942.000000
9090.000000
6269.000000
4285.000000
3287.000000
3272.000000
4445.000000
7720.000000
10421.000000
11893.000000
13884.000000
15444.000000
15753.000000
16658.000000
16417.000000
15757.000000
15663.000000
16070.000000
17794.000000
17985.000000
17986.000000
18078.000000
17683.000000
15253.000000
11739.000000
7927.000000
5450.000000
3668.000000
2753.000000
2881.000000
3973.000000
6517.000000
8893.000000
10429.000000
11724.000000
12641.000000
13304.000000
13425.000000
13472.000000
13255.000000
13304.000000
13536.000000
14621.000000
16132.000000
15968.000000
16043.000000
15721.000000
13498.000000
10011.000000
7117.000000
4716.000000
3141.000000
2491.000000
2602.000000
3537.000000
5986.000000
8187.000000
8870.000000
10952.000000
12311.000000
12571.000000
12621.000000
12929.000000
12478.000000
11542.000000
12007.000000
12738.000000
13705.000000
14094.000000
14209.000000
13410.000000
