1094.000000
1240.000000
1131.000000
1035.000000
978.000000
1332.000000
1625.000000
971.000000
1137.000000
881.000000
792.000000
678.000000
598.000000
664.000000
614.000000
682.000000
710.000000
819.000000
955.000000
993.000000
965.000000
1116.000000
1070.000000
1070.000000
1105.000000
1188.000000
1048.000000
1020.000000
887.000000
894.000000
953.000000
985.000000
899.000000
874.000000
742.000000
744.000000
728.000000
750.000000
642.000000
659.000000
775.000000
903.000000
980.000000
1051.000000
1124.000000
1189.000000
1149.000000
1229.000000
1281.000000
1155.000000
1111.000000
1015.000000
2002.000000
1356.000000
1350.000000
1613.000000
1312.000000
1096.000000
978.000000
951.000000
1042.000000
933.000000
1001.000000
955.000000
1315.000000
1442.000000
1559.000000
1623.000000
1556.000000
1505.000000
1527.000000
1653.000000
1704.000000
1822.000000
1467.000000
1270.000000
1270.000000
1569.000000
1560.000000
1434.000000
1389.000000
1312.000000
1068.000000
1017.000000
1023.000000
1225.000000
1235.000000
1191.000000
1365.000000
1564.000000
1762.000000
1887.000000
2059.000000
2019.000000
2177.000000
2727.000000
3195.000000
3145.000000
2669.000000
2195.000000
2268.000000
2373.000000
2596.000000
2411.000000
2135.000000
2073.000000
1941.000000
1805.000000
1709.000000
1600.000000
1841.000000
1852.000000
2034.000000
2425.000000
2685.000000
2739.000000
2745.000000
2483.000000
2504.000000
2644.000000
2458.000000
2352.000000
2461.000000
2141.000000
2125.000000
2329.000000
2454.000000
2336.000000
2385.000000
2046.000000
1931.000000
1869.000000
2069.000000
2170.000000
2361.000000
2365.000000
2714.000000
2946.000000
3407.000000
3572.000000
3333.000000
3351.000000
3348.000000
3240.000000
3425.000000
3420.000000
3321.000000
3153.000000
2936.000000
2795.000000
3315.000000
3579.000000
3231.000000
3299.000000
3162.000000
2777.000000
2679.000000
2776.000000
2846.000000
3080.000000
3437.000000
3888.000000
4763.000000
5158.000000
5572.000000
5467.000000
4957.000000
5316.000000
5605.000000
5582.000000
5224.000000
5068.000000
4985.000000
4478.000000
4635.000000
5179.000000
4873.000000
4602.000000
4863.000000
4114.000000
3824.000000
3746.000000
3684.000000
3722.000000
3895.000000
4645.000000
4874.000000
4924.000000
5258.000000
5311.000000
4813.000000
4733.000000
4722.000000
4854.000000
4892.000000
4996.000000
4761.000000
4213.000000
4400.000000
4698.000000
4433.000000
4223.000000
4242.000000
3702.000000
3508.000000
3222.000000
3078.000000
3157.000000
3243.000000
3631.000000
3823.000000
3990.000000
4182.000000
4215.000000
4073.000000
4162.000000
4200.000000
4096.000000
4322.000000
4531.000000
4095.000000
3680.000000
3773.000000
3776.000000
3684.000000
3356.000000
2945.000000
2633.000000
2479.000000
2512.000000
2413.000000
2516.000000
2616.000000
2829.000000
3045.000000
3256.000000
3241.000000
3112.000000
2916.000000
2910.000000
2848.000000
2898.000000
2732.000000
2586.000000
2425.000000
2252.000000
2303.000000
2585.000000
2135.000000
2062.000000
2020.000000
1890.000000
1777.000000
1669.000000
1792.000000
1763.000000
1775.000000
2027.000000
2277.000000
2370.000000
2481.000000
2321.000000
2104.000000
2220.000000
2270.000000
2289.000000
2297.000000
2348.000000
2119.000000
1895.000000
2050.000000
2241.000000
2148.000000
2000.000000
1921.000000
1755.000000
1631.000000
1531.000000
1602.000000
1543.000000
1636.000000
1909.000000
2019.000000
2059.000000
2120.000000
2111.000000
2133.000000
1991.000000
2211.000000
2085.000000
2325.000000
2351.000000
1914.000000
1740.000000
1777.000000
1876.000000
1676.000000
1693.000000
1654.000000
1556.000000
1458.000000
1381.000000
1357.000000
1329.000000
1442.000000
1658.000000
1766.000000
1874.000000
2024.000000
1781.000000
1705.000000
1745.000000
1702.000000
1870.000000
1760.000000
1756.000000
1629.000000
1464.000000
1520.000000
1562.000000
1505.000000
1474.000000
1514.000000
1341.000000
1282.000000
1290.000000
1260.000000
1324.000000
1481.000000
1610.000000
1782.000000
1820.000000
2041.000000
1945.000000
1816.000000
1755.000000
1881.000000
