269.000000
258.000000
306.000000
253.000000
290.000000
619.000000
267.000000
166.000000
173.000000
99.000000
73.000000
92.000000
58.000000
88.000000
123.000000
141.000000
206.000000
176.000000
191.000000
220.000000
186.000000
178.000000
213.000000
176.000000
256.000000
230.000000
231.000000
270.000000
237.000000
251.000000
180.000000
138.000000
90.000000
79.000000
77.000000
70.000000
61.000000
66.000000
95.000000
99.000000
169.000000
210.000000
198.000000
195.000000
211.000000
181.000000
241.000000
220.000000
207.000000
227.000000
296.000000
291.000000
302.000000
313.000000
228.000000
173.000000
122.000000
92.000000
60.000000
67.000000
79.000000
77.000000
147.000000
247.000000
338.000000
270.000000
296.000000
275.000000
214.000000
529.000000
319.000000
348.000000
330.000000
298.000000
355.000000
255.000000
450.000000
359.000000
198.000000
171.000000
122.000000
120.000000
101.000000
76.000000
95.000000
101.000000
123.000000
179.000000
195.000000
280.000000
252.000000
324.000000
299.000000
362.000000
352.000000
387.000000
327.000000
281.000000
427.000000
518.000000
390.000000
402.000000
306.000000
229.000000
185.000000
144.000000
114.000000
99.000000
107.000000
129.000000
171.000000
223.000000
341.000000
305.000000
312.000000
379.000000
322.000000
413.000000
483.000000
386.000000
261.000000
253.000000
455.000000
334.000000
420.000000
361.000000
248.000000
274.000000
311.000000
186.000000
173.000000
142.000000
133.000000
169.000000
252.000000
265.000000
297.000000
374.000000
439.000000
371.000000
395.000000
522.000000
491.000000
475.000000
420.000000
357.000000
458.000000
522.000000
412.000000
482.000000
453.000000
317.000000
309.000000
218.000000
180.000000
162.000000
179.000000
201.000000
275.000000
397.000000
437.000000
560.000000
513.000000
470.000000
553.000000
597.000000
663.000000
602.000000
743.000000
625.000000
583.000000
619.000000
569.000000
544.000000
492.000000
420.000000
381.000000
277.000000
210.000000
159.000000
127.000000
136.000000
159.000000
257.000000
339.000000
332.000000
473.000000
405.000000
464.000000
453.000000
490.000000
506.000000
485.000000
549.000000
591.000000
529.000000
576.000000
559.000000
500.000000
357.000000
267.000000
187.000000
137.000000
137.000000
124.000000
135.000000
219.000000
254.000000
292.000000
378.000000
405.000000
506.000000
544.000000
511.000000
536.000000
592.000000
623.000000
563.000000
636.000000
589.000000
666.000000
495.000000
442.000000
341.000000
261.000000
197.000000
184.000000
169.000000
162.000000
166.000000
281.000000
333.000000
397.000000
467.000000
498.000000
438.000000
475.000000
519.000000
470.000000
525.000000
462.000000
413.000000
400.000000
389.000000
374.000000
354.000000
263.000000
251.000000
173.000000
154.000000
117.000000
126.000000
124.000000
137.000000
165.000000
243.000000
286.000000
304.000000
336.000000
318.000000
362.000000
403.000000
481.000000
492.000000
390.000000
368.000000
357.000000
378.000000
440.000000
376.000000
294.000000
268.000000
176.000000
151.000000
140.000000
134.000000
101.000000
154.000000
184.000000
284.000000
270.000000
297.000000
311.000000
328.000000
343.000000
346.000000
372.000000
376.000000
356.000000
310.000000
330.000000
346.000000
382.000000
294.000000
296.000000
226.000000
169.000000
177.000000
100.000000
136.000000
121.000000
166.000000
206.000000
543.000000
290.000000
238.000000
309.000000
302.000000
339.000000
299.000000
370.000000
355.000000
359.000000
339.000000
326.000000
349.000000
388.000000
358.000000
276.000000
274.000000
205.000000
185.000000
154.000000
138.000000
154.000000
156.000000
235.000000
236.000000
255.000000
323.000000
293.000000
320.000000
368.000000
358.000000
393.000000
371.000000
405.000000
