126.000000
127.000000
142.000000
127.000000
126.000000
107.000000
92.000000
103.000000
95.000000
76.000000
59.000000
58.000000
86.000000
86.000000
67.000000
70.000000
67.000000
67.000000
83.000000
64.000000
58.000000
85.000000
78.000000
100.000000
81.000000
87.000000
87.000000
99.000000
88.000000
89.000000
88.000000
76.000000
72.000000
58.000000
86.000000
100.000000
99.000000
74.000000
74.000000
83.000000
66.000000
67.000000
54.000000
72.000000
54.000000
59.000000
77.000000
80.000000
98.000000
114.000000
98.000000
110.000000
106.000000
105.000000
119.000000
122.000000
101.000000
71.000000
94.000000
103.000000
98.000000
104.000000
92.000000
85.000000
66.000000
80.000000
56.000000
89.000000
93.000000
115.000000
104.000000
110.000000
120.000000
121.000000
124.000000
111.000000
144.000000
128.000000
97.000000
90.000000
101.000000
93.000000
92.000000
96.000000
86.000000
85.000000
98.000000
58.000000
68.000000
79.000000
90.000000
77.000000
86.000000
104.000000
106.000000
113.000000
133.000000
108.000000
110.000000
120.000000
115.000000
157.000000
119.000000
91.000000
77.000000
98.000000
86.000000
106.000000
92.000000
99.000000
111.000000
91.000000
94.000000
121.000000
114.000000
105.000000
110.000000
109.000000
179.000000
156.000000
211.000000
211.000000
257.000000
252.000000
226.000000
207.000000
181.000000
145.000000
190.000000
122.000000
179.000000
195.000000
188.000000
176.000000
173.000000
179.000000
192.000000
169.000000
164.000000
208.000000
201.000000
280.000000
351.000000
356.000000
317.000000
314.000000
230.000000
226.000000
225.000000
233.000000
204.000000
181.000000
146.000000
171.000000
159.000000
169.000000
178.000000
257.000000
279.000000
355.000000
561.000000
615.000000
602.000000
596.000000
649.000000
724.000000
714.000000
695.000000
784.000000
731.000000
779.000000
777.000000
742.000000
616.000000
581.000000
550.000000
512.000000
538.000000
575.000000
555.000000
577.000000
546.000000
530.000000
527.000000
556.000000
566.000000
582.000000
609.000000
615.000000
660.000000
634.000000
778.000000
751.000000
700.000000
643.000000
686.000000
622.000000
603.000000
531.000000
515.000000
474.000000
483.000000
564.000000
519.000000
521.000000
536.000000
537.000000
464.000000
470.000000
461.000000
456.000000
473.000000
476.000000
505.000000
528.000000
515.000000
496.000000
504.000000
550.000000
649.000000
561.000000
571.000000
477.000000
377.000000
401.000000
398.000000
439.000000
375.000000
372.000000
372.000000
374.000000
414.000000
344.000000
368.000000
378.000000
353.000000
416.000000
530.000000
459.000000
476.000000
465.000000
443.000000
496.000000
486.000000
423.000000
430.000000
349.000000
290.000000
304.000000
292.000000
295.000000
294.000000
310.000000
279.000000
249.000000
301.000000
275.000000
271.000000
295.000000
304.000000
288.000000
312.000000
370.000000
408.000000
411.000000
353.000000
379.000000
415.000000
409.000000
338.000000
306.000000
279.000000
242.000000
251.000000
263.000000
256.000000
256.000000
248.000000
273.000000
250.000000
277.000000
239.000000
255.000000
242.000000
251.000000
284.000000
329.000000
317.000000
303.000000
280.000000
300.000000
301.000000
331.000000
275.000000
259.000000
185.000000
215.000000
203.000000
217.000000
224.000000
226.000000
217.000000
213.000000
184.000000
183.000000
225.000000
213.000000
219.000000
223.000000
214.000000
283.000000
285.000000
309.000000
282.000000
292.000000
311.000000
296.000000
291.000000
249.000000
195.000000
194.000000
200.000000
190.000000
260.000000
218.000000
226.000000
190.000000
192.000000
224.000000
226.000000
172.000000
227.000000
234.000000
272.000000
279.000000
247.000000
279.000000
