766.000000
806.000000
647.000000
728.000000
779.000000
659.000000
566.000000
543.000000
364.000000
287.000000
322.000000
234.000000
223.000000
246.000000
353.000000
459.000000
575.000000
671.000000
670.000000
688.000000
740.000000
766.000000
713.000000
737.000000
821.000000
948.000000
882.000000
773.000000
957.000000
833.000000
814.000000
654.000000
511.000000
381.000000
273.000000
293.000000
254.000000
259.000000
311.000000
410.000000
553.000000
654.000000
764.000000
881.000000
816.000000
795.000000
867.000000
973.000000
849.000000
978.000000
921.000000
869.000000
937.000000
1154.000000
753.000000
1514.000000
518.000000
380.000000
293.000000
283.000000
301.000000
310.000000
383.000000
470.000000
644.000000
711.000000
816.000000
842.000000
846.000000
817.000000
818.000000
908.000000
949.000000
817.000000
850.000000
950.000000
854.000000
925.000000
1056.000000
660.000000
524.000000
442.000000
364.000000
354.000000
407.000000
352.000000
414.000000
489.000000
593.000000
692.000000
762.000000
974.000000
877.000000
968.000000
997.000000
994.000000
999.000000
975.000000
958.000000
958.000000
1118.000000
1048.000000
845.000000
800.000000
716.000000
533.000000
447.000000
468.000000
386.000000
432.000000
564.000000
680.000000
750.000000
889.000000
1041.000000
1095.000000
2052.000000
1853.000000
1632.000000
1542.000000
1598.000000
1443.000000
1442.000000
1453.000000
1526.000000
1475.000000
1386.000000
1168.000000
986.000000
832.000000
694.000000
609.000000
584.000000
564.000000
725.000000
902.000000
1100.000000
1252.000000
1273.000000
1340.000000
1403.000000
1412.000000
1517.000000
1427.000000
1477.000000
1548.000000
1503.000000
1689.000000
2064.000000
1851.000000
1727.000000
1671.000000
1514.000000
1176.000000
1004.000000
863.000000
871.000000
899.000000
1092.000000
1506.000000
1747.000000
2189.000000
2418.000000
2436.000000
2621.000000
2733.000000
2851.000000
2957.000000
3016.000000
2883.000000
2918.000000
2879.000000
2874.000000
2834.000000
2504.000000
2166.000000
1803.000000
1367.000000
1189.000000
1011.000000
939.000000
951.000000
1130.000000
1298.000000
1651.000000
2001.000000
2292.000000
2582.000000
2666.000000
2602.000000
2608.000000
2593.000000
2731.000000
2789.000000
2703.000000
2598.000000
2829.000000
2722.000000
2569.000000
2225.000000
1778.000000
1224.000000
1093.000000
985.000000
912.000000
810.000000
913.000000
1195.000000
1480.000000
1795.000000
2004.000000
2407.000000
2844.000000
2935.000000
2740.000000
2716.000000
2864.000000
2668.000000
2794.000000
2918.000000
2957.000000
2822.000000
2437.000000
1955.000000
1594.000000
1338.000000
1107.000000
891.000000
879.000000
891.000000
993.000000
1286.000000
1516.000000
1793.000000
1855.000000
2007.000000
1994.000000
2060.000000
1920.000000
1927.000000
1925.000000
1815.000000
1877.000000
1871.000000
1805.000000
1757.000000
1525.000000
1210.000000
1068.000000
873.000000
717.000000
672.000000
595.000000
575.000000
674.000000
791.000000
940.000000
1146.000000
1250.000000
1288.000000
1359.000000
1274.000000
1366.000000
1403.000000
1412.000000
1373.000000
1343.000000
1548.000000
1497.000000
1422.000000
1341.000000
1093.000000
896.000000
760.000000
678.000000
578.000000
512.000000
543.000000
619.000000
748.000000
855.000000
993.000000
1096.000000
1195.000000
1120.000000
1039.000000
1120.000000
1141.000000
1199.000000
1263.000000
1099.000000
1114.000000
1155.000000
1253.000000
1099.000000
920.000000
730.000000
621.000000
519.000000
562.000000
486.000000
465.000000
556.000000
677.000000
819.000000
928.000000
987.000000
994.000000
1084.000000
1085.000000
1039.000000
1014.000000
1120.000000
1032.000000
1037.000000
1187.000000
1276.000000
1137.000000
1052.000000
935.000000
840.000000
657.000000
606.000000
483.000000
535.000000
465.000000
602.000000
698.000000
835.000000
890.000000
1059.000000
1138.000000
1112.000000
1136.000000
1111.000000
1264.000000
1223.000000
