279.000000
266.000000
289.000000
307.000000
350.000000
404.000000
328.000000
313.000000
353.000000
315.000000
321.000000
365.000000
321.000000
306.000000
238.000000
155.000000
173.000000
204.000000
222.000000
200.000000
182.000000
202.000000
212.000000
239.000000
250.000000
266.000000
239.000000
254.000000
246.000000
290.000000
299.000000
263.000000
241.000000
240.000000
271.000000
252.000000
250.000000
259.000000
187.000000
161.000000
153.000000
147.000000
157.000000
180.000000
154.000000
214.000000
223.000000
224.000000
244.000000
276.000000
243.000000
262.000000
298.000000
397.000000
274.000000
316.000000
286.000000
372.000000
394.000000
280.000000
292.000000
251.000000
185.000000
187.000000
189.000000
207.000000
175.000000
187.000000
242.000000
262.000000
358.000000
365.000000
335.000000
408.000000
366.000000
348.000000
310.000000
339.000000
312.000000
296.000000
301.000000
448.000000
625.000000
472.000000
337.000000
414.000000
246.000000
203.000000
212.000000
199.000000
244.000000
213.000000
295.000000
345.000000
391.000000
438.000000
465.000000
386.000000
382.000000
419.000000
420.000000
396.000000
405.000000
407.000000
406.000000
497.000000
546.000000
492.000000
443.000000
401.000000
393.000000
295.000000
327.000000
255.000000
306.000000
332.000000
406.000000
521.000000
549.000000
492.000000
487.000000
570.000000
518.000000
502.000000
493.000000
496.000000
480.000000
498.000000
584.000000
677.000000
516.000000
605.000000
592.000000
649.000000
502.000000
485.000000
460.000000
435.000000
490.000000
500.000000
545.000000
678.000000
752.000000
803.000000
871.000000
837.000000
768.000000
777.000000
788.000000
807.000000
770.000000
788.000000
775.000000
857.000000
921.000000
1038.000000
975.000000
1199.000000
770.000000
604.000000
613.000000
541.000000
523.000000
581.000000
797.000000
924.000000
1090.000000
1123.000000
1330.000000
1276.000000
1300.000000
1321.000000
1248.000000
1213.000000
1150.000000
1080.000000
1101.000000
1052.000000
1112.000000
1205.000000
1069.000000
1025.000000
859.000000
719.000000
674.000000
516.000000
531.000000
522.000000
637.000000
728.000000
868.000000
920.000000
1004.000000
1258.000000
1193.000000
1204.000000
1147.000000
1210.000000
1116.000000
1198.000000
1128.000000
1072.000000
1257.000000
1246.000000
1139.000000
1017.000000
970.000000
791.000000
664.000000
604.000000
542.000000
541.000000
576.000000
844.000000
917.000000
981.000000
1075.000000
1104.000000
1032.000000
1017.000000
1017.000000
1070.000000
1104.000000
1095.000000
1074.000000
1066.000000
1087.000000
1052.000000
1010.000000
862.000000
711.000000
630.000000
560.000000
467.000000
498.000000
472.000000
608.000000
668.000000
758.000000
806.000000
865.000000
872.000000
792.000000
801.000000
754.000000
840.000000
760.000000
706.000000
630.000000
612.000000
643.000000
698.000000
618.000000
559.000000
512.000000
463.000000
419.000000
386.000000
420.000000
377.000000
427.000000
486.000000
575.000000
602.000000
594.000000
703.000000
655.000000
567.000000
688.000000
655.000000
618.000000
550.000000
558.000000
600.000000
637.000000
693.000000
633.000000
633.000000
540.000000
496.000000
433.000000
406.000000
373.000000
393.000000
398.000000
554.000000
518.000000
560.000000
634.000000
576.000000
592.000000
560.000000
595.000000
608.000000
617.000000
526.000000
483.000000
483.000000
554.000000
534.000000
470.000000
510.000000
524.000000
418.000000
452.000000
388.000000
392.000000
409.000000
462.000000
490.000000
522.000000
534.000000
559.000000
542.000000
531.000000
531.000000
515.000000
556.000000
545.000000
543.000000
499.000000
490.000000
543.000000
571.000000
526.000000
533.000000
510.000000
462.000000
438.000000
446.000000
382.000000
422.000000
494.000000
545.000000
616.000000
572.000000
578.000000
