641.000000
364.000000
221.000000
185.000000
192.000000
187.000000
237.000000
190.000000
145.000000
155.000000
144.000000
118.000000
124.000000
137.000000
132.000000
153.000000
156.000000
195.000000
191.000000
211.000000
207.000000
180.000000
175.000000
213.000000
210.000000
186.000000
161.000000
172.000000
143.000000
142.000000
140.000000
138.000000
116.000000
148.000000
128.000000
119.000000
128.000000
107.000000
120.000000
174.000000
156.000000
336.000000
201.000000
215.000000
273.000000
279.000000
308.000000
307.000000
320.000000
304.000000
217.000000
337.000000
454.000000
514.000000
364.000000
173.000000
164.000000
143.000000
135.000000
116.000000
131.000000
132.000000
167.000000
169.000000
198.000000
214.000000
194.000000
219.000000
205.000000
213.000000
221.000000
228.000000
308.000000
421.000000
206.000000
175.000000
134.000000
182.000000
168.000000
165.000000
159.000000
118.000000
107.000000
98.000000
117.000000
118.000000
226.000000
292.000000
312.000000
269.000000
296.000000
274.000000
403.000000
338.000000
324.000000
253.000000
282.000000
248.000000
190.000000
192.000000
203.000000
477.000000
364.000000
366.000000
457.000000
256.000000
230.000000
224.000000
243.000000
212.000000
270.000000
419.000000
397.000000
367.000000
332.000000
324.000000
311.000000
312.000000
515.000000
338.000000
400.000000
535.000000
384.000000
722.000000
530.000000
540.000000
566.000000
599.000000
355.000000
248.000000
228.000000
244.000000
194.000000
218.000000
352.000000
442.000000
604.000000
710.000000
748.000000
549.000000
517.000000
491.000000
597.000000
665.000000
715.000000
596.000000
489.000000
810.000000
1207.000000
1051.000000
1132.000000
777.000000
574.000000
418.000000
319.000000
298.000000
298.000000
305.000000
417.000000
681.000000
830.000000
972.000000
863.000000
820.000000
850.000000
945.000000
1037.000000
920.000000
1220.000000
900.000000
906.000000
908.000000
987.000000
1202.000000
1081.000000
837.000000
696.000000
530.000000
409.000000
379.000000
306.000000
304.000000
338.000000
447.000000
550.000000
735.000000
806.000000
800.000000
870.000000
903.000000
777.000000
769.000000
750.000000
714.000000
720.000000
682.000000
676.000000
716.000000
771.000000
619.000000
533.000000
428.000000
363.000000
378.000000
320.000000
292.000000
273.000000
369.000000
406.000000
867.000000
818.000000
845.000000
829.000000
896.000000
763.000000
704.000000
779.000000
710.000000
644.000000
603.000000
554.000000
565.000000
577.000000
528.000000
486.000000
413.000000
395.000000
295.000000
277.000000
283.000000
285.000000
333.000000
360.000000
367.000000
389.000000
413.000000
438.000000
427.000000
446.000000
400.000000
404.000000
457.000000
389.000000
357.000000
395.000000
392.000000
373.000000
355.000000
305.000000
229.000000
241.000000
194.000000
207.000000
179.000000
195.000000
234.000000
264.000000
322.000000
337.000000
339.000000
372.000000
323.000000
276.000000
317.000000
298.000000
285.000000
271.000000
261.000000
257.000000
273.000000
319.000000
317.000000
292.000000
233.000000
204.000000
182.000000
173.000000
168.000000
150.000000
199.000000
208.000000
238.000000
307.000000
245.000000
261.000000
251.000000
322.000000
305.000000
338.000000
301.000000
248.000000
222.000000
216.000000
231.000000
171.000000
261.000000
223.000000
183.000000
145.000000
137.000000
125.000000
133.000000
129.000000
159.000000
172.000000
195.000000
225.000000
225.000000
213.000000
257.000000
246.000000
225.000000
290.000000
262.000000
264.000000
245.000000
283.000000
285.000000
207.000000
160.000000
157.000000
142.000000
135.000000
132.000000
107.000000
105.000000
124.000000
139.000000
152.000000
195.000000
210.000000
193.000000
244.000000
236.000000
223.000000
228.000000
216.000000
