1772.000000
1569.000000
1279.000000
1138.000000
938.000000
908.000000
866.000000
902.000000
942.000000
1159.000000
1320.000000
1507.000000
1741.000000
1816.000000
1925.000000
1994.000000
2100.000000
2311.000000
2193.000000
2174.000000
1994.000000
2593.000000
2269.000000
2006.000000
2041.000000
1887.000000
1451.000000
1244.000000
1197.000000
1080.000000
972.000000
1022.000000
1239.000000
1565.000000
2138.000000
2345.000000
2733.000000
2791.000000
3020.000000
2961.000000
3382.000000
3638.000000
4925.000000
4735.000000
4499.000000
3399.000000
4953.000000
5297.000000
3250.000000
2794.000000
1989.000000
1571.000000
1326.000000
1085.000000
1114.000000
1557.000000
1739.000000
1847.000000
2208.000000
2457.000000
2736.000000
2732.000000
2863.000000
2809.000000
2953.000000
2922.000000
3085.000000
2689.000000
2982.000000
3079.000000
3164.000000
5685.000000
3206.000000
2367.000000
1950.000000
1627.000000
1318.000000
1237.000000
1245.000000
1348.000000
1677.000000
2016.000000
2252.000000
2678.000000
2887.000000
3387.000000
3494.000000
3578.000000
3593.000000
3655.000000
3404.000000
3143.000000
3363.000000
3562.000000
4454.000000
3643.000000
3943.000000
2915.000000
2538.000000
2217.000000
2286.000000
2640.000000
2531.000000
2718.000000
3036.000000
3405.000000
3615.000000
3892.000000
3939.000000
3992.000000
4082.000000
4025.000000
4216.000000
4312.000000
4144.000000
3633.000000
3686.000000
3763.000000
4121.000000
4433.000000
4681.000000
3404.000000
2960.000000
2708.000000
2285.000000
1964.000000
2003.000000
2212.000000
2735.000000
3265.000000
4067.000000
4810.000000
5236.000000
5519.000000
5771.000000
5979.000000
6272.000000
6557.000000
6332.000000
6248.000000
6839.000000
6839.000000
9376.000000
10858.000000
9529.000000
9089.000000
7644.000000
5862.000000
5041.000000
4049.000000
3793.000000
4296.000000
5465.000000
6857.000000
8399.000000
9416.000000
10338.000000
10195.000000
11031.000000
10960.000000
10920.000000
11566.000000
11779.000000
12049.000000
12155.000000
12207.000000
13204.000000
13213.000000
13579.000000
11957.000000
10074.000000
8118.000000
6535.000000
5141.000000
4504.000000
4241.000000
4934.000000
6012.000000
7228.000000
8073.000000
8922.000000
9429.000000
9974.000000
10132.000000
10250.000000
10460.000000
10372.000000
10611.000000
10457.000000
10089.000000
10540.000000
11040.000000
10457.000000
10372.000000
8742.000000
7154.000000
5927.000000
4826.000000
4439.000000
4230.000000
4347.000000
5386.000000
6554.000000
7372.000000
8545.000000
9792.000000
10379.000000
10991.000000
11090.000000
11187.000000
11507.000000
11305.000000
10760.000000
11431.000000
11421.000000
11424.000000
10107.000000
9142.000000
7420.000000
5912.000000
4944.000000
4263.000000
4212.000000
4618.000000
5655.000000
7181.000000
8156.000000
8464.000000
8748.000000
9003.000000
9593.000000
9738.000000
9150.000000
8836.000000
8463.000000
7782.000000
7630.000000
7859.000000
8025.000000
7384.000000
6011.000000
5322.000000
4506.000000
3955.000000
3510.000000
3547.000000
3229.000000
3364.000000
3825.000000
4460.000000
4841.000000
5240.000000
5238.000000
5234.000000
5780.000000
5997.000000
5897.000000
6236.000000
5981.000000
6227.000000
6253.000000
5783.000000
6509.000000
6684.000000
6108.000000
5566.000000
4747.000000
4020.000000
3608.000000
3275.000000
3162.000000
3299.000000
3710.000000
4155.000000
4757.000000
4781.000000
5053.000000
4898.000000
5248.000000
5023.000000
5096.000000
5207.000000
5346.000000
5392.000000
5046.000000
5903.000000
5901.000000
5810.000000
5578.000000
4754.000000
4164.000000
3562.000000
3241.000000
3461.000000
3473.000000
3463.000000
3943.000000
4141.000000
4430.000000
4504.000000
4638.000000
4517.000000
4824.000000
4847.000000
5195.000000
5503.000000
5139.000000
5328.000000
5140.000000
4611.000000
4987.000000
5243.000000
5404.000000
4388.000000
3761.000000
3461.000000
3227.000000
3108.000000
3200.000000
3375.000000
3594.000000
4043.000000
4192.000000
4333.000000
4619.000000
4453.000000
4669.000000
4731.000000
4850.000000
4977.000000
4954.000000
5028.000000
4768.000000
4578.000000
4985.000000
5285.000000
5201.000000
