100.000000
100.000000
79.000000
84.000000
115.000000
98.000000
129.000000
106.000000
110.000000
102.000000
113.000000
102.000000
87.000000
88.000000
99.000000
90.000000
90.000000
85.000000
94.000000
118.000000
101.000000
103.000000
106.000000
126.000000
123.000000
103.000000
113.000000
97.000000
109.000000
111.000000
112.000000
134.000000
102.000000
107.000000
121.000000
103.000000
104.000000
90.000000
77.000000
98.000000
98.000000
108.000000
136.000000
133.000000
113.000000
113.000000
95.000000
130.000000
115.000000
98.000000
70.000000
93.000000
101.000000
110.000000
105.000000
92.000000
100.000000
90.000000
73.000000
90.000000
74.000000
74.000000
73.000000
66.000000
77.000000
80.000000
95.000000
88.000000
111.000000
102.000000
116.000000
128.000000
132.000000
133.000000
111.000000
97.000000
115.000000
73.000000
112.000000
100.000000
108.000000
96.000000
110.000000
69.000000
81.000000
78.000000
67.000000
65.000000
117.000000
104.000000
116.000000
155.000000
267.000000
231.000000
228.000000
202.000000
216.000000
170.000000
167.000000
132.000000
139.000000
138.000000
137.000000
170.000000
147.000000
114.000000
115.000000
109.000000
90.000000
102.000000
99.000000
104.000000
98.000000
130.000000
153.000000
176.000000
163.000000
166.000000
182.000000
165.000000
162.000000
185.000000
169.000000
199.000000
211.000000
207.000000
283.000000
329.000000
392.000000
399.000000
400.000000
389.000000
388.000000
416.000000
393.000000
410.000000
650.000000
718.000000
694.000000
792.000000
807.000000
833.000000
754.000000
805.000000
721.000000
784.000000
728.000000
748.000000
813.000000
732.000000
754.000000
707.000000
704.000000
659.000000
662.000000
665.000000
631.000000
634.000000
617.000000
637.000000
638.000000
631.000000
745.000000
823.000000
815.000000
752.000000
738.000000
846.000000
859.000000
764.000000
762.000000
751.000000
699.000000
694.000000
626.000000
717.000000
690.000000
703.000000
625.000000
546.000000
572.000000
541.000000
525.000000
511.000000
595.000000
611.000000
637.000000
731.000000
769.000000
740.000000
730.000000
786.000000
699.000000
703.000000
725.000000
677.000000
655.000000
653.000000
717.000000
646.000000
589.000000
624.000000
512.000000
467.000000
431.000000
457.000000
407.000000
520.000000
465.000000
512.000000
599.000000
535.000000
568.000000
561.000000
549.000000
593.000000
620.000000
646.000000
540.000000
500.000000
500.000000
530.000000
458.000000
474.000000
455.000000
423.000000
367.000000
361.000000
354.000000
322.000000
334.000000
316.000000
378.000000
413.000000
410.000000
424.000000
398.000000
471.000000
482.000000
439.000000
478.000000
457.000000
392.000000
374.000000
384.000000
383.000000
386.000000
385.000000
381.000000
338.000000
343.000000
332.000000
349.000000
289.000000
274.000000
294.000000
319.000000
311.000000
376.000000
360.000000
367.000000
392.000000
406.000000
436.000000
387.000000
381.000000
343.000000
310.000000
351.000000
319.000000
321.000000
390.000000
305.000000
343.000000
295.000000
250.000000
252.000000
199.000000
180.000000
249.000000
296.000000
344.000000
300.000000
339.000000
313.000000
337.000000
328.000000
339.000000
347.000000
354.000000
348.000000
319.000000
288.000000
323.000000
304.000000
323.000000
282.000000
298.000000
243.000000
222.000000
195.000000
189.000000
237.000000
211.000000
215.000000
258.000000
281.000000
266.000000
289.000000
289.000000
289.000000
275.000000
295.000000
323.000000
254.000000
271.000000
239.000000
237.000000
279.000000
290.000000
266.000000
231.000000
239.000000
225.000000
198.000000
187.000000
174.000000
192.000000
210.000000
228.000000
267.000000
265.000000
288.000000
316.000000
304.000000
280.000000
323.000000
