571.000000
543.000000
646.000000
548.000000
515.000000
532.000000
589.000000
678.000000
681.000000
522.000000
443.000000
468.000000
324.000000
325.000000
401.000000
356.000000
401.000000
400.000000
461.000000
461.000000
534.000000
517.000000
545.000000
581.000000
613.000000
687.000000
595.000000
671.000000
655.000000
661.000000
596.000000
811.000000
673.000000
620.000000
472.000000
399.000000
296.000000
242.000000
262.000000
287.000000
325.000000
419.000000
458.000000
532.000000
614.000000
587.000000
700.000000
733.000000
790.000000
798.000000
635.000000
741.000000
902.000000
895.000000
858.000000
825.000000
760.000000
639.000000
409.000000
405.000000
329.000000
354.000000
316.000000
314.000000
377.000000
890.000000
1144.000000
1043.000000
1052.000000
993.000000
1010.000000
952.000000
994.000000
984.000000
1008.000000
1331.000000
1417.000000
1101.000000
1231.000000
1352.000000
1068.000000
860.000000
798.000000
664.000000
475.000000
466.000000
518.000000
599.000000
713.000000
1510.000000
1409.000000
1380.000000
1358.000000
1206.000000
1339.000000
1207.000000
1586.000000
1621.000000
1403.000000
1506.000000
1402.000000
1597.000000
1856.000000
1575.000000
1527.000000
1521.000000
917.000000
846.000000
718.000000
708.000000
598.000000
762.000000
935.000000
1387.000000
1389.000000
1389.000000
1490.000000
1483.000000
1625.000000
1554.000000
1476.000000
1676.000000
1627.000000
1468.000000
1389.000000
1395.000000
1535.000000
1565.000000
1362.000000
1509.000000
1086.000000
913.000000
787.000000
786.000000
781.000000
819.000000
1003.000000
1245.000000
1442.000000
1514.000000
1752.000000
1754.000000
1863.000000
2308.000000
2083.000000
2588.000000
1986.000000
2161.000000
1845.000000
2855.000000
2570.000000
2780.000000
3518.000000
2785.000000
2169.000000
1490.000000
1457.000000
1163.000000
1115.000000
1269.000000
1662.000000
2456.000000
3002.000000
2812.000000
3047.000000
3698.000000
3725.000000
3547.000000
3898.000000
3883.000000
3635.000000
3546.000000
3343.000000
3135.000000
3301.000000
3591.000000
3439.000000
2929.000000
2901.000000
2156.000000
1609.000000
1457.000000
1183.000000
1228.000000
1353.000000
1802.000000
2045.000000
2736.000000
2602.000000
2626.000000
2803.000000
2715.000000
2939.000000
3085.000000
3131.000000
3279.000000
3257.000000
3222.000000
3572.000000
3823.000000
3465.000000
3401.000000
2936.000000
2218.000000
1805.000000
1406.000000
1197.000000
1226.000000
1422.000000
1919.000000
2281.000000
2672.000000
2703.000000
2733.000000
2953.000000
3038.000000
3288.000000
3302.000000
3381.000000
3649.000000
3578.000000
3488.000000
3772.000000
3845.000000
3268.000000
3004.000000
2391.000000
1792.000000
1412.000000
1172.000000
1088.000000
1306.000000
1571.000000
2044.000000
2204.000000
2423.000000
2673.000000
2513.000000
2596.000000
2499.000000
2565.000000
2710.000000
2569.000000
2291.000000
2023.000000
1986.000000
1921.000000
2027.000000
2696.000000
1835.000000
1827.000000
1504.000000
1005.000000
827.000000
823.000000
920.000000
1133.000000
1372.000000
1644.000000
1838.000000
1792.000000
1708.000000
1896.000000
1966.000000
1913.000000
2176.000000
1973.000000
1975.000000
1914.000000
1944.000000
2161.000000
2425.000000
2198.000000
2135.000000
1975.000000
1381.000000
1172.000000
945.000000
1009.000000
975.000000
1149.000000
1444.000000
1404.000000
1522.000000
1606.000000
1475.000000
1699.000000
1716.000000
1744.000000
1833.000000
1876.000000
1718.000000
1588.000000
1649.000000
1666.000000
1885.000000
1903.000000
1675.000000
1517.000000
1092.000000
854.000000
882.000000
828.000000
861.000000
1090.000000
1066.000000
1254.000000
1363.000000
1354.000000
1392.000000
1437.000000
1429.000000
1613.000000
1629.000000
1660.000000
1720.000000
1573.000000
1588.000000
1801.000000
1892.000000
1795.000000
1567.000000
1367.000000
1137.000000
920.000000
822.000000
780.000000
851.000000
1033.000000
1191.000000
1712.000000
1802.000000
1687.000000
1666.000000
1735.000000
1594.000000
1825.000000
