133.000000
119.000000
85.000000
88.000000
85.000000
98.000000
97.000000
86.000000
96.000000
117.000000
130.000000
116.000000
125.000000
120.000000
135.000000
160.000000
130.000000
136.000000
147.000000
126.000000
176.000000
164.000000
145.000000
159.000000
142.000000
116.000000
118.000000
103.000000
95.000000
83.000000
84.000000
83.000000
103.000000
87.000000
118.000000
128.000000
169.000000
151.000000
148.000000
138.000000
152.000000
157.000000
142.000000
164.000000
127.000000
151.000000
161.000000
158.000000
164.000000
140.000000
136.000000
92.000000
110.000000
91.000000
107.000000
121.000000
127.000000
176.000000
217.000000
207.000000
205.000000
230.000000
226.000000
230.000000
220.000000
174.000000
163.000000
147.000000
151.000000
169.000000
149.000000
171.000000
148.000000
142.000000
121.000000
140.000000
105.000000
129.000000
131.000000
138.000000
174.000000
180.000000
166.000000
167.000000
214.000000
215.000000
233.000000
237.000000
203.000000
204.000000
172.000000
147.000000
147.000000
165.000000
183.000000
167.000000
189.000000
153.000000
118.000000
118.000000
114.000000
122.000000
110.000000
173.000000
167.000000
216.000000
248.000000
247.000000
208.000000
242.000000
245.000000
249.000000
227.000000
232.000000
180.000000
156.000000
207.000000
174.000000
160.000000
173.000000
186.000000
148.000000
153.000000
149.000000
164.000000
150.000000
142.000000
173.000000
168.000000
207.000000
233.000000
241.000000
291.000000
318.000000
300.000000
316.000000
308.000000
327.000000
324.000000
262.000000
255.000000
265.000000
255.000000
257.000000
227.000000
253.000000
263.000000
247.000000
209.000000
239.000000
298.000000
351.000000
391.000000
422.000000
542.000000
686.000000
731.000000
765.000000
815.000000
714.000000
626.000000
758.000000
603.000000
605.000000
494.000000
519.000000
487.000000
759.000000
847.000000
521.000000
509.000000
451.000000
342.000000
343.000000
456.000000
464.000000
504.000000
566.000000
605.000000
661.000000
637.000000
629.000000
653.000000
614.000000
596.000000
596.000000
553.000000
562.000000
529.000000
501.000000
554.000000
546.000000
577.000000
506.000000
416.000000
425.000000
353.000000
391.000000
348.000000
326.000000
407.000000
472.000000
487.000000
521.000000
581.000000
584.000000
586.000000
624.000000
579.000000
602.000000
484.000000
512.000000
449.000000
505.000000
526.000000
454.000000
418.000000
384.000000
346.000000
323.000000
245.000000
282.000000
273.000000
307.000000
363.000000
465.000000
462.000000
455.000000
471.000000
488.000000
485.000000
481.000000
470.000000
458.000000
436.000000
396.000000
380.000000
392.000000
390.000000
365.000000
316.000000
340.000000
291.000000
303.000000
258.000000
229.000000
239.000000
278.000000
295.000000
318.000000
291.000000
353.000000
369.000000
414.000000
438.000000
482.000000
476.000000
372.000000
326.000000
299.000000
295.000000
316.000000
309.000000
322.000000
298.000000
295.000000
249.000000
223.000000
232.000000
171.000000
181.000000
190.000000
269.000000
254.000000
261.000000
309.000000
277.000000
332.000000
285.000000
356.000000
327.000000
333.000000
258.000000
253.000000
280.000000
324.000000
291.000000
259.000000
252.000000
250.000000
203.000000
190.000000
163.000000
179.000000
153.000000
212.000000
221.000000
222.000000
227.000000
279.000000
313.000000
312.000000
298.000000
278.000000
311.000000
272.000000
221.000000
323.000000
295.000000
262.000000
267.000000
271.000000
247.000000
233.000000
207.000000
200.000000
177.000000
161.000000
157.000000
190.000000
161.000000
220.000000
243.000000
236.000000
239.000000
266.000000
299.000000
311.000000
278.000000
287.000000
289.000000
222.000000
226.000000
273.000000
288.000000
248.000000
267.000000
