1040.000000
1084.000000
1252.000000
1207.000000
1103.000000
1006.000000
833.000000
652.000000
704.000000
519.000000
447.000000
451.000000
460.000000
532.000000
703.000000
774.000000
1113.000000
1333.000000
1380.000000
1203.000000
1596.000000
1815.000000
2110.000000
1585.000000
2371.000000
2187.000000
1853.000000
2198.000000
2469.000000
2110.000000
3818.000000
1692.000000
929.000000
1017.000000
577.000000
504.000000
520.000000
525.000000
883.000000
1106.000000
1288.000000
1648.000000
1524.000000
1782.000000
1917.000000
2214.000000
2259.000000
2363.000000
2437.000000
2387.000000
1787.000000
1995.000000
3985.000000
1679.000000
1615.000000
1101.000000
808.000000
779.000000
654.000000
568.000000
643.000000
735.000000
888.000000
1124.000000
1271.000000
1295.000000
1254.000000
1321.000000
1673.000000
2045.000000
2511.000000
1797.000000
1704.000000
1509.000000
1795.000000
2833.000000
1983.000000
1256.000000
1549.000000
1195.000000
964.000000
844.000000
768.000000
768.000000
795.000000
854.000000
1145.000000
1251.000000
1496.000000
1452.000000
1432.000000
1458.000000
1715.000000
1854.000000
1984.000000
1846.000000
1684.000000
1703.000000
2020.000000
1812.000000
1827.000000
1546.000000
1642.000000
1182.000000
1093.000000
1009.000000
1001.000000
963.000000
1064.000000
1163.000000
1323.000000
1648.000000
2227.000000
2406.000000
2373.000000
2379.000000
2834.000000
2875.000000
2796.000000
2823.000000
2401.000000
2777.000000
2659.000000
2577.000000
2519.000000
2362.000000
2462.000000
1880.000000
1562.000000
1504.000000
1211.000000
1245.000000
1562.000000
1474.000000
1731.000000
1946.000000
2075.000000
2184.000000
2362.000000
2455.000000
2643.000000
2706.000000
2686.000000
2497.000000
2575.000000
2563.000000
2761.000000
2980.000000
3150.000000
2924.000000
2798.000000
2473.000000
2026.000000
1711.000000
1526.000000
1389.000000
1678.000000
2125.000000
2715.000000
3506.000000
4273.000000
4275.000000
4287.000000
4606.000000
4499.000000
4480.000000
4383.000000
5025.000000
5212.000000
4608.000000
4309.000000
4418.000000
4430.000000
4024.000000
3486.000000
3555.000000
2796.000000
2307.000000
1939.000000
1711.000000
1761.000000
1915.000000
2598.000000
3160.000000
3468.000000
3527.000000
3476.000000
3706.000000
3630.000000
3845.000000
3458.000000
3565.000000
3673.000000
3421.000000
3133.000000
3226.000000
3345.000000
3134.000000
3270.000000
3070.000000
2478.000000
2642.000000
2430.000000
1962.000000
1903.000000
2043.000000
2495.000000
2741.000000
3156.000000
3385.000000
3480.000000
3518.000000
4115.000000
3935.000000
4175.000000
3757.000000
3769.000000
3617.000000
4099.000000
4020.000000
3645.000000
3217.000000
2880.000000
2451.000000
2017.000000
1526.000000
1408.000000
1223.000000
1214.000000
1498.000000
1772.000000
2072.000000
2301.000000
2539.000000
2425.000000
2537.000000
2389.000000
2583.000000
2696.000000
2453.000000
2550.000000
2135.000000
2052.000000
2245.000000
2074.000000
1823.000000
1510.000000
1402.000000
1104.000000
969.000000
937.000000
874.000000
934.000000
1097.000000
1359.000000
1621.000000
1724.000000
1760.000000
1828.000000
1775.000000
1658.000000
1824.000000
2114.000000
1869.000000
1666.000000
1568.000000
1400.000000
1584.000000
1649.000000
1458.000000
1307.000000
1192.000000
987.000000
798.000000
713.000000
684.000000
751.000000
826.000000
1000.000000
1176.000000
1280.000000
1559.000000
1428.000000
1495.000000
1507.000000
1684.000000
1669.000000
1793.000000
1854.000000
1344.000000
1051.000000
1138.000000
1228.000000
1033.000000
964.000000
823.000000
787.000000
709.000000
687.000000
645.000000
802.000000
994.000000
1097.000000
1340.000000
1249.000000
1282.000000
1247.000000
1323.000000
1428.000000
1638.000000
1855.000000
1820.000000
1420.000000
1141.000000
984.000000
986.000000
998.000000
925.000000
833.000000
813.000000
823.000000
773.000000
738.000000
748.000000
865.000000
939.000000
1114.000000
1179.000000
1334.000000
1522.000000
1540.000000
1545.000000
1545.000000
1753.000000
1787.000000
1787.000000
1994.000000
