570.000000
515.000000
501.000000
327.000000
248.000000
171.000000
97.000000
72.000000
110.000000
126.000000
167.000000
222.000000
257.000000
296.000000
342.000000
301.000000
301.000000
211.000000
411.000000
360.000000
362.000000
378.000000
343.000000
323.000000
416.000000
306.000000
348.000000
334.000000
220.000000
153.000000
109.000000
101.000000
88.000000
120.000000
180.000000
256.000000
238.000000
257.000000
329.000000
280.000000
324.000000
237.000000
307.000000
325.000000
303.000000
504.000000
409.000000
509.000000
381.000000
435.000000
490.000000
346.000000
222.000000
182.000000
118.000000
91.000000
88.000000
115.000000
139.000000
226.000000
212.000000
268.000000
247.000000
228.000000
235.000000
267.000000
299.000000
303.000000
259.000000
334.000000
394.000000
441.000000
485.000000
508.000000
374.000000
328.000000
312.000000
190.000000
117.000000
87.000000
93.000000
76.000000
205.000000
181.000000
166.000000
200.000000
196.000000
250.000000
247.000000
236.000000
353.000000
360.000000
418.000000
449.000000
635.000000
803.000000
470.000000
793.000000
476.000000
314.000000
244.000000
149.000000
114.000000
88.000000
83.000000
144.000000
220.000000
206.000000
242.000000
292.000000
287.000000
259.000000
326.000000
295.000000
344.000000
369.000000
427.000000
598.000000
586.000000
734.000000
792.000000
702.000000
507.000000
384.000000
225.000000
154.000000
118.000000
95.000000
107.000000
131.000000
250.000000
269.000000
310.000000
310.000000
313.000000
282.000000
484.000000
512.000000
550.000000
528.000000
494.000000
556.000000
818.000000
880.000000
939.000000
824.000000
551.000000
484.000000
312.000000
164.000000
144.000000
127.000000
99.000000
169.000000
243.000000
316.000000
380.000000
344.000000
367.000000
336.000000
400.000000
400.000000
472.000000
490.000000
436.000000
617.000000
725.000000
697.000000
1277.000000
902.000000
628.000000
539.000000
308.000000
232.000000
174.000000
175.000000
181.000000
204.000000
354.000000
448.000000
502.000000
576.000000
574.000000
682.000000
749.000000
725.000000
771.000000
727.000000
746.000000
728.000000
791.000000
747.000000
934.000000
905.000000
714.000000
604.000000
452.000000
320.000000
242.000000
165.000000
168.000000
208.000000
328.000000
428.000000
557.000000
548.000000
610.000000
603.000000
603.000000
673.000000
684.000000
738.000000
825.000000
885.000000
791.000000
885.000000
879.000000
849.000000
825.000000
615.000000
393.000000
302.000000
205.000000
177.000000
150.000000
151.000000
221.000000
306.000000
372.000000
408.000000
510.000000
477.000000
567.000000
626.000000
590.000000
594.000000
558.000000
549.000000
592.000000
573.000000
575.000000
483.000000
423.000000
325.000000
267.000000
189.000000
173.000000
129.000000
149.000000
150.000000
187.000000
221.000000
321.000000
325.000000
314.000000
329.000000
348.000000
294.000000
388.000000
340.000000
331.000000
337.000000
300.000000
305.000000
329.000000
283.000000
226.000000
241.000000
161.000000
140.000000
110.000000
93.000000
78.000000
98.000000
144.000000
150.000000
197.000000
197.000000
201.000000
272.000000
242.000000
234.000000
278.000000
234.000000
287.000000
249.000000
273.000000
279.000000
305.000000
295.000000
256.000000
230.000000
175.000000
107.000000
114.000000
86.000000
88.000000
140.000000
146.000000
166.000000
200.000000
252.000000
227.000000
243.000000
361.000000
318.000000
331.000000
305.000000
304.000000
308.000000
318.000000
398.000000
383.000000
415.000000
337.000000
265.000000
191.000000
177.000000
110.000000
91.000000
99.000000
125.000000
165.000000
167.000000
252.000000
286.000000
283.000000
293.000000
282.000000
305.000000
313.000000
343.000000
300.000000
340.000000
442.000000
370.000000
594.000000
