574.000000
823.000000
594.000000
652.000000
625.000000
569.000000
537.000000
548.000000
598.000000
566.000000
561.000000
526.000000
500.000000
475.000000
495.000000
475.000000
477.000000
548.000000
484.000000
698.000000
739.000000
729.000000
635.000000
736.000000
726.000000
1537.000000
772.000000
768.000000
654.000000
772.000000
607.000000
674.000000
662.000000
736.000000
619.000000
576.000000
599.000000
542.000000
561.000000
547.000000
552.000000
603.000000
586.000000
770.000000
741.000000
958.000000
898.000000
931.000000
972.000000
923.000000
977.000000
859.000000
945.000000
817.000000
810.000000
968.000000
1003.000000
958.000000
785.000000
765.000000
642.000000
679.000000
640.000000
636.000000
638.000000
681.000000
682.000000
854.000000
807.000000
858.000000
1022.000000
986.000000
929.000000
921.000000
1029.000000
954.000000
825.000000
791.000000
866.000000
916.000000
1094.000000
1073.000000
911.000000
921.000000
824.000000
743.000000
980.000000
966.000000
979.000000
1071.000000
1202.000000
1297.000000
1338.000000
1417.000000
1444.000000
1364.000000
1364.000000
1651.000000
1256.000000
1295.000000
1190.000000
1036.000000
1138.000000
1205.000000
1410.000000
1268.000000
1232.000000
1462.000000
1314.000000
1170.000000
1244.000000
1101.000000
1132.000000
1188.000000
1264.000000
1485.000000
1608.000000
1534.000000
1584.000000
1555.000000
1982.000000
1801.000000
1485.000000
1342.000000
1312.000000
1302.000000
1434.000000
1392.000000
1521.000000
1643.000000
1586.000000
1666.000000
1508.000000
1405.000000
1548.000000
1556.000000
1533.000000
1611.000000
1900.000000
2031.000000
2247.000000
2420.000000
2336.000000
2261.000000
2272.000000
2303.000000
2174.000000
2060.000000
1960.000000
1887.000000
1876.000000
1914.000000
2281.000000
2447.000000
2306.000000
2406.000000
2315.000000
2280.000000
2215.000000
1963.000000
2112.000000
2160.000000
2460.000000
2781.000000
3171.000000
3543.000000
3608.000000
3606.000000
3662.000000
3424.000000
3392.000000
3212.000000
3157.000000
3083.000000
2993.000000
2877.000000
3105.000000
3288.000000
3096.000000
3014.000000
2799.000000
2459.000000
2471.000000
2308.000000
2133.000000
2332.000000
2475.000000
2633.000000
3169.000000
3022.000000
3283.000000
3468.000000
3183.000000
3027.000000
2807.000000
2872.000000
2742.000000
2819.000000
2523.000000
2644.000000
2813.000000
2931.000000
2853.000000
2689.000000
2456.000000
2331.000000
2462.000000
2329.000000
2246.000000
2177.000000
2288.000000
2556.000000
2745.000000
2841.000000
2951.000000
3229.000000
3246.000000
3297.000000
3146.000000
3034.000000
2754.000000
2771.000000
2628.000000
2592.000000
2831.000000
2801.000000
2759.000000
2520.000000
2404.000000
2310.000000
2108.000000
1874.000000
2097.000000
2068.000000
2390.000000
2716.000000
2846.000000
3104.000000
3013.000000
3003.000000
2659.000000
2535.000000
2293.000000
2111.000000
2169.000000
1960.000000
1748.000000
1715.000000
1937.000000
2139.000000
1966.000000
1871.000000
1806.000000
1669.000000
1596.000000
1581.000000
1555.000000
1503.000000
1681.000000
1916.000000
2086.000000
2200.000000
2311.000000
2180.000000
2167.000000
1968.000000
1901.000000
1849.000000
1741.000000
2049.000000
1897.000000
1765.000000
1893.000000
1972.000000
2110.000000
1990.000000
1946.000000
1814.000000
1652.000000
1614.000000
1549.000000
1643.000000
1831.000000
1740.000000
1930.000000
2049.000000
2217.000000
2173.000000
2145.000000
2032.000000
1787.000000
1686.000000
1631.000000
1460.000000
1405.000000
1339.000000
1535.000000
1540.000000
1595.000000
1525.000000
1470.000000
1490.000000
1468.000000
1390.000000
1465.000000
1337.000000
1467.000000
1610.000000
1799.000000
1959.000000
1992.000000
1804.000000
1768.000000
1596.000000
1453.000000
1378.000000
1258.000000
1206.000000
1125.000000
1125.000000
1279.000000
1479.000000
1527.000000
1632.000000
1555.000000
1567.000000
1476.000000
1625.000000
1587.000000
1569.000000
1621.000000
1830.000000
1942.000000
2048.000000
2106.000000
2025.000000
2033.000000
