217.000000
211.000000
177.000000
223.000000
235.000000
290.000000
281.000000
240.000000
244.000000
199.000000
149.000000
163.000000
150.000000
127.000000
136.000000
176.000000
173.000000
228.000000
260.000000
259.000000
240.000000
257.000000
251.000000
254.000000
341.000000
325.000000
297.000000
273.000000
369.000000
316.000000
459.000000
368.000000
290.000000
241.000000
185.000000
156.000000
113.000000
135.000000
142.000000
158.000000
194.000000
231.000000
208.000000
263.000000
277.000000
288.000000
309.000000
279.000000
291.000000
325.000000
277.000000
349.000000
349.000000
383.000000
305.000000
314.000000
260.000000
175.000000
198.000000
140.000000
111.000000
110.000000
96.000000
129.000000
149.000000
178.000000
245.000000
216.000000
292.000000
281.000000
283.000000
292.000000
339.000000
351.000000
435.000000
509.000000
635.000000
679.000000
536.000000
438.000000
466.000000
287.000000
245.000000
193.000000
170.000000
187.000000
202.000000
203.000000
254.000000
309.000000
326.000000
372.000000
405.000000
388.000000
402.000000
448.000000
396.000000
491.000000
427.000000
507.000000
546.000000
654.000000
510.000000
472.000000
419.000000
369.000000
262.000000
283.000000
216.000000
217.000000
249.000000
276.000000
384.000000
385.000000
455.000000
481.000000
502.000000
498.000000
487.000000
545.000000
544.000000
584.000000
682.000000
648.000000
687.000000
688.000000
754.000000
648.000000
528.000000
432.000000
341.000000
294.000000
248.000000
271.000000
313.000000
365.000000
442.000000
468.000000
553.000000
560.000000
589.000000
594.000000
633.000000
592.000000
605.000000
678.000000
712.000000
718.000000
727.000000
835.000000
724.000000
594.000000
523.000000
444.000000
378.000000
330.000000
248.000000
229.000000
309.000000
422.000000
488.000000
592.000000
681.000000
721.000000
728.000000
732.000000
784.000000
767.000000
841.000000
824.000000
748.000000
749.000000
781.000000
818.000000
766.000000
816.000000
628.000000
539.000000
438.000000
333.000000
284.000000
269.000000
298.000000
379.000000
483.000000
569.000000
583.000000
638.000000
686.000000
677.000000
659.000000
665.000000
616.000000
656.000000
604.000000
683.000000
668.000000
661.000000
670.000000
683.000000
537.000000
463.000000
346.000000
341.000000
321.000000
259.000000
272.000000
280.000000
323.000000
418.000000
479.000000
527.000000
537.000000
609.000000
580.000000
687.000000
664.000000
608.000000
630.000000
619.000000
628.000000
659.000000
611.000000
573.000000
558.000000
473.000000
321.000000
245.000000
281.000000
210.000000
206.000000
288.000000
306.000000
395.000000
380.000000
402.000000
359.000000
375.000000
342.000000
393.000000
377.000000
360.000000
318.000000
373.000000
370.000000
304.000000
312.000000
294.000000
260.000000
257.000000
189.000000
165.000000
166.000000
188.000000
174.000000
234.000000
262.000000
252.000000
287.000000
320.000000
326.000000
330.000000
263.000000
307.000000
280.000000
278.000000
276.000000
266.000000
294.000000
312.000000
283.000000
280.000000
246.000000
236.000000
142.000000
128.000000
122.000000
133.000000
143.000000
148.000000
225.000000
220.000000
242.000000
249.000000
258.000000
213.000000
247.000000
272.000000
232.000000
250.000000
253.000000
267.000000
240.000000
275.000000
253.000000
286.000000
198.000000
158.000000
151.000000
149.000000
125.000000
122.000000
124.000000
151.000000
173.000000
196.000000
220.000000
235.000000
220.000000
249.000000
276.000000
329.000000
302.000000
288.000000
258.000000
256.000000
261.000000
269.000000
315.000000
267.000000
234.000000
194.000000
166.000000
142.000000
150.000000
108.000000
119.000000
167.000000
183.000000
237.000000
269.000000
298.000000
285.000000
290.000000
316.000000
296.000000
269.000000
