483.000000
467.000000
415.000000
408.000000
375.000000
299.000000
242.000000
231.000000
245.000000
237.000000
228.000000
333.000000
309.000000
379.000000
403.000000
417.000000
485.000000
469.000000
866.000000
927.000000
815.000000
721.000000
612.000000
1237.000000
1411.000000
871.000000
670.000000
505.000000
451.000000
471.000000
389.000000
364.000000
319.000000
418.000000
326.000000
434.000000
426.000000
509.000000
517.000000
535.000000
544.000000
539.000000
498.000000
511.000000
504.000000
962.000000
1071.000000
725.000000
559.000000
579.000000
442.000000
426.000000
343.000000
340.000000
227.000000
236.000000
216.000000
223.000000
265.000000
299.000000
369.000000
372.000000
472.000000
500.000000
427.000000
481.000000
470.000000
448.000000
459.000000
413.000000
436.000000
430.000000
415.000000
402.000000
435.000000
394.000000
330.000000
315.000000
260.000000
195.000000
208.000000
200.000000
238.000000
228.000000
316.000000
318.000000
385.000000
429.000000
377.000000
430.000000
475.000000
486.000000
488.000000
488.000000
476.000000
489.000000
473.000000
467.000000
456.000000
465.000000
340.000000
302.000000
279.000000
217.000000
196.000000
244.000000
224.000000
270.000000
346.000000
360.000000
457.000000
495.000000
438.000000
535.000000
548.000000
502.000000
577.000000
542.000000
563.000000
536.000000
588.000000
632.000000
482.000000
490.000000
378.000000
347.000000
288.000000
269.000000
264.000000
290.000000
372.000000
452.000000
491.000000
573.000000
681.000000
700.000000
847.000000
1084.000000
1267.000000
1299.000000
1212.000000
1196.000000
1205.000000
1294.000000
1472.000000
1375.000000
1238.000000
1181.000000
988.000000
779.000000
721.000000
546.000000
541.000000
576.000000
727.000000
988.000000
1220.000000
1436.000000
1549.000000
1718.000000
1829.000000
1877.000000
2104.000000
1936.000000
1940.000000
2167.000000
2455.000000
2883.000000
4059.000000
3766.000000
3319.000000
2999.000000
2232.000000
1754.000000
1245.000000
983.000000
939.000000
992.000000
1223.000000
1455.000000
1691.000000
1845.000000
1963.000000
2195.000000
1946.000000
1774.000000
1765.000000
1730.000000
1769.000000
1802.000000
1723.000000
1816.000000
1667.000000
1762.000000
1657.000000
1443.000000
1091.000000
916.000000
774.000000
595.000000
592.000000
656.000000
784.000000
848.000000
1057.000000
1167.000000
1225.000000
1353.000000
1320.000000
1266.000000
1302.000000
1226.000000
1207.000000
1113.000000
1103.000000
1154.000000
1085.000000
1062.000000
954.000000
819.000000
735.000000
572.000000
490.000000
433.000000
460.000000
419.000000
483.000000
623.000000
741.000000
759.000000
775.000000
784.000000
923.000000
910.000000
886.000000
992.000000
1042.000000
961.000000
932.000000
898.000000
932.000000
1724.000000
1698.000000
1152.000000
718.000000
615.000000
511.000000
439.000000
387.000000
365.000000
382.000000
492.000000
583.000000
665.000000
750.000000
729.000000
837.000000
1123.000000
1412.000000
1377.000000
1007.000000
936.000000
934.000000
881.000000
833.000000
786.000000
853.000000
792.000000
696.000000
575.000000
437.000000
430.000000
363.000000
341.000000
324.000000
397.000000
544.000000
618.000000
731.000000
776.000000
824.000000
795.000000
825.000000
883.000000
917.000000
787.000000
830.000000
888.000000
894.000000
1001.000000
888.000000
817.000000
630.000000
543.000000
458.000000
393.000000
367.000000
348.000000
461.000000
491.000000
624.000000
627.000000
651.000000
650.000000
707.000000
726.000000
695.000000
734.000000
707.000000
676.000000
685.000000
657.000000
696.000000
714.000000
662.000000
611.000000
484.000000
426.000000
368.000000
316.000000
331.000000
344.000000
420.000000
455.000000
561.000000
609.000000
587.000000
601.000000
690.000000
655.000000
641.000000
725.000000
646.000000
627.000000
581.000000
712.000000
654.000000
