220.000000
205.000000
196.000000
201.000000
187.000000
141.000000
109.000000
84.000000
58.000000
45.000000
45.000000
27.000000
46.000000
68.000000
96.000000
128.000000
153.000000
150.000000
147.000000
134.000000
159.000000
130.000000
151.000000
143.000000
166.000000
185.000000
160.000000
161.000000
136.000000
156.000000
106.000000
68.000000
69.000000
46.000000
38.000000
31.000000
36.000000
48.000000
62.000000
74.000000
138.000000
162.000000
129.000000
162.000000
150.000000
133.000000
185.000000
174.000000
199.000000
286.000000
223.000000
283.000000
197.000000
151.000000
120.000000
86.000000
50.000000
54.000000
40.000000
40.000000
83.000000
90.000000
137.000000
136.000000
133.000000
177.000000
147.000000
244.000000
175.000000
197.000000
207.000000
298.000000
329.000000
300.000000
295.000000
287.000000
317.000000
218.000000
172.000000
148.000000
122.000000
75.000000
69.000000
78.000000
92.000000
133.000000
178.000000
193.000000
207.000000
195.000000
211.000000
259.000000
310.000000
255.000000
267.000000
308.000000
332.000000
338.000000
376.000000
406.000000
231.000000
210.000000
151.000000
110.000000
70.000000
74.000000
62.000000
75.000000
102.000000
128.000000
174.000000
171.000000
212.000000
206.000000
236.000000
249.000000
328.000000
342.000000
333.000000
324.000000
360.000000
370.000000
384.000000
385.000000
283.000000
287.000000
186.000000
174.000000
143.000000
119.000000
128.000000
113.000000
181.000000
228.000000
247.000000
259.000000
314.000000
507.000000
616.000000
516.000000
512.000000
560.000000
572.000000
668.000000
689.000000
735.000000
868.000000
915.000000
712.000000
588.000000
447.000000
330.000000
235.000000
243.000000
197.000000
265.000000
358.000000
475.000000
605.000000
602.000000
718.000000
855.000000
876.000000
960.000000
993.000000
1040.000000
1212.000000
1264.000000
1296.000000
1193.000000
1132.000000
1096.000000
882.000000
798.000000
564.000000
451.000000
344.000000
285.000000
226.000000
260.000000
287.000000
445.000000
718.000000
672.000000
794.000000
834.000000
849.000000
1012.000000
934.000000
931.000000
889.000000
986.000000
1054.000000
1052.000000
1064.000000
1130.000000
835.000000
702.000000
618.000000
419.000000
306.000000
230.000000
224.000000
191.000000
257.000000
332.000000
587.000000
589.000000
699.000000
808.000000
1066.000000
1049.000000
1052.000000
1013.000000
984.000000
1113.000000
1058.000000
1030.000000
1103.000000
934.000000
764.000000
614.000000
521.000000
428.000000
337.000000
282.000000
329.000000
345.000000
455.000000
551.000000
636.000000
620.000000
584.000000
582.000000
652.000000
571.000000
597.000000
620.000000
564.000000
476.000000
491.000000
518.000000
509.000000
468.000000
425.000000
344.000000
271.000000
236.000000
179.000000
159.000000
174.000000
158.000000
202.000000
294.000000
296.000000
323.000000
359.000000
353.000000
340.000000
365.000000
397.000000
397.000000
397.000000
466.000000
410.000000
411.000000
500.000000
446.000000
408.000000
343.000000
256.000000
213.000000
154.000000
128.000000
131.000000
127.000000
167.000000
201.000000
232.000000
256.000000
282.000000
290.000000
297.000000
312.000000
300.000000
358.000000
311.000000
350.000000
278.000000
339.000000
372.000000
335.000000
261.000000
216.000000
197.000000
150.000000
134.000000
86.000000
109.000000
114.000000
149.000000
178.000000
217.000000
229.000000
290.000000
299.000000
264.000000
267.000000
285.000000
319.000000
297.000000
328.000000
346.000000
337.000000
360.000000
353.000000
278.000000
220.000000
201.000000
151.000000
128.000000
115.000000
100.000000
123.000000
122.000000
163.000000
201.000000
222.000000
283.000000
274.000000
289.000000
330.000000
290.000000
288.000000
316.000000
333.000000
353.000000
