724.000000
825.000000
987.000000
890.000000
878.000000
887.000000
1030.000000
934.000000
873.000000
910.000000
797.000000
783.000000
669.000000
512.000000
476.000000
400.000000
364.000000
364.000000
371.000000
369.000000
453.000000
553.000000
658.000000
720.000000
803.000000
830.000000
882.000000
896.000000
860.000000
861.000000
1022.000000
1040.000000
894.000000
1137.000000
1071.000000
802.000000
779.000000
630.000000
506.000000
482.000000
348.000000
299.000000
338.000000
365.000000
428.000000
547.000000
729.000000
866.000000
955.000000
1083.000000
1015.000000
985.000000
1012.000000
948.000000
926.000000
1018.000000
1094.000000
1310.000000
1597.000000
1099.000000
941.000000
732.000000
547.000000
478.000000
396.000000
354.000000
393.000000
443.000000
682.000000
754.000000
1058.000000
1065.000000
1106.000000
1123.000000
1205.000000
1191.000000
1151.000000
1171.000000
1177.000000
1382.000000
1382.000000
1301.000000
1235.000000
1069.000000
939.000000
786.000000
556.000000
433.000000
369.000000
389.000000
470.000000
541.000000
733.000000
998.000000
1159.000000
1283.000000
1247.000000
1271.000000
1447.000000
1388.000000
1394.000000
1389.000000
1320.000000
1320.000000
1397.000000
1783.000000
1659.000000
1355.000000
1315.000000
1102.000000
883.000000
719.000000
666.000000
591.000000
695.000000
877.000000
1272.000000
2996.000000
3560.000000
3270.000000
3190.000000
3004.000000
3475.000000
3373.000000
3692.000000
3250.000000
3392.000000
3366.000000
3218.000000
3190.000000
3273.000000
3010.000000
2491.000000
1939.000000
1783.000000
1587.000000
1568.000000
1525.000000
1703.000000
2225.000000
2779.000000
3342.000000
3600.000000
3725.000000
4038.000000
4153.000000
4184.000000
4444.000000
4425.000000
4343.000000
4057.000000
4169.000000
4029.000000
4969.000000
5311.000000
4526.000000
4639.000000
3921.000000
2788.000000
2474.000000
2063.000000
1959.000000
2176.000000
3018.000000
3946.000000
4814.000000
5869.000000
7107.000000
7844.000000
7464.000000
7077.000000
7737.000000
7108.000000
6546.000000
6500.000000
6727.000000
6499.000000
6972.000000
7150.000000
6844.000000
6673.000000
6416.000000
4740.000000
3858.000000
3107.000000
2466.000000
2399.000000
3080.000000
3649.000000
4463.000000
5165.000000
6102.000000
6060.000000
6036.000000
6110.000000
6331.000000
6924.000000
6973.000000
7266.000000
7284.000000
6083.000000
6802.000000
6783.000000
6156.000000
5991.000000
5208.000000
3841.000000
3342.000000
2639.000000
1875.000000
1813.000000
2132.000000
2538.000000
3108.000000
3813.000000
4298.000000
4860.000000
5328.000000
5258.000000
5258.000000
5987.000000
5427.000000
5915.000000
5937.000000
6088.000000
6269.000000
6150.000000
5236.000000
4746.000000
3756.000000
2660.000000
2244.000000
1793.000000
1593.000000
1804.000000
2148.000000
2847.000000
3760.000000
4274.000000
4722.000000
4741.000000
4548.000000
4286.000000
4312.000000
4357.000000
3926.000000
3672.000000
3775.000000
3675.000000
3676.000000
3866.000000
3201.000000
2841.000000
2259.000000
1742.000000
1501.000000
1270.000000
1165.000000
1232.000000
1500.000000
1777.000000
2104.000000
2388.000000
2587.000000
2696.000000
2973.000000
3102.000000
3255.000000
3436.000000
3162.000000
3163.000000
3146.000000
3057.000000
3448.000000
3532.000000
2842.000000
2694.000000
2247.000000
1700.000000
1286.000000
1134.000000
869.000000
946.000000
1158.000000
1452.000000
1791.000000
2162.000000
2130.000000
2322.000000
2134.000000
2238.000000
2165.000000
2353.000000
2306.000000
2225.000000
2162.000000
2228.000000
2397.000000
2475.000000
2154.000000
2033.000000
1675.000000
1321.000000
1056.000000
942.000000
855.000000
907.000000
1033.000000
1375.000000
1582.000000
1831.000000
1916.000000
1973.000000
2228.000000
2265.000000
2207.000000
2354.000000
2190.000000
2279.000000
2127.000000
2057.000000
2210.000000
2211.000000
2048.000000
1877.000000
1548.000000
1127.000000
946.000000
866.000000
777.000000
830.000000
980.000000
1192.000000
1609.000000
1755.000000
2080.000000
2146.000000
