352.000000
288.000000
306.000000
272.000000
244.000000
201.000000
244.000000
280.000000
229.000000
260.000000
255.000000
208.000000
220.000000
167.000000
104.000000
118.000000
117.000000
99.000000
117.000000
165.000000
212.000000
259.000000
252.000000
204.000000
338.000000
269.000000
287.000000
355.000000
394.000000
285.000000
421.000000
261.000000
283.000000
280.000000
887.000000
320.000000
327.000000
206.000000
161.000000
127.000000
127.000000
124.000000
135.000000
187.000000
228.000000
213.000000
240.000000
311.000000
342.000000
293.000000
320.000000
317.000000
321.000000
420.000000
432.000000
332.000000
380.000000
394.000000
393.000000
336.000000
287.000000
266.000000
209.000000
171.000000
178.000000
148.000000
156.000000
192.000000
271.000000
309.000000
318.000000
329.000000
378.000000
337.000000
385.000000
315.000000
497.000000
389.000000
432.000000
608.000000
706.000000
584.000000
462.000000
415.000000
315.000000
276.000000
225.000000
195.000000
163.000000
185.000000
203.000000
273.000000
376.000000
367.000000
401.000000
435.000000
456.000000
453.000000
389.000000
420.000000
404.000000
467.000000
348.000000
444.000000
418.000000
573.000000
500.000000
430.000000
356.000000
291.000000
251.000000
222.000000
206.000000
213.000000
281.000000
309.000000
355.000000
400.000000
451.000000
434.000000
497.000000
517.000000
431.000000
445.000000
483.000000
417.000000
471.000000
464.000000
575.000000
723.000000
585.000000
546.000000
754.000000
484.000000
394.000000
383.000000
325.000000
333.000000
357.000000
485.000000
562.000000
669.000000
651.000000
713.000000
728.000000
927.000000
823.000000
813.000000
785.000000
824.000000
777.000000
934.000000
821.000000
975.000000
1070.000000
1641.000000
861.000000
733.000000
662.000000
541.000000
558.000000
595.000000
659.000000
781.000000
998.000000
1350.000000
1354.000000
1374.000000
1765.000000
1758.000000
1675.000000
1546.000000
1481.000000
1535.000000
1482.000000
1421.000000
1357.000000
1526.000000
1487.000000
1377.000000
1219.000000
1011.000000
796.000000
703.000000
575.000000
502.000000
559.000000
687.000000
879.000000
990.000000
1153.000000
1262.000000
1320.000000
1323.000000
1264.000000
1190.000000
1191.000000
1392.000000
1372.000000
1325.000000
1375.000000
1428.000000
1353.000000
1223.000000
1053.000000
858.000000
703.000000
541.000000
485.000000
394.000000
459.000000
509.000000
663.000000
732.000000
875.000000
1026.000000
1170.000000
1165.000000
1198.000000
1097.000000
1163.000000
1118.000000
1197.000000
1122.000000
1119.000000
1167.000000
1081.000000
939.000000
891.000000
827.000000
595.000000
549.000000
487.000000
443.000000
455.000000
621.000000
688.000000
822.000000
839.000000
963.000000
975.000000
982.000000
932.000000
934.000000
853.000000
804.000000
722.000000
740.000000
761.000000
826.000000
748.000000
808.000000
630.000000
553.000000
462.000000
392.000000
384.000000
373.000000
423.000000
508.000000
552.000000
695.000000
732.000000
794.000000
806.000000
812.000000
772.000000
807.000000
791.000000
737.000000
732.000000
710.000000
729.000000
818.000000
925.000000
756.000000
712.000000
574.000000
526.000000
423.000000
416.000000
371.000000
406.000000
462.000000
506.000000
617.000000
626.000000
642.000000
659.000000
629.000000
656.000000
713.000000
623.000000
616.000000
566.000000
633.000000
605.000000
818.000000
657.000000
582.000000
610.000000
427.000000
408.000000
346.000000
329.000000
309.000000
335.000000
426.000000
476.000000
524.000000
505.000000
592.000000
630.000000
575.000000
576.000000
577.000000
648.000000
545.000000
580.000000
612.000000
564.000000
658.000000
683.000000
621.000000
519.000000
472.000000
365.000000
307.000000
303.000000
316.000000
310.000000
369.000000
450.000000
546.000000
616.000000
646.000000
620.000000
