1144.000000
884.000000
636.000000
473.000000
517.000000
463.000000
397.000000
276.000000
370.000000
396.000000
520.000000
525.000000
563.000000
593.000000
626.000000
760.000000
866.000000
993.000000
1147.000000
1123.000000
1022.000000
1143.000000
1070.000000
1129.000000
1049.000000
866.000000
748.000000
823.000000
645.000000
567.000000
537.000000
475.000000
438.000000
546.000000
634.000000
714.000000
682.000000
669.000000
827.000000
829.000000
828.000000
891.000000
906.000000
952.000000
999.000000
1083.000000
933.000000
882.000000
899.000000
890.000000
1003.000000
826.000000
752.000000
668.000000
511.000000
481.000000
527.000000
517.000000
541.000000
612.000000
584.000000
685.000000
897.000000
765.000000
898.000000
952.000000
930.000000
966.000000
921.000000
974.000000
1111.000000
1042.000000
994.000000
907.000000
734.000000
915.000000
736.000000
608.000000
792.000000
439.000000
483.000000
529.000000
502.000000
590.000000
796.000000
628.000000
837.000000
868.000000
933.000000
1018.000000
1001.000000
997.000000
1006.000000
1165.000000
1210.000000
1085.000000
1073.000000
928.000000
876.000000
858.000000
722.000000
583.000000
569.000000
464.000000
516.000000
515.000000
555.000000
555.000000
598.000000
682.000000
833.000000
891.000000
1047.000000
1097.000000
1115.000000
1073.000000
1200.000000
1286.000000
1306.000000
1198.000000
1152.000000
1098.000000
923.000000
1110.000000
1090.000000
1030.000000
983.000000
951.000000
798.000000
697.000000
700.000000
681.000000
822.000000
973.000000
1201.000000
1366.000000
1526.000000
2117.000000
1797.000000
1920.000000
1864.000000
1923.000000
1798.000000
1921.000000
2019.000000
2061.000000
1831.000000
1732.000000
1979.000000
1694.000000
1495.000000
1342.000000
1126.000000
852.000000
806.000000
740.000000
711.000000
813.000000
1035.000000
1164.000000
1419.000000
1504.000000
1687.000000
1651.000000
1749.000000
1948.000000
1901.000000
1980.000000
2225.000000
2090.000000
1945.000000
1829.000000
1969.000000
1751.000000
1556.000000
1431.000000
1073.000000
913.000000
877.000000
678.000000
784.000000
793.000000
1001.000000
1247.000000
1363.000000
1537.000000
1637.000000
1705.000000
1614.000000
1760.000000
1825.000000
1862.000000
1912.000000
1723.000000
1563.000000
1570.000000
1707.000000
1322.000000
1177.000000
1067.000000
782.000000
714.000000
779.000000
669.000000
737.000000
852.000000
999.000000
1126.000000
1275.000000
1282.000000
1431.000000
1454.000000
1413.000000
1573.000000
1422.000000
1239.000000
1202.000000
1114.000000
1044.000000
998.000000
998.000000
898.000000
760.000000
727.000000
551.000000
545.000000
578.000000
543.000000
500.000000
627.000000
741.000000
779.000000
889.000000
938.000000
1001.000000
1055.000000
1109.000000
1194.000000
1220.000000
1168.000000
1230.000000
1019.000000
1021.000000
1104.000000
1128.000000
1128.000000
989.000000
856.000000
668.000000
624.000000
585.000000
523.000000
550.000000
644.000000
789.000000
859.000000
916.000000
974.000000
1068.000000
953.000000
937.000000
1029.000000
1080.000000
1028.000000
1121.000000
988.000000
898.000000
949.000000
899.000000
944.000000
974.000000
804.000000
657.000000
691.000000
639.000000
622.000000
653.000000
598.000000
722.000000
673.000000
738.000000
817.000000
853.000000
845.000000
1061.000000
1363.000000
1192.000000
1189.000000
1148.000000
1046.000000
922.000000
1006.000000
1027.000000
881.000000
865.000000
765.000000
695.000000
626.000000
601.000000
660.000000
646.000000
746.000000
1001.000000
1034.000000
1010.000000
1090.000000
1082.000000
1118.000000
1171.000000
1229.000000
1381.000000
1315.000000
1545.000000
1412.000000
1350.000000
1443.000000
1559.000000
1348.000000
1300.000000
1119.000000
871.000000
832.000000
680.000000
675.000000
714.000000
687.000000
919.000000
907.000000
972.000000
1083.000000
1232.000000
1263.000000
1257.000000
1437.000000
1433.000000
1442.000000
1696.000000
