639.000000
587.000000
580.000000
570.000000
564.000000
567.000000
566.000000
598.000000
602.000000
625.000000
564.000000
553.000000
417.000000
387.000000
297.000000
419.000000
242.000000
304.000000
355.000000
445.000000
595.000000
630.000000
583.000000
641.000000
629.000000
729.000000
656.000000
688.000000
636.000000
635.000000
664.000000
671.000000
734.000000
634.000000
613.000000
605.000000
486.000000
449.000000
403.000000
380.000000
362.000000
388.000000
432.000000
530.000000
691.000000
672.000000
812.000000
996.000000
879.000000
935.000000
770.000000
933.000000
880.000000
920.000000
829.000000
963.000000
1174.000000
1112.000000
738.000000
660.000000
562.000000
395.000000
410.000000
375.000000
331.000000
378.000000
511.000000
615.000000
747.000000
864.000000
885.000000
1036.000000
860.000000
844.000000
806.000000
926.000000
841.000000
884.000000
977.000000
1090.000000
1228.000000
979.000000
949.000000
795.000000
626.000000
584.000000
503.000000
449.000000
416.000000
451.000000
580.000000
698.000000
766.000000
973.000000
1070.000000
1146.000000
1088.000000
1096.000000
1020.000000
1212.000000
1137.000000
1289.000000
1323.000000
1412.000000
1502.000000
1316.000000
1116.000000
1034.000000
936.000000
786.000000
718.000000
592.000000
588.000000
671.000000
809.000000
942.000000
1133.000000
1246.000000
1345.000000
1354.000000
1447.000000
1405.000000
1357.000000
1394.000000
1379.000000
1386.000000
1450.000000
1511.000000
1566.000000
1560.000000
1413.000000
1560.000000
1081.000000
902.000000
935.000000
777.000000
822.000000
839.000000
1082.000000
1408.000000
1619.000000
1868.000000
2524.000000
2187.000000
2326.000000
2368.000000
2225.000000
2253.000000
2514.000000
2343.000000
2511.000000
2700.000000
2640.000000
3592.000000
3638.000000
2976.000000
2307.000000
1927.000000
1834.000000
1675.000000
1554.000000
1749.000000
2157.000000
2640.000000
3021.000000
3540.000000
3858.000000
3884.000000
3961.000000
3873.000000
3914.000000
3662.000000
3339.000000
3278.000000
3281.000000
3369.000000
3406.000000
3251.000000
3092.000000
2720.000000
2160.000000
1776.000000
1526.000000
1314.000000
1138.000000
1211.000000
1524.000000
1794.000000
2261.000000
2524.000000
2781.000000
2582.000000
2432.000000
2541.000000
2599.000000
2534.000000
2480.000000
2566.000000
2369.000000
2527.000000
2532.000000
2655.000000
2427.000000
2220.000000
1898.000000
1551.000000
1377.000000
1172.000000
1185.000000
1156.000000
1173.000000
1464.000000
1760.000000
1828.000000
2362.000000
2639.000000
2618.000000
2458.000000
2615.000000
2414.000000
2499.000000
2505.000000
2313.000000
2336.000000
2508.000000
2576.000000
2384.000000
1959.000000
1571.000000
1277.000000
1055.000000
1062.000000
1000.000000
1155.000000
1342.000000
1604.000000
1910.000000
2030.000000
2098.000000
2001.000000
2110.000000
3279.000000
1973.000000
1908.000000
1762.000000
1811.000000
1628.000000
1700.000000
1668.000000
1604.000000
1457.000000
1265.000000
1059.000000
1025.000000
931.000000
893.000000
833.000000
889.000000
1026.000000
1215.000000
1352.000000
1426.000000
1408.000000
1286.000000
1336.000000
1396.000000
1467.000000
1467.000000
1455.000000
1321.000000
1350.000000
1329.000000
1552.000000
1524.000000
1435.000000
1320.000000
1117.000000
909.000000
865.000000
751.000000
692.000000
698.000000
824.000000
960.000000
1130.000000
1147.000000
1249.000000
1160.000000
1229.000000
1136.000000
1207.000000
1207.000000
1103.000000
1086.000000
1079.000000
1083.000000
1181.000000
1233.000000
1090.000000
997.000000
820.000000
734.000000
719.000000
775.000000
723.000000
672.000000
839.000000
890.000000
988.000000
1070.000000
1081.000000
1109.000000
1122.000000
1013.000000
1083.000000
1066.000000
992.000000
978.000000
939.000000
1016.000000
1040.000000
1178.000000
1196.000000
973.000000
771.000000
754.000000
710.000000
690.000000
648.000000
605.000000
768.000000
785.000000
990.000000
1137.000000
1152.000000
1114.000000
1047.000000
