1600.000000
1364.000000
1426.000000
1182.000000
1015.000000
955.000000
842.000000
790.000000
840.000000
1046.000000
1144.000000
1253.000000
1304.000000
1270.000000
1197.000000
1281.000000
1293.000000
1301.000000
1217.000000
1318.000000
1315.000000
1335.000000
1784.000000
1958.000000
1814.000000
1608.000000
1429.000000
1273.000000
1069.000000
1046.000000
1057.000000
1026.000000
1201.000000
1019.000000
1162.000000
1101.000000
1188.000000
1336.000000
1267.000000
1257.000000
1466.000000
1720.000000
1874.000000
1815.000000
1822.000000
1974.000000
2294.000000
2641.000000
2391.000000
1838.000000
1629.000000
1259.000000
1071.000000
896.000000
843.000000
847.000000
964.000000
1277.000000
1585.000000
1584.000000
1623.000000
2415.000000
2416.000000
2280.000000
2754.000000
2717.000000
3248.000000
3035.000000
3338.000000
3066.000000
3382.000000
3942.000000
3333.000000
3101.000000
2807.000000
2131.000000
1833.000000
1613.000000
1397.000000
1539.000000
1887.000000
2200.000000
2405.000000
2561.000000
2671.000000
2632.000000
2785.000000
2542.000000
2580.000000
2411.000000
2386.000000
2442.000000
2653.000000
2608.000000
2729.000000
4205.000000
3633.000000
3029.000000
2836.000000
2090.000000
1759.000000
1644.000000
1427.000000
1372.000000
1688.000000
2069.000000
2445.000000
2819.000000
2582.000000
2585.000000
2701.000000
2618.000000
2411.000000
2409.000000
2503.000000
2862.000000
2671.000000
2909.000000
3474.000000
3829.000000
3738.000000
3707.000000
3066.000000
2453.000000
2178.000000
1693.000000
1556.000000
1651.000000
2090.000000
2369.000000
2832.000000
3115.000000
3187.000000
3702.000000
3504.000000
3366.000000
3290.000000
3563.000000
3702.000000
3824.000000
3788.000000
3975.000000
4360.000000
5431.000000
5345.000000
5047.000000
5452.000000
3970.000000
3234.000000
2838.000000
2579.000000
2452.000000
2875.000000
3962.000000
4848.000000
5543.000000
5782.000000
6045.000000
6379.000000
6677.000000
6426.000000
6636.000000
6670.000000
7006.000000
7211.000000
6973.000000
7017.000000
7493.000000
7880.000000
7617.000000
6944.000000
5450.000000
4463.000000
3739.000000
3268.000000
2816.000000
3244.000000
3866.000000
5158.000000
6164.000000
6632.000000
7159.000000
7559.000000
7243.000000
7443.000000
7210.000000
7793.000000
6804.000000
6939.000000
6887.000000
6562.000000
7229.000000
7194.000000
6781.000000
6656.000000
5480.000000
4277.000000
3427.000000
2939.000000
2463.000000
2648.000000
3078.000000
4086.000000
4680.000000
5217.000000
5648.000000
5736.000000
5738.000000
5738.000000
5663.000000
5814.000000
5732.000000
5486.000000
5056.000000
5071.000000
5651.000000
5301.000000
4644.000000
3911.000000
3114.000000
2465.000000
1944.000000
1792.000000
1734.000000
1901.000000
2462.000000
2836.000000
3336.000000
3310.000000
3416.000000
3566.000000
3461.000000
3500.000000
3591.000000
3560.000000
3658.000000
3217.000000
2820.000000
2707.000000
2865.000000
2798.000000
2638.000000
2263.000000
1949.000000
1706.000000
1604.000000
1409.000000
1485.000000
1641.000000
1895.000000
2020.000000
2471.000000
2517.000000
2407.000000
2888.000000
2846.000000
2886.000000
2932.000000
2878.000000
3612.000000
3244.000000
2906.000000
2735.000000
3213.000000
3284.000000
3002.000000
2791.000000
2433.000000
2064.000000
2170.000000
1733.000000
1502.000000
1659.000000
1971.000000
2240.000000
2386.000000
2389.000000
2596.000000
2551.000000
2434.000000
2362.000000
2459.000000
2979.000000
2501.000000
2275.000000
2120.000000
1930.000000
2563.000000
2383.000000
2224.000000
2034.000000
1794.000000
1507.000000
1355.000000
1351.000000
1300.000000
1630.000000
1780.000000
1914.000000
2171.000000
2402.000000
2301.000000
2508.000000
2491.000000
2553.000000
2730.000000
2917.000000
2915.000000
2525.000000
2306.000000
2313.000000
2825.000000
2471.000000
2281.000000
2069.000000
1807.000000
1659.000000
1514.000000
1513.000000
1580.000000
1712.000000
1935.000000
2172.000000
2495.000000
2645.000000
2771.000000
2903.000000
2834.000000
2811.000000
3288.000000
3109.000000
3914.000000
4008.000000
3264.000000
3031.000000
3076.000000
3208.000000
