707.000000
700.000000
632.000000
448.000000
431.000000
391.000000
408.000000
366.000000
367.000000
422.000000
490.000000
631.000000
703.000000
710.000000
693.000000
735.000000
845.000000
774.000000
837.000000
794.000000
678.000000
643.000000
944.000000
687.000000
839.000000
717.000000
621.000000
557.000000
488.000000
447.000000
441.000000
397.000000
413.000000
450.000000
525.000000
547.000000
574.000000
671.000000
794.000000
846.000000
921.000000
952.000000
782.000000
901.000000
870.000000
765.000000
1004.000000
988.000000
840.000000
872.000000
665.000000
628.000000
586.000000
582.000000
548.000000
492.000000
561.000000
673.000000
732.000000
844.000000
920.000000
949.000000
949.000000
1123.000000
1000.000000
1044.000000
1062.000000
986.000000
1005.000000
1051.000000
965.000000
1292.000000
1288.000000
998.000000
907.000000
769.000000
656.000000
598.000000
655.000000
613.000000
685.000000
704.000000
836.000000
1020.000000
1038.000000
1172.000000
1379.000000
1398.000000
1277.000000
1353.000000
1381.000000
1328.000000
1271.000000
1292.000000
1309.000000
1636.000000
1649.000000
1389.000000
1214.000000
1014.000000
962.000000
804.000000
1069.000000
843.000000
922.000000
916.000000
1097.000000
1508.000000
1528.000000
1577.000000
1485.000000
1561.000000
1574.000000
1492.000000
1548.000000
1502.000000
1442.000000
1264.000000
1380.000000
1454.000000
1495.000000
1630.000000
1307.000000
1129.000000
1134.000000
1047.000000
993.000000
991.000000
986.000000
1211.000000
1303.000000
1511.000000
1661.000000
1780.000000
1886.000000
2015.000000
1941.000000
2110.000000
2072.000000
2075.000000
1892.000000
2095.000000
2237.000000
2474.000000
2554.000000
2592.000000
2630.000000
2228.000000
1861.000000
1701.000000
1527.000000
1353.000000
1457.000000
1785.000000
2109.000000
2642.000000
2966.000000
3295.000000
3446.000000
3442.000000
3492.000000
3611.000000
3612.000000
3545.000000
3391.000000
3313.000000
3164.000000
3639.000000
3833.000000
3712.000000
3555.000000
3312.000000
2665.000000
2192.000000
1939.000000
1538.000000
1621.000000
1780.000000
2014.000000
2414.000000
2765.000000
2857.000000
2984.000000
2801.000000
2796.000000
2970.000000
3088.000000
2988.000000
2969.000000
3160.000000
2982.000000
3232.000000
3608.000000
3384.000000
3462.000000
3106.000000
2472.000000
1993.000000
1710.000000
1487.000000
1510.000000
1627.000000
1794.000000
2169.000000
2462.000000
2666.000000
2854.000000
2891.000000
3046.000000
3057.000000
3520.000000
2929.000000
3038.000000
3103.000000
2938.000000
2872.000000
3163.000000
2793.000000
2382.000000
2152.000000
1840.000000
1576.000000
1399.000000
1383.000000
1244.000000
1575.000000
1940.000000
2230.000000
2317.000000
2277.000000
2293.000000
2201.000000
2210.000000
2062.000000
2032.000000
2078.000000
1860.000000
1743.000000
1708.000000
1759.000000
1843.000000
1639.000000
1559.000000
1406.000000
1249.000000
1157.000000
938.000000
956.000000
966.000000
1100.000000
1177.000000
1440.000000
1467.000000
1479.000000
1585.000000
1625.000000
1542.000000
1764.000000
1894.000000
1746.000000
1665.000000
1627.000000
1495.000000
1855.000000
2093.000000
1941.000000
1969.000000
1667.000000
1308.000000
1180.000000
1028.000000
881.000000
917.000000
1017.000000
1109.000000
1320.000000
1368.000000
1524.000000
1464.000000
1394.000000
1413.000000
1549.000000
1560.000000
1614.000000
1434.000000
1399.000000
1356.000000
1584.000000
1605.000000
1622.000000
1562.000000
1404.000000
1349.000000
1277.000000
1064.000000
1142.000000
1030.000000
1235.000000
1209.000000
1398.000000
1280.000000
1356.000000
1368.000000
1323.000000
1405.000000
1486.000000
1616.000000
1603.000000
1438.000000
1428.000000
1360.000000
1544.000000
1576.000000
1422.000000
1515.000000
1340.000000
1238.000000
1188.000000
1094.000000
1061.000000
1077.000000
1171.000000
1275.000000
1412.000000
1425.000000
1499.000000
1450.000000
1418.000000
1372.000000
1438.000000
1488.000000
1519.000000
1524.000000
1485.000000
1310.000000
1585.000000
1739.000000
