1023.000000
1239.000000
1005.000000
1115.000000
906.000000
916.000000
908.000000
796.000000
638.000000
604.000000
506.000000
500.000000
473.000000
578.000000
560.000000
676.000000
799.000000
901.000000
1074.000000
1012.000000
959.000000
999.000000
959.000000
1110.000000
1135.000000
1032.000000
1002.000000
964.000000
1341.000000
1310.000000
1047.000000
1519.000000
803.000000
688.000000
638.000000
527.000000
502.000000
513.000000
550.000000
725.000000
862.000000
898.000000
1113.000000
1067.000000
1166.000000
1922.000000
1880.000000
1314.000000
1589.000000
2612.000000
1224.000000
1236.000000
1824.000000
2435.000000
1622.000000
1509.000000
1224.000000
845.000000
733.000000
689.000000
619.000000
688.000000
779.000000
937.000000
974.000000
1204.000000
1244.000000
1230.000000
1389.000000
1338.000000
1492.000000
1428.000000
1836.000000
1617.000000
1453.000000
1307.000000
1541.000000
1486.000000
1623.000000
1513.000000
1281.000000
1072.000000
946.000000
863.000000
791.000000
873.000000
927.000000
1073.000000
1271.000000
1356.000000
1429.000000
1458.000000
1490.000000
1553.000000
1609.000000
1662.000000
1650.000000
1623.000000
1324.000000
1459.000000
1525.000000
1776.000000
1418.000000
1347.000000
1306.000000
1188.000000
1123.000000
1114.000000
1091.000000
1121.000000
1354.000000
1393.000000
1530.000000
1743.000000
1766.000000
1945.000000
2021.000000
1906.000000
1733.000000
1949.000000
2187.000000
1862.000000
1870.000000
1708.000000
1799.000000
1759.000000
1891.000000
1651.000000
1781.000000
1884.000000
1441.000000
1540.000000
1457.000000
1406.000000
1610.000000
1759.000000
2056.000000
2270.000000
2432.000000
2477.000000
2438.000000
2638.000000
2943.000000
2924.000000
2994.000000
2901.000000
2730.000000
2607.000000
2593.000000
2839.000000
2871.000000
2921.000000
2746.000000
2413.000000
1973.000000
1819.000000
1827.000000
1903.000000
2263.000000
2434.000000
2825.000000
3259.000000
3631.000000
3835.000000
3902.000000
4044.000000
3732.000000
4130.000000
4270.000000
4054.000000
3934.000000
3718.000000
3632.000000
3648.000000
3627.000000
3463.000000
3269.000000
2915.000000
2452.000000
2346.000000
2106.000000
2033.000000
2112.000000
2415.000000
2652.000000
2891.000000
3257.000000
3668.000000
3595.000000
3370.000000
3370.000000
3450.000000
3718.000000
3817.000000
3784.000000
3614.000000
3211.000000
3203.000000
3282.000000
3147.000000
3952.000000
2660.000000
2433.000000
2103.000000
1807.000000
1749.000000
1757.000000
1910.000000
2123.000000
2360.000000
2538.000000
2811.000000
2942.000000
3092.000000
2927.000000
3031.000000
3170.000000
3082.000000
3439.000000
3001.000000
2754.000000
2840.000000
2790.000000
2461.000000
2175.000000
1851.000000
1562.000000
1464.000000
1430.000000
1344.000000
1340.000000
1647.000000
1887.000000
1988.000000
2134.000000
2161.000000
2055.000000
2018.000000
2023.000000
2031.000000
1896.000000
1813.000000
1764.000000
1619.000000
1621.000000
1590.000000
1609.000000
1401.000000
1317.000000
1280.000000
1102.000000
1051.000000
927.000000
946.000000
1004.000000
1109.000000
1231.000000
1776.000000
1951.000000
1973.000000
1966.000000
1975.000000
1982.000000
2019.000000
1984.000000
1990.000000
1960.000000
1924.000000
1694.000000
1825.000000
1860.000000
1683.000000
1765.000000
1511.000000
1279.000000
1114.000000
1005.000000
924.000000
965.000000
1068.000000
1138.000000
1362.000000
1386.000000
1397.000000
1380.000000
1379.000000
1334.000000
1352.000000
1408.000000
1333.000000
1301.000000
1151.000000
1140.000000
1148.000000
1264.000000
1136.000000
1063.000000
966.000000
822.000000
808.000000
707.000000
703.000000
788.000000
865.000000
946.000000
1044.000000
1070.000000
1079.000000
1080.000000
1051.000000
1093.000000
1168.000000
1100.000000
1020.000000
1038.000000
933.000000
896.000000
869.000000
963.000000
842.000000
824.000000
732.000000
710.000000
675.000000
631.000000
584.000000
676.000000
712.000000
798.000000
909.000000
1151.000000
1120.000000
1092.000000
996.000000
1069.000000
1015.000000
1098.000000
