440.000000
485.000000
345.000000
276.000000
247.000000
244.000000
225.000000
178.000000
168.000000
182.000000
203.000000
263.000000
323.000000
349.000000
371.000000
341.000000
382.000000
445.000000
494.000000
461.000000
408.000000
352.000000
387.000000
380.000000
447.000000
424.000000
398.000000
310.000000
245.000000
252.000000
205.000000
166.000000
175.000000
192.000000
251.000000
279.000000
365.000000
345.000000
445.000000
473.000000
436.000000
500.000000
493.000000
509.000000
424.000000
405.000000
499.000000
501.000000
503.000000
484.000000
463.000000
297.000000
259.000000
272.000000
225.000000
200.000000
205.000000
230.000000
270.000000
356.000000
406.000000
371.000000
409.000000
408.000000
418.000000
452.000000
454.000000
458.000000
405.000000
419.000000
418.000000
572.000000
519.000000
523.000000
479.000000
346.000000
296.000000
249.000000
201.000000
181.000000
195.000000
260.000000
357.000000
437.000000
518.000000
570.000000
575.000000
655.000000
664.000000
680.000000
716.000000
692.000000
659.000000
709.000000
736.000000
929.000000
805.000000
716.000000
618.000000
499.000000
417.000000
391.000000
316.000000
302.000000
348.000000
402.000000
474.000000
577.000000
667.000000
729.000000
742.000000
753.000000
752.000000
813.000000
868.000000
832.000000
854.000000
946.000000
879.000000
900.000000
1020.000000
916.000000
820.000000
654.000000
569.000000
503.000000
459.000000
422.000000
494.000000
618.000000
676.000000
868.000000
1021.000000
1096.000000
1656.000000
1614.000000
1495.000000
1455.000000
1529.000000
2202.000000
2110.000000
2050.000000
2114.000000
2024.000000
2114.000000
2202.000000
2059.000000
1695.000000
1397.000000
1195.000000
1030.000000
969.000000
1108.000000
1888.000000
2153.000000
2415.000000
2541.000000
2593.000000
2655.000000
2923.000000
2900.000000
2798.000000
2780.000000
2889.000000
2644.000000
2691.000000
2512.000000
2772.000000
3040.000000
2948.000000
2567.000000
2123.000000
1735.000000
1400.000000
1106.000000
944.000000
848.000000
1056.000000
1444.000000
1683.000000
1870.000000
2122.000000
2193.000000
2246.000000
2234.000000
2197.000000
2498.000000
2472.000000
2727.000000
2629.000000
2458.000000
2904.000000
2800.000000
2512.000000
2234.000000
1828.000000
1406.000000
1173.000000
942.000000
839.000000
833.000000
871.000000
1122.000000
1407.000000
1668.000000
2224.000000
2568.000000
2664.000000
2518.000000
2558.000000
2561.000000
2888.000000
2658.000000
2597.000000
2591.000000
2694.000000
2674.000000
2241.000000
2003.000000
1616.000000
1282.000000
1025.000000
875.000000
880.000000
878.000000
965.000000
1205.000000
1375.000000
1542.000000
1639.000000
1724.000000
1726.000000
1772.000000
1829.000000
1839.000000
1774.000000
1640.000000
1556.000000
1561.000000
1492.000000
1447.000000
1351.000000
1130.000000
976.000000
788.000000
706.000000
651.000000
641.000000
603.000000
731.000000
886.000000
977.000000
1126.000000
1160.000000
1209.000000
1265.000000
1160.000000
1171.000000
1602.000000
1596.000000
1445.000000
1305.000000
1361.000000
1372.000000
1418.000000
1254.000000
1204.000000
995.000000
767.000000
753.000000
665.000000
596.000000
596.000000
730.000000
803.000000
883.000000
947.000000
965.000000
1304.000000
2280.000000
2030.000000
1918.000000
1789.000000
1609.000000
1543.000000
1426.000000
1496.000000
1432.000000
1324.000000
1251.000000
1105.000000
916.000000
841.000000
705.000000
621.000000
573.000000
647.000000
706.000000
820.000000
869.000000
887.000000
943.000000
926.000000
934.000000
1006.000000
900.000000
990.000000
903.000000
919.000000
815.000000
852.000000
846.000000
849.000000
850.000000
711.000000
703.000000
570.000000
485.000000
440.000000
424.000000
432.000000
511.000000
551.000000
637.000000
637.000000
707.000000
699.000000
762.000000
822.000000
786.000000
842.000000
838.000000
776.000000
790.000000
688.000000
749.000000
757.000000
