4828.000000
4645.000000
4839.000000
4827.000000
5093.000000
5097.000000
4428.000000
4152.000000
3729.000000
4036.000000
3960.000000
3761.000000
3432.000000
3193.000000
2878.000000
2823.000000
3184.000000
3390.000000
3131.000000
3194.000000
3296.000000
3610.000000
4640.000000
5704.000000
4560.000000
4334.000000
4098.000000
5055.000000
4889.000000
4442.000000
3889.000000
3943.000000
3367.000000
3743.000000
3846.000000
3357.000000
3087.000000
3266.000000
2880.000000
2713.000000
2648.000000
2720.000000
2874.000000
3300.000000
3570.000000
3853.000000
4232.000000
4345.000000
4571.000000
4604.000000
4990.000000
4759.000000
4843.000000
4316.000000
4555.000000
4070.000000
4332.000000
4600.000000
4844.000000
4029.000000
3841.000000
3715.000000
3195.000000
3172.000000
3197.000000
3308.000000
3655.000000
4252.000000
4884.000000
5091.000000
5604.000000
5950.000000
5941.000000
6172.000000
6187.000000
6605.000000
6562.000000
6501.000000
5956.000000
5532.000000
7685.000000
6276.000000
5989.000000
5793.000000
5537.000000
5526.000000
5598.000000
5813.000000
5915.000000
6587.000000
7994.000000
8240.000000
9764.000000
9941.000000
10894.000000
11091.000000
11068.000000
10367.000000
10804.000000
11126.000000
11261.000000
11273.000000
12322.000000
10645.000000
9851.000000
9973.000000
9525.000000
9043.000000
10943.000000
9691.000000
9430.000000
10109.000000
10040.000000
10526.000000
11210.000000
12292.000000
13822.000000
15199.000000
15236.000000
15579.000000
15181.000000
14627.000000
14040.000000
13403.000000
13799.000000
14426.000000
14877.000000
14142.000000
13896.000000
16628.000000
19974.000000
21044.000000
20817.000000
20866.000000
18746.000000
17177.000000
16009.000000
15999.000000
16967.000000
19281.000000
22743.000000
25357.000000
26205.000000
27961.000000
26474.000000
24338.000000
22608.000000
22157.000000
21457.000000
20890.000000
21213.000000
21374.000000
20459.000000
22252.000000
25136.000000
25468.000000
25183.000000
25324.000000
22700.000000
20464.000000
19762.000000
19070.000000
19788.000000
20407.000000
23883.000000
25298.000000
26224.000000
28875.000000
28981.000000
27609.000000
25325.000000
24876.000000
25344.000000
24705.000000
26226.000000
26441.000000
24443.000000
25703.000000
27901.000000
27306.000000
27513.000000
27064.000000
23634.000000
21197.000000
19353.000000
18072.000000
17868.000000
18542.000000
21348.000000
22512.000000
24527.000000
26649.000000
28818.000000
27951.000000
26249.000000
25992.000000
25276.000000
25750.000000
25965.000000
25642.000000
25185.000000
25540.000000
26033.000000
25415.000000
23231.000000
21078.000000
18229.000000
16023.000000
14935.000000
13921.000000
15165.000000
16640.000000
19895.000000
21836.000000
22094.000000
22348.000000
22206.000000
20391.000000
17993.000000
16840.000000
15589.000000
14844.000000
13721.000000
13133.000000
12808.000000
13825.000000
14967.000000
14229.000000
13702.000000
13211.000000
11755.000000
10473.000000
10137.000000
9971.000000
10640.000000
11569.000000
13325.000000
14694.000000
15839.000000
16300.000000
15691.000000
14434.000000
14076.000000
13093.000000
12953.000000
12763.000000
12943.000000
12314.000000
12203.000000
13724.000000
15363.000000
14922.000000
14309.000000
14003.000000
12248.000000
11249.000000
10126.000000
10608.000000
10450.000000
11522.000000
12889.000000
13552.000000
14221.000000
14323.000000
13637.000000
12449.000000
11600.000000
11044.000000
10357.000000
10612.000000
10479.000000
9965.000000
9702.000000
10628.000000
11242.000000
11274.000000
10606.000000
10022.000000
9241.000000
8788.000000
8188.000000
7657.000000
8384.000000
8799.000000
9823.000000
10357.000000
11123.000000
11286.000000
10835.000000
10156.000000
9411.000000
9265.000000
8775.000000
8611.000000
8657.000000
8226.000000
7992.000000
8950.000000
9784.000000
9719.000000
9436.000000
8925.000000
8179.000000
7729.000000
7565.000000
7554.000000
7996.000000
9114.000000
9627.000000
10444.000000
11052.000000
11347.000000
11075.000000
10433.000000
9509.000000
9247.000000
8901.000000
9496.000000
9529.000000
9350.000000
8816.000000
9309.000000
10574.000000
10724.000000
11016.000000
11023.000000
9824.000000
9062.000000
8658.000000
8435.000000
8338.000000
9046.000000
9786.000000
10850.000000
11526.000000
12318.000000
12131.000000
