849.000000
848.000000
782.000000
845.000000
1195.000000
1357.000000
1272.000000
972.000000
985.000000
863.000000
767.000000
960.000000
903.000000
868.000000
1010.000000
1009.000000
1066.000000
1098.000000
1196.000000
1302.000000
1162.000000
1237.000000
1209.000000
1214.000000
1200.000000
978.000000
1017.000000
1116.000000
1145.000000
1102.000000
999.000000
941.000000
806.000000
825.000000
774.000000
688.000000
664.000000
745.000000
861.000000
878.000000
1017.000000
1046.000000
1072.000000
1080.000000
1098.000000
1093.000000
1039.000000
949.000000
996.000000
1028.000000
981.000000
993.000000
922.000000
1020.000000
1027.000000
1001.000000
897.000000
844.000000
661.000000
691.000000
578.000000
770.000000
772.000000
827.000000
875.000000
932.000000
938.000000
971.000000
1151.000000
1028.000000
982.000000
1044.000000
914.000000
1051.000000
928.000000
987.000000
1105.000000
1212.000000
1057.000000
1082.000000
1377.000000
979.000000
915.000000
810.000000
927.000000
987.000000
968.000000
948.000000
1059.000000
1136.000000
1251.000000
1319.000000
1463.000000
1443.000000
1411.000000
1310.000000
1456.000000
1288.000000
1246.000000
1203.000000
1400.000000
1723.000000
1720.000000
1118.000000
1050.000000
1017.000000
901.000000
814.000000
917.000000
1020.000000
1072.000000
1255.000000
1418.000000
1739.000000
1591.000000
1649.000000
1633.000000
1562.000000
1630.000000
1580.000000
1631.000000
1488.000000
1351.000000
1412.000000
1588.000000
1930.000000
1741.000000
1811.000000
1737.000000
1367.000000
1280.000000
1153.000000
1154.000000
1281.000000
1332.000000
1652.000000
1864.000000
2070.000000
2109.000000
2235.000000
2084.000000
1967.000000
1971.000000
1983.000000
1885.000000
1723.000000
1677.000000
1637.000000
2144.000000
2323.000000
2000.000000
2136.000000
1706.000000
1784.000000
1528.000000
1665.000000
1726.000000
1765.000000
1959.000000
2247.000000
2529.000000
2779.000000
2904.000000
3199.000000
3213.000000
3155.000000
3315.000000
7118.000000
12733.000000
4711.000000
4022.000000
3281.000000
3085.000000
3537.000000
3062.000000
2985.000000
3346.000000
3048.000000
2944.000000
2802.000000
2962.000000
2912.000000
3277.000000
3791.000000
4392.000000
4514.000000
4648.000000
4962.000000
4782.000000
4442.000000
4172.000000
4014.000000
4145.000000
4181.000000
4099.000000
3841.000000
4607.000000
5009.000000
4926.000000
4979.000000
4852.000000
4442.000000
4217.000000
4118.000000
4043.000000
4246.000000
4689.000000
5364.000000
5965.000000
6592.000000
7093.000000
7163.000000
7157.000000
6858.000000
6816.000000
7030.000000
6825.000000
7590.000000
6762.000000
6223.000000
6086.000000
6313.000000
6626.000000
6651.000000
6693.000000
5967.000000
5434.000000
5347.000000
4892.000000
4798.000000
4790.000000
5114.000000
5757.000000
6171.000000
6677.000000
7019.000000
6856.000000
6998.000000
7105.000000
6756.000000
6401.000000
6172.000000
6465.000000
5753.000000
5514.000000
5660.000000
5857.000000
5872.000000
5634.000000
5148.000000
4777.000000
4610.000000
4538.000000
4405.000000
4160.000000
4339.000000
4529.000000
4995.000000
5307.000000
5933.000000
6852.000000
6788.000000
7316.000000
6294.000000
6007.000000
5734.000000
5247.000000
4916.000000
5310.000000
5335.000000
5260.000000
5297.000000
4764.000000
4728.000000
4432.000000
4116.000000
4596.000000
4394.000000
4190.000000
4713.000000
5248.000000
5516.000000
5406.000000
5334.000000
5334.000000
4945.000000
4652.000000
4186.000000
3668.000000
3156.000000
2984.000000
2837.000000
2878.000000
2906.000000
3060.000000
3040.000000
2932.000000
2865.000000
3153.000000
2995.000000
2882.000000
2658.000000
2635.000000
2835.000000
3078.000000
3851.000000
3354.000000
3354.000000
3204.000000
3148.000000
2970.000000
2838.000000
2710.000000
2521.000000
2345.000000
2250.000000
2567.000000
3095.000000
2769.000000
2803.000000
2614.000000
2519.000000
2308.000000
2278.000000
2336.000000
2160.000000
2174.000000
2513.000000
2569.000000
2542.000000
2710.000000
2714.000000
2632.000000
2547.000000
2386.000000
2345.000000
2161.000000
