1392.000000
1328.000000
1467.000000
1338.000000
1524.000000
1472.000000
1334.000000
977.000000
877.000000
747.000000
552.000000
534.000000
508.000000
437.000000
534.000000
735.000000
791.000000
1062.000000
1236.000000
1185.000000
1164.000000
1204.000000
1209.000000
1423.000000
1425.000000
1366.000000
1402.000000
1305.000000
1241.000000
1240.000000
1335.000000
1346.000000
866.000000
804.000000
665.000000
545.000000
495.000000
502.000000
498.000000
726.000000
826.000000
956.000000
1042.000000
1350.000000
1341.000000
1434.000000
1634.000000
1719.000000
1767.000000
1379.000000
1345.000000
1293.000000
1381.000000
1824.000000
1141.000000
1207.000000
938.000000
686.000000
610.000000
499.000000
461.000000
624.000000
707.000000
793.000000
986.000000
1100.000000
1255.000000
1316.000000
1552.000000
1679.000000
1549.000000
1737.000000
1606.000000
1495.000000
1459.000000
1525.000000
3020.000000
2270.000000
1377.000000
1346.000000
989.000000
798.000000
715.000000
604.000000
558.000000
881.000000
886.000000
1094.000000
1188.000000
1307.000000
1347.000000
1401.000000
1586.000000
1556.000000
1457.000000
1708.000000
1687.000000
1605.000000
1587.000000
2534.000000
1951.000000
1665.000000
1567.000000
1205.000000
961.000000
808.000000
727.000000
605.000000
623.000000
900.000000
957.000000
1064.000000
1477.000000
1607.000000
1690.000000
1649.000000
1837.000000
1996.000000
2052.000000
2243.000000
2303.000000
2335.000000
2296.000000
2082.000000
2532.000000
2157.000000
1878.000000
1793.000000
1433.000000
1283.000000
1126.000000
1007.000000
996.000000
1242.000000
1428.000000
1721.000000
2445.000000
2626.000000
2488.000000
2472.000000
2463.000000
2525.000000
2632.000000
2963.000000
2937.000000
2906.000000
2763.000000
3574.000000
3496.000000
3487.000000
3309.000000
3170.000000
2624.000000
2194.000000
2010.000000
1623.000000
1571.000000
2015.000000
2618.000000
3277.000000
4073.000000
4529.000000
4609.000000
4899.000000
4916.000000
5377.000000
5394.000000
6108.000000
6150.000000
5787.000000
5558.000000
5360.000000
5304.000000
5474.000000
4955.000000
4228.000000
3705.000000
2675.000000
2182.000000
1886.000000
1615.000000
1588.000000
1894.000000
2364.000000
2728.000000
3035.000000
3335.000000
3220.000000
3275.000000
3425.000000
3280.000000
3498.000000
3444.000000
3723.000000
3230.000000
3191.000000
3202.000000
3261.000000
2984.000000
2769.000000
2395.000000
1873.000000
1538.000000
1461.000000
1268.000000
1205.000000
1388.000000
1611.000000
2027.000000
2248.000000
2652.000000
2906.000000
2758.000000
3001.000000
2840.000000
3282.000000
3126.000000
2858.000000
2702.000000
3000.000000
2532.000000
2374.000000
2310.000000
1837.000000
1590.000000
1320.000000
1069.000000
995.000000
981.000000
1072.000000
1261.000000
1481.000000
1774.000000
1760.000000
2006.000000
1977.000000
1918.000000
2039.000000
2190.000000
2127.000000
1901.000000
1696.000000
1634.000000
1633.000000
1769.000000
1661.000000
1521.000000
1277.000000
1166.000000
960.000000
805.000000
781.000000
702.000000
827.000000
974.000000
1096.000000
1196.000000
1254.000000
1389.000000
1284.000000
1450.000000
1376.000000
1348.000000
1928.000000
1961.000000
1820.000000
1770.000000
1706.000000
1668.000000
1716.000000
1728.000000
1527.000000
1351.000000
1064.000000
885.000000
804.000000
734.000000
791.000000
965.000000
1161.000000
1178.000000
1417.000000
1292.000000
1332.000000
1567.000000
1661.000000
1728.000000
1933.000000
2013.000000
2368.000000
2423.000000
2539.000000
2474.000000
2697.000000
2496.000000
2123.000000
1780.000000
1429.000000
1037.000000
950.000000
848.000000
929.000000
1124.000000
1276.000000
1778.000000
2048.000000
1938.000000
1955.000000
1996.000000
1848.000000
1905.000000
1831.000000
1755.000000
1796.000000
1600.000000
1631.000000
1638.000000
1706.000000
1584.000000
1481.000000
1283.000000
1077.000000
861.000000
825.000000
787.000000
807.000000
1016.000000
1118.000000
1215.000000
1297.000000
1519.000000
1466.000000
1488.000000
1402.000000
1555.000000
1524.000000
1499.000000
