546.000000
423.000000
406.000000
380.000000
361.000000
385.000000
318.000000
337.000000
290.000000
276.000000
316.000000
310.000000
240.000000
211.000000
213.000000
183.000000
159.000000
130.000000
151.000000
143.000000
172.000000
243.000000
218.000000
210.000000
267.000000
280.000000
264.000000
303.000000
286.000000
269.000000
313.000000
276.000000
277.000000
266.000000
272.000000
274.000000
313.000000
200.000000
228.000000
188.000000
177.000000
147.000000
116.000000
143.000000
182.000000
217.000000
274.000000
291.000000
263.000000
253.000000
254.000000
276.000000
273.000000
309.000000
314.000000
336.000000
348.000000
373.000000
312.000000
299.000000
244.000000
253.000000
205.000000
177.000000
147.000000
143.000000
166.000000
179.000000
194.000000
231.000000
264.000000
300.000000
375.000000
314.000000
350.000000
358.000000
346.000000
309.000000
281.000000
277.000000
271.000000
251.000000
237.000000
264.000000
261.000000
242.000000
211.000000
161.000000
169.000000
135.000000
143.000000
162.000000
156.000000
177.000000
225.000000
301.000000
313.000000
307.000000
258.000000
310.000000
333.000000
387.000000
307.000000
394.000000
440.000000
616.000000
585.000000
583.000000
416.000000
351.000000
298.000000
261.000000
296.000000
207.000000
202.000000
212.000000
292.000000
534.000000
500.000000
542.000000
508.000000
450.000000
479.000000
441.000000
445.000000
449.000000
367.000000
409.000000
493.000000
434.000000
367.000000
385.000000
401.000000
333.000000
294.000000
225.000000
199.000000
190.000000
174.000000
178.000000
216.000000
248.000000
319.000000
330.000000
350.000000
409.000000
413.000000
384.000000
364.000000
342.000000
340.000000
298.000000
295.000000
318.000000
321.000000
334.000000
390.000000
752.000000
347.000000
267.000000
300.000000
255.000000
240.000000
257.000000
325.000000
384.000000
498.000000
556.000000
791.000000
749.000000
657.000000
659.000000
697.000000
648.000000
622.000000
633.000000
544.000000
559.000000
570.000000
490.000000
475.000000
391.000000
408.000000
326.000000
319.000000
259.000000
245.000000
264.000000
267.000000
572.000000
436.000000
521.000000
503.000000
514.000000
474.000000
450.000000
458.000000
435.000000
455.000000
479.000000
472.000000
495.000000
479.000000
544.000000
501.000000
457.000000
348.000000
317.000000
294.000000
269.000000
251.000000
234.000000
252.000000
336.000000
400.000000
406.000000
463.000000
467.000000
524.000000
481.000000
600.000000
560.000000
531.000000
505.000000
547.000000
516.000000
480.000000
501.000000
522.000000
381.000000
351.000000
319.000000
245.000000
241.000000
225.000000
223.000000
278.000000
356.000000
365.000000
389.000000
397.000000
387.000000
372.000000
399.000000
415.000000
375.000000
383.000000
345.000000
357.000000
393.000000
399.000000
479.000000
402.000000
341.000000
268.000000
252.000000
216.000000
183.000000
181.000000
190.000000
209.000000
317.000000
282.000000
352.000000
363.000000
412.000000
365.000000
389.000000
384.000000
355.000000
399.000000
332.000000
326.000000
280.000000
348.000000
435.000000
428.000000
377.000000
292.000000
241.000000
210.000000
197.000000
183.000000
224.000000
262.000000
249.000000
281.000000
304.000000
342.000000
334.000000
314.000000
299.000000
337.000000
325.000000
321.000000
260.000000
282.000000
232.000000
297.000000
292.000000
295.000000
251.000000
249.000000
186.000000
150.000000
137.000000
137.000000
196.000000
213.000000
229.000000
256.000000
238.000000
245.000000
260.000000
287.000000
306.000000
321.000000
328.000000
288.000000
221.000000
266.000000
274.000000
313.000000
344.000000
325.000000
262.000000
200.000000
160.000000
142.000000
134.000000
158.000000
148.000000
190.000000
209.000000
219.000000
296.000000
311.000000
