412.000000
394.000000
333.000000
260.000000
272.000000
172.000000
135.000000
105.000000
100.000000
143.000000
216.000000
240.000000
284.000000
289.000000
326.000000
311.000000
304.000000
334.000000
335.000000
344.000000
348.000000
314.000000
311.000000
384.000000
371.000000
372.000000
289.000000
285.000000
262.000000
215.000000
122.000000
82.000000
81.000000
108.000000
187.000000
202.000000
274.000000
302.000000
300.000000
359.000000
393.000000
395.000000
457.000000
402.000000
322.000000
352.000000
335.000000
328.000000
377.000000
368.000000
313.000000
296.000000
259.000000
160.000000
107.000000
88.000000
107.000000
115.000000
172.000000
219.000000
249.000000
311.000000
269.000000
314.000000
292.000000
300.000000
310.000000
326.000000
281.000000
331.000000
317.000000
315.000000
353.000000
233.000000
242.000000
230.000000
205.000000
143.000000
106.000000
81.000000
66.000000
75.000000
101.000000
165.000000
208.000000
213.000000
276.000000
296.000000
269.000000
280.000000
227.000000
289.000000
290.000000
283.000000
298.000000
323.000000
334.000000
271.000000
244.000000
241.000000
218.000000
126.000000
92.000000
80.000000
88.000000
68.000000
121.000000
149.000000
201.000000
225.000000
225.000000
243.000000
274.000000
284.000000
299.000000
237.000000
240.000000
260.000000
313.000000
287.000000
361.000000
287.000000
237.000000
247.000000
160.000000
119.000000
94.000000
72.000000
56.000000
70.000000
83.000000
80.000000
124.000000
157.000000
172.000000
192.000000
249.000000
247.000000
334.000000
347.000000
333.000000
342.000000
358.000000
482.000000
1363.000000
512.000000
367.000000
537.000000
244.000000
194.000000
132.000000
107.000000
116.000000
97.000000
174.000000
220.000000
494.000000
570.000000
544.000000
507.000000
505.000000
474.000000
587.000000
560.000000
586.000000
551.000000
543.000000
608.000000
1664.000000
731.000000
589.000000
735.000000
376.000000
373.000000
234.000000
204.000000
158.000000
200.000000
203.000000
350.000000
392.000000
422.000000
497.000000
443.000000
543.000000
494.000000
489.000000
523.000000
617.000000
644.000000
575.000000
869.000000
797.000000
816.000000
762.000000
586.000000
471.000000
364.000000
251.000000
206.000000
179.000000
181.000000
294.000000
394.000000
536.000000
538.000000
649.000000
728.000000
693.000000
742.000000
669.000000
717.000000
770.000000
714.000000
760.000000
1191.000000
952.000000
978.000000
804.000000
741.000000
514.000000
456.000000
344.000000
254.000000
229.000000
278.000000
455.000000
632.000000
822.000000
918.000000
1151.000000
1218.000000
1191.000000
1084.000000
1290.000000
1257.000000
1092.000000
1077.000000
1114.000000
1217.000000
1222.000000
1282.000000
1102.000000
926.000000
673.000000
508.000000
497.000000
309.000000
227.000000
236.000000
353.000000
579.000000
543.000000
719.000000
741.000000
790.000000
786.000000
770.000000
772.000000
890.000000
900.000000
911.000000
967.000000
900.000000
1024.000000
973.000000
885.000000
749.000000
586.000000
482.000000
340.000000
217.000000
189.000000
193.000000
273.000000
380.000000
490.000000
624.000000
760.000000
738.000000
833.000000
793.000000
799.000000
786.000000
874.000000
914.000000
846.000000
859.000000
912.000000
869.000000
597.000000
498.000000
364.000000
255.000000
189.000000
173.000000
143.000000
201.000000
285.000000
341.000000
449.000000
477.000000
493.000000
545.000000
488.000000
533.000000
599.000000
567.000000
479.000000
468.000000
462.000000
533.000000
486.000000
443.000000
414.000000
287.000000
284.000000
172.000000
152.000000
131.000000
111.000000
137.000000
174.000000
233.000000
292.000000
285.000000
316.000000
368.000000
366.000000
388.000000
397.000000
389.000000
394.000000
389.000000
406.000000
469.000000
446.000000
