514.000000
535.000000
578.000000
548.000000
617.000000
554.000000
652.000000
605.000000
704.000000
724.000000
2254.000000
743.000000
585.000000
396.000000
327.000000
277.000000
316.000000
287.000000
355.000000
372.000000
491.000000
458.000000
472.000000
453.000000
491.000000
470.000000
522.000000
491.000000
580.000000
609.000000
606.000000
701.000000
663.000000
703.000000
675.000000
600.000000
483.000000
444.000000
385.000000
334.000000
338.000000
355.000000
412.000000
435.000000
671.000000
547.000000
615.000000
576.000000
697.000000
600.000000
589.000000
642.000000
804.000000
652.000000
686.000000
834.000000
1524.000000
1084.000000
861.000000
680.000000
571.000000
495.000000
363.000000
333.000000
445.000000
532.000000
470.000000
721.000000
822.000000
777.000000
687.000000
741.000000
870.000000
859.000000
953.000000
837.000000
860.000000
924.000000
880.000000
1272.000000
1115.000000
827.000000
1050.000000
851.000000
602.000000
456.000000
399.000000
411.000000
382.000000
458.000000
538.000000
1022.000000
1074.000000
935.000000
946.000000
777.000000
737.000000
817.000000
868.000000
1248.000000
944.000000
1067.000000
1094.000000
1130.000000
1782.000000
1401.000000
1887.000000
1886.000000
1045.000000
843.000000
669.000000
681.000000
689.000000
803.000000
908.000000
1203.000000
1227.000000
1474.000000
1485.000000
1301.000000
1349.000000
1417.000000
1399.000000
1323.000000
1298.000000
1242.000000
1268.000000
1279.000000
1822.000000
1478.000000
1377.000000
1442.000000
1188.000000
818.000000
722.000000
644.000000
682.000000
709.000000
0.000000
1041.000000
1179.000000
1583.000000
1768.000000
1831.000000
1679.000000
1782.000000
1675.000000
1651.000000
1466.000000
1982.000000
1927.000000
2023.000000
2298.000000
2587.000000
2114.000000
1920.000000
1810.000000
1280.000000
970.000000
828.000000
838.000000
961.000000
1247.000000
1475.000000
1785.000000
1999.000000
2344.000000
2281.000000
2601.000000
2128.000000
2164.000000
2251.000000
2245.000000
2294.000000
2470.000000
2477.000000
2596.000000
2471.000000
2307.000000
2170.000000
1793.000000
1359.000000
1095.000000
928.000000
797.000000
766.000000
899.000000
1256.000000
1409.000000
1516.000000
1653.000000
1753.000000
1711.000000
1844.000000
1785.000000
1902.000000
1983.000000
2254.000000
2009.000000
2039.000000
2128.000000
2219.000000
2181.000000
1991.000000
1613.000000
1229.000000
1001.000000
863.000000
703.000000
754.000000
916.000000
1080.000000
1177.000000
1506.000000
1624.000000
1624.000000
1935.000000
1842.000000
1946.000000
2420.000000
2113.000000
2154.000000
2104.000000
2073.000000
2225.000000
2189.000000
1882.000000
1506.000000
1144.000000
913.000000
737.000000
634.000000
550.000000
784.000000
1001.000000
1133.000000
1419.000000
1506.000000
1463.000000
1580.000000
1611.000000
1509.000000
1535.000000
1583.000000
1446.000000
1312.000000
1370.000000
1318.000000
1394.000000
1317.000000
1205.000000
1131.000000
921.000000
726.000000
541.000000
555.000000
559.000000
630.000000
731.000000
773.000000
921.000000
1211.000000
1099.000000
1230.000000
1316.000000
1411.000000
1333.000000
1435.000000
1327.000000
1262.000000
1258.000000
1339.000000
1377.000000
1518.000000
1290.000000
1118.000000
968.000000
743.000000
574.000000
497.000000
477.000000
486.000000
609.000000
695.000000
799.000000
912.000000
928.000000
959.000000
997.000000
1038.000000
993.000000
1131.000000
1049.000000
1013.000000
1021.000000
999.000000
1123.000000
1060.000000
1020.000000
1010.000000
715.000000
609.000000
500.000000
413.000000
379.000000
426.000000
497.000000
622.000000
696.000000
782.000000
793.000000
809.000000
928.000000
892.000000
851.000000
1059.000000
922.000000
849.000000
896.000000
944.000000
1164.000000
930.000000
909.000000
835.000000
621.000000
580.000000
468.000000
378.000000
371.000000
415.000000
533.000000
662.000000
708.000000
852.000000
955.000000
968.000000
974.000000
