17.000000
21.000000
17.000000
18.000000
15.000000
6.000000
4.000000
10.000000
5.000000
5.000000
3.000000
6.000000
3.000000
13.000000
16.000000
15.000000
14.000000
6.000000
14.000000
21.000000
15.000000
14.000000
18.000000
21.000000
28.000000
21.000000
26.000000
14.000000
9.000000
6.000000
8.000000
6.000000
1.000000
3.000000
1.000000
7.000000
7.000000
6.000000
16.000000
28.000000
9.000000
15.000000
7.000000
6.000000
21.000000
15.000000
8.000000
12.000000
22.000000
5.000000
8.000000
12.000000
4.000000
6.000000
8.000000
2.000000
7.000000
5.000000
4.000000
3.000000
6.000000
9.000000
7.000000
14.000000
15.000000
12.000000
11.000000
22.000000
7.000000
13.000000
16.000000
20.000000
14.000000
18.000000
17.000000
16.000000
6.000000
5.000000
2.000000
5.000000
5.000000
8.000000
7.000000
9.000000
13.000000
24.000000
22.000000
19.000000
22.000000
20.000000
20.000000
19.000000
26.000000
18.000000
23.000000
34.000000
17.000000
23.000000
18.000000
10.000000
16.000000
10.000000
6.000000
6.000000
5.000000
5.000000
1.000000
7.000000
12.000000
6.000000
15.000000
8.000000
22.000000
10.000000
14.000000
23.000000
21.000000
15.000000
19.000000
16.000000
13.000000
20.000000
19.000000
10.000000
7.000000
11.000000
3.000000
5.000000
5.000000
1.000000
4.000000
8.000000
2.000000
6.000000
17.000000
16.000000
13.000000
26.000000
16.000000
28.000000
29.000000
14.000000
26.000000
26.000000
48.000000
40.000000
33.000000
36.000000
11.000000
12.000000
15.000000
7.000000
8.000000
5.000000
27.000000
19.000000
36.000000
30.000000
28.000000
40.000000
46.000000
52.000000
50.000000
48.000000
115.000000
144.000000
163.000000
933.000000
1552.000000
755.000000
477.000000
453.000000
374.000000
234.000000
182.000000
135.000000
171.000000
104.000000
184.000000
215.000000
276.000000
233.000000
255.000000
274.000000
190.000000
140.000000
172.000000
152.000000
119.000000
97.000000
111.000000
79.000000
71.000000
82.000000
70.000000
78.000000
73.000000
54.000000
35.000000
33.000000
27.000000
25.000000
23.000000
21.000000
31.000000
48.000000
51.000000
50.000000
50.000000
44.000000
30.000000
56.000000
44.000000
31.000000
34.000000
38.000000
58.000000
35.000000
26.000000
40.000000
28.000000
28.000000
11.000000
14.000000
21.000000
8.000000
5.000000
12.000000
25.000000
24.000000
17.000000
25.000000
21.000000
30.000000
30.000000
17.000000
40.000000
17.000000
24.000000
22.000000
23.000000
20.000000
24.000000
25.000000
19.000000
11.000000
11.000000
19.000000
6.000000
7.000000
11.000000
4.000000
6.000000
31.000000
23.000000
15.000000
21.000000
37.000000
30.000000
26.000000
29.000000
31.000000
38.000000
16.000000
41.000000
27.000000
25.000000
36.000000
27.000000
30.000000
14.000000
12.000000
9.000000
8.000000
8.000000
15.000000
32.000000
15.000000
24.000000
21.000000
21.000000
25.000000
21.000000
34.000000
32.000000
10.000000
26.000000
17.000000
28.000000
29.000000
22.000000
16.000000
14.000000
8.000000
9.000000
6.000000
9.000000
5.000000
7.000000
10.000000
10.000000
13.000000
16.000000
28.000000
10.000000
30.000000
15.000000
19.000000
10.000000
14.000000
17.000000
10.000000
16.000000
8.000000
12.000000
14.000000
11.000000
7.000000
8.000000
6.000000
8.000000
8.000000
3.000000
5.000000
7.000000
13.000000
9.000000
15.000000
10.000000
15.000000
15.000000
12.000000
11.000000
16.000000
12.000000
10.000000
11.000000
