413.000000
408.000000
380.000000
316.000000
279.000000
266.000000
264.000000
242.000000
264.000000
239.000000
279.000000
341.000000
357.000000
402.000000
479.000000
415.000000
457.000000
458.000000
408.000000
476.000000
422.000000
444.000000
391.000000
382.000000
483.000000
419.000000
387.000000
417.000000
366.000000
312.000000
248.000000
232.000000
269.000000
263.000000
280.000000
321.000000
361.000000
382.000000
412.000000
424.000000
408.000000
463.000000
444.000000
497.000000
500.000000
494.000000
446.000000
470.000000
598.000000
576.000000
557.000000
394.000000
388.000000
368.000000
307.000000
290.000000
355.000000
296.000000
330.000000
390.000000
412.000000
426.000000
429.000000
458.000000
478.000000
493.000000
478.000000
524.000000
446.000000
553.000000
460.000000
554.000000
545.000000
541.000000
783.000000
490.000000
489.000000
555.000000
429.000000
395.000000
390.000000
425.000000
409.000000
474.000000
546.000000
633.000000
681.000000
661.000000
815.000000
813.000000
742.000000
822.000000
825.000000
816.000000
878.000000
839.000000
945.000000
899.000000
793.000000
860.000000
612.000000
647.000000
607.000000
565.000000
597.000000
702.000000
793.000000
832.000000
1038.000000
1070.000000
1180.000000
1231.000000
1315.000000
1327.000000
1332.000000
1393.000000
1482.000000
1413.000000
1591.000000
2466.000000
2461.000000
2840.000000
2185.000000
1610.000000
1390.000000
1197.000000
1132.000000
1160.000000
1124.000000
1067.000000
1052.000000
1166.000000
1206.000000
1323.000000
1216.000000
1320.000000
1381.000000
1366.000000
1582.000000
1900.000000
1818.000000
1929.000000
2021.000000
2145.000000
3570.000000
4879.000000
3564.000000
1779.000000
1449.000000
1313.000000
1219.000000
1252.000000
1271.000000
1216.000000
1208.000000
1247.000000
1377.000000
1411.000000
1544.000000
1654.000000
1933.000000
1962.000000
2006.000000
1998.000000
2183.000000
2574.000000
2950.000000
4079.000000
9334.000000
6511.000000
5103.000000
8801.000000
3690.000000
2681.000000
2273.000000
1999.000000
1976.000000
1849.000000
1883.000000
1916.000000
2026.000000
2068.000000
1979.000000
1954.000000
1766.000000
1614.000000
1448.000000
1323.000000
1317.000000
1255.000000
1204.000000
1043.000000
914.000000
832.000000
807.000000
699.000000
639.000000
559.000000
520.000000
509.000000
501.000000
470.000000
488.000000
630.000000
684.000000
707.000000
639.000000
635.000000
590.000000
575.000000
595.000000
522.000000
508.000000
534.000000
439.000000
479.000000
433.000000
404.000000
364.000000
339.000000
299.000000
312.000000
282.000000
278.000000
278.000000
297.000000
286.000000
331.000000
316.000000
367.000000
308.000000
397.000000
306.000000
398.000000
302.000000
328.000000
322.000000
323.000000
283.000000
262.000000
323.000000
286.000000
288.000000
280.000000
220.000000
217.000000
213.000000
170.000000
189.000000
170.000000
203.000000
208.000000
224.000000
262.000000
223.000000
239.000000
237.000000
259.000000
263.000000
296.000000
271.000000
233.000000
196.000000
196.000000
266.000000
258.000000
218.000000
217.000000
202.000000
153.000000
160.000000
135.000000
158.000000
125.000000
142.000000
132.000000
212.000000
167.000000
185.000000
163.000000
177.000000
172.000000
204.000000
168.000000
175.000000
219.000000
221.000000
200.000000
222.000000
189.000000
191.000000
152.000000
173.000000
122.000000
128.000000
121.000000
123.000000
115.000000
121.000000
127.000000
149.000000
152.000000
120.000000
161.000000
141.000000
146.000000
168.000000
166.000000
166.000000
134.000000
148.000000
131.000000
171.000000
154.000000
173.000000
127.000000
128.000000
113.000000
100.000000
113.000000
98.000000
101.000000
106.000000
90.000000
113.000000
101.000000
116.000000
121.000000
96.000000
143.000000
154.000000
159.000000
146.000000
142.000000
151.000000
113.000000
127.000000
