563.000000
307.000000
285.000000
261.000000
220.000000
210.000000
208.000000
210.000000
210.000000
253.000000
233.000000
305.000000
322.000000
281.000000
375.000000
289.000000
347.000000
354.000000
255.000000
254.000000
300.000000
257.000000
316.000000
235.000000
179.000000
197.000000
127.000000
154.000000
177.000000
186.000000
197.000000
216.000000
244.000000
268.000000
325.000000
343.000000
416.000000
370.000000
378.000000
374.000000
440.000000
380.000000
320.000000
357.000000
334.000000
352.000000
324.000000
316.000000
364.000000
258.000000
211.000000
217.000000
213.000000
257.000000
234.000000
278.000000
359.000000
328.000000
388.000000
428.000000
417.000000
427.000000
521.000000
494.000000
516.000000
413.000000
404.000000
405.000000
519.000000
676.000000
379.000000
386.000000
322.000000
290.000000
277.000000
231.000000
230.000000
243.000000
306.000000
349.000000
393.000000
396.000000
412.000000
466.000000
445.000000
479.000000
444.000000
541.000000
487.000000
467.000000
506.000000
397.000000
326.000000
354.000000
365.000000
334.000000
313.000000
321.000000
319.000000
256.000000
237.000000
272.000000
272.000000
319.000000
398.000000
400.000000
440.000000
516.000000
609.000000
512.000000
548.000000
495.000000
471.000000
480.000000
399.000000
483.000000
441.000000
412.000000
413.000000
339.000000
299.000000
299.000000
314.000000
286.000000
320.000000
339.000000
362.000000
374.000000
396.000000
516.000000
571.000000
719.000000
660.000000
798.000000
778.000000
777.000000
798.000000
1056.000000
1277.000000
1019.000000
934.000000
917.000000
997.000000
898.000000
848.000000
821.000000
761.000000
752.000000
717.000000
773.000000
736.000000
847.000000
999.000000
1095.000000
1142.000000
1222.000000
1518.000000
1634.000000
1889.000000
1993.000000
2136.000000
2301.000000
3042.000000
3690.000000
8238.000000
12321.000000
11353.000000
12239.000000
20699.000000
6326.000000
4619.000000
3886.000000
3601.000000
3226.000000
3056.000000
3555.000000
3694.000000
4019.000000
3774.000000
3291.000000
3094.000000
2532.000000
2289.000000
1829.000000
1766.000000
1616.000000
1770.000000
1328.000000
1276.000000
1244.000000
1152.000000
1042.000000
789.000000
690.000000
607.000000
535.000000
481.000000
476.000000
575.000000
685.000000
717.000000
797.000000
826.000000
969.000000
942.000000
924.000000
845.000000
790.000000
739.000000
699.000000
677.000000
563.000000
498.000000
492.000000
487.000000
450.000000
370.000000
298.000000
302.000000
287.000000
246.000000
232.000000
275.000000
305.000000
307.000000
369.000000
370.000000
373.000000
357.000000
328.000000
323.000000
321.000000
293.000000
288.000000
275.000000
265.000000
230.000000
237.000000
272.000000
227.000000
202.000000
189.000000
200.000000
153.000000
142.000000
144.000000
144.000000
176.000000
189.000000
174.000000
186.000000
187.000000
198.000000
190.000000
205.000000
213.000000
194.000000
212.000000
185.000000
180.000000
202.000000
189.000000
229.000000
222.000000
140.000000
151.000000
137.000000
116.000000
95.000000
123.000000
114.000000
140.000000
194.000000
182.000000
166.000000
191.000000
171.000000
187.000000
179.000000
187.000000
191.000000
190.000000
165.000000
173.000000
182.000000
167.000000
164.000000
147.000000
108.000000
110.000000
108.000000
102.000000
95.000000
80.000000
109.000000
120.000000
143.000000
120.000000
132.000000
153.000000
129.000000
155.000000
131.000000
169.000000
157.000000
177.000000
196.000000
173.000000
142.000000
137.000000
123.000000
167.000000
133.000000
98.000000
104.000000
99.000000
92.000000
134.000000
90.000000
123.000000
111.000000
138.000000
132.000000
148.000000
138.000000
143.000000
155.000000
152.000000
203.000000
200.000000
245.000000
184.000000
195.000000
173.000000
699.000000
400.000000
204.000000
