12.000000
14.000000
6.000000
7.000000
2.000000
7.000000
4.000000
5.000000
2.000000
0.000000
2.000000
1.000000
1.000000
1.000000
4.000000
2.000000
7.000000
14.000000
9.000000
3.000000
8.000000
16.000000
3.000000
10.000000
3.000000
2.000000
2.000000
4.000000
5.000000
3.000000
7.000000
3.000000
1.000000
3.000000
0.000000
2.000000
0.000000
1.000000
2.000000
6.000000
6.000000
4.000000
7.000000
9.000000
16.000000
7.000000
7.000000
8.000000
4.000000
3.000000
5.000000
9.000000
9.000000
3.000000
4.000000
2.000000
2.000000
2.000000
3.000000
2.000000
1.000000
1.000000
1.000000
5.000000
2.000000
7.000000
7.000000
2.000000
2.000000
7.000000
13.000000
12.000000
18.000000
12.000000
10.000000
15.000000
12.000000
11.000000
8.000000
5.000000
2.000000
2.000000
2.000000
1.000000
2.000000
7.000000
4.000000
2.000000
3.000000
11.000000
9.000000
3.000000
14.000000
19.000000
12.000000
11.000000
10.000000
5.000000
13.000000
6.000000
9.000000
2.000000
6.000000
5.000000
2.000000
7.000000
7.000000
3.000000
1.000000
1.000000
7.000000
1.000000
6.000000
9.000000
12.000000
16.000000
11.000000
17.000000
10.000000
12.000000
17.000000
8.000000
7.000000
13.000000
22.000000
11.000000
6.000000
11.000000
7.000000
6.000000
9.000000
0.000000
4.000000
0.000000
4.000000
12.000000
10.000000
14.000000
20.000000
13.000000
10.000000
13.000000
13.000000
16.000000
16.000000
10.000000
14.000000
11.000000
12.000000
20.000000
9.000000
11.000000
9.000000
7.000000
13.000000
5.000000
10.000000
2.000000
12.000000
18.000000
23.000000
21.000000
36.000000
25.000000
35.000000
128.000000
95.000000
201.000000
224.000000
133.000000
108.000000
78.000000
73.000000
71.000000
74.000000
62.000000
36.000000
28.000000
20.000000
19.000000
22.000000
22.000000
28.000000
37.000000
41.000000
50.000000
35.000000
41.000000
40.000000
33.000000
49.000000
22.000000
21.000000
35.000000
29.000000
26.000000
23.000000
25.000000
7.000000
17.000000
17.000000
5.000000
11.000000
5.000000
5.000000
2.000000
6.000000
6.000000
9.000000
10.000000
11.000000
16.000000
14.000000
14.000000
15.000000
12.000000
12.000000
11.000000
15.000000
6.000000
13.000000
11.000000
11.000000
4.000000
6.000000
5.000000
0.000000
7.000000
6.000000
7.000000
5.000000
5.000000
3.000000
3.000000
3.000000
5.000000
12.000000
13.000000
6.000000
7.000000
9.000000
1.000000
3.000000
3.000000
8.000000
7.000000
6.000000
2.000000
2.000000
3.000000
2.000000
0.000000
1.000000
3.000000
2.000000
4.000000
7.000000
4.000000
3.000000
3.000000
3.000000
5.000000
1.000000
5.000000
4.000000
3.000000
8.000000
9.000000
3.000000
4.000000
5.000000
3.000000
3.000000
2.000000
2.000000
2.000000
2.000000
3.000000
3.000000
3.000000
2.000000
3.000000
2.000000
3.000000
3.000000
11.000000
3.000000
2.000000
2.000000
10.000000
4.000000
4.000000
3.000000
4.000000
3.000000
0.000000
2.000000
0.000000
1.000000
1.000000
3.000000
0.000000
2.000000
6.000000
3.000000
2.000000
1.000000
2.000000
4.000000
2.000000
2.000000
3.000000
5.000000
2.000000
3.000000
4.000000
4.000000
5.000000
2.000000
3.000000
4.000000
3.000000
0.000000
0.000000
3.000000
1.000000
2.000000
2.000000
1.000000
2.000000
3.000000
15.000000
2.000000
2.000000
7.000000
6.000000
5.000000
