514.000000
418.000000
394.000000
385.000000
332.000000
316.000000
280.000000
331.000000
333.000000
346.000000
396.000000
392.000000
447.000000
514.000000
555.000000
511.000000
582.000000
534.000000
551.000000
627.000000
650.000000
613.000000
565.000000
560.000000
631.000000
574.000000
474.000000
458.000000
430.000000
424.000000
374.000000
406.000000
396.000000
440.000000
368.000000
461.000000
573.000000
574.000000
556.000000
700.000000
703.000000
690.000000
683.000000
652.000000
644.000000
617.000000
590.000000
568.000000
600.000000
621.000000
589.000000
390.000000
374.000000
326.000000
327.000000
363.000000
382.000000
395.000000
480.000000
498.000000
635.000000
567.000000
566.000000
839.000000
829.000000
755.000000
647.000000
659.000000
754.000000
708.000000
640.000000
679.000000
771.000000
1071.000000
1221.000000
891.000000
846.000000
716.000000
773.000000
698.000000
708.000000
769.000000
728.000000
827.000000
938.000000
991.000000
1033.000000
967.000000
980.000000
1127.000000
1127.000000
1256.000000
1250.000000
1156.000000
1180.000000
1305.000000
1263.000000
1319.000000
1315.000000
1069.000000
970.000000
928.000000
894.000000
901.000000
898.000000
999.000000
1105.000000
1268.000000
1346.000000
1589.000000
1721.000000
1958.000000
1803.000000
1921.000000
1892.000000
2191.000000
2225.000000
2296.000000
2530.000000
4125.000000
3978.000000
3908.000000
2825.000000
2256.000000
1748.000000
1650.000000
1597.000000
1638.000000
1594.000000
1626.000000
1622.000000
1711.000000
1796.000000
1847.000000
1895.000000
1990.000000
2318.000000
2402.000000
2335.000000
2253.000000
2214.000000
2421.000000
2452.000000
3156.000000
5445.000000
5648.000000
4764.000000
2214.000000
1801.000000
1557.000000
1510.000000
1563.000000
1520.000000
1559.000000
1478.000000
1617.000000
1701.000000
1796.000000
1734.000000
1895.000000
1969.000000
1908.000000
1985.000000
2015.000000
2498.000000
3042.000000
3327.000000
4822.000000
11660.000000
7531.000000
8385.000000
7532.000000
4696.000000
3703.000000
3293.000000
2887.000000
2678.000000
2552.000000
2620.000000
2767.000000
2677.000000
2941.000000
2486.000000
2306.000000
2267.000000
2087.000000
1945.000000
1867.000000
1733.000000
1453.000000
1455.000000
1327.000000
1108.000000
1071.000000
900.000000
860.000000
769.000000
705.000000
712.000000
638.000000
635.000000
552.000000
616.000000
698.000000
802.000000
853.000000
961.000000
790.000000
740.000000
746.000000
670.000000
651.000000
585.000000
597.000000
512.000000
489.000000
448.000000
379.000000
418.000000
386.000000
351.000000
302.000000
310.000000
269.000000
289.000000
263.000000
291.000000
311.000000
330.000000
367.000000
363.000000
359.000000
352.000000
392.000000
369.000000
393.000000
307.000000
348.000000
286.000000
296.000000
253.000000
253.000000
215.000000
242.000000
227.000000
218.000000
167.000000
203.000000
183.000000
179.000000
226.000000
241.000000
225.000000
279.000000
271.000000
283.000000
267.000000
306.000000
268.000000
329.000000
341.000000
245.000000
255.000000
232.000000
255.000000
282.000000
269.000000
246.000000
201.000000
191.000000
187.000000
175.000000
173.000000
165.000000
162.000000
170.000000
203.000000
290.000000
215.000000
200.000000
186.000000
199.000000
203.000000
203.000000
240.000000
182.000000
180.000000
208.000000
230.000000
263.000000
230.000000
189.000000
176.000000
180.000000
149.000000
122.000000
163.000000
165.000000
157.000000
180.000000
173.000000
174.000000
155.000000
183.000000
174.000000
161.000000
185.000000
182.000000
163.000000
165.000000
131.000000
167.000000
131.000000
148.000000
225.000000
144.000000
108.000000
131.000000
124.000000
100.000000
121.000000
112.000000
123.000000
139.000000
143.000000
155.000000
163.000000
169.000000
138.000000
152.000000
143.000000
156.000000
154.000000
151.000000
137.000000
156.000000
124.000000
