16.000000
11.000000
8.000000
6.000000
4.000000
8.000000
5.000000
12.000000
10.000000
8.000000
7.000000
11.000000
16.000000
15.000000
12.000000
11.000000
13.000000
8.000000
18.000000
9.000000
10.000000
15.000000
7.000000
13.000000
5.000000
5.000000
7.000000
6.000000
1.000000
3.000000
2.000000
6.000000
2.000000
5.000000
7.000000
14.000000
8.000000
7.000000
13.000000
13.000000
21.000000
12.000000
11.000000
7.000000
8.000000
17.000000
29.000000
7.000000
8.000000
15.000000
11.000000
2.000000
3.000000
2.000000
7.000000
4.000000
8.000000
8.000000
2.000000
11.000000
13.000000
8.000000
15.000000
13.000000
7.000000
15.000000
16.000000
17.000000
7.000000
12.000000
13.000000
9.000000
11.000000
8.000000
10.000000
6.000000
8.000000
6.000000
7.000000
7.000000
6.000000
12.000000
11.000000
12.000000
12.000000
9.000000
10.000000
7.000000
19.000000
14.000000
19.000000
14.000000
15.000000
14.000000
10.000000
15.000000
11.000000
9.000000
15.000000
7.000000
6.000000
6.000000
11.000000
8.000000
8.000000
7.000000
15.000000
13.000000
13.000000
13.000000
20.000000
17.000000
22.000000
23.000000
37.000000
40.000000
29.000000
22.000000
22.000000
27.000000
10.000000
17.000000
15.000000
18.000000
8.000000
12.000000
15.000000
13.000000
18.000000
19.000000
20.000000
25.000000
19.000000
30.000000
26.000000
32.000000
43.000000
35.000000
39.000000
47.000000
65.000000
86.000000
206.000000
143.000000
110.000000
141.000000
88.000000
82.000000
59.000000
66.000000
56.000000
70.000000
64.000000
75.000000
103.000000
111.000000
110.000000
133.000000
119.000000
117.000000
134.000000
118.000000
143.000000
159.000000
186.000000
285.000000
235.000000
528.000000
1022.000000
646.000000
386.000000
289.000000
215.000000
187.000000
180.000000
190.000000
196.000000
242.000000
247.000000
227.000000
216.000000
269.000000
201.000000
254.000000
197.000000
212.000000
189.000000
171.000000
149.000000
122.000000
110.000000
108.000000
107.000000
67.000000
58.000000
45.000000
37.000000
40.000000
35.000000
46.000000
43.000000
49.000000
62.000000
47.000000
50.000000
65.000000
53.000000
76.000000
63.000000
65.000000
54.000000
58.000000
68.000000
61.000000
28.000000
45.000000
53.000000
30.000000
26.000000
28.000000
22.000000
18.000000
26.000000
31.000000
22.000000
33.000000
35.000000
36.000000
35.000000
19.000000
39.000000
36.000000
22.000000
46.000000
35.000000
32.000000
33.000000
34.000000
27.000000
41.000000
28.000000
28.000000
13.000000
16.000000
16.000000
4.000000
12.000000
17.000000
9.000000
27.000000
27.000000
17.000000
23.000000
30.000000
24.000000
34.000000
40.000000
31.000000
27.000000
29.000000
23.000000
27.000000
29.000000
33.000000
23.000000
15.000000
22.000000
12.000000
19.000000
11.000000
10.000000
14.000000
13.000000
16.000000
17.000000
22.000000
27.000000
20.000000
33.000000
50.000000
46.000000
29.000000
22.000000
34.000000
29.000000
24.000000
19.000000
24.000000
30.000000
17.000000
16.000000
9.000000
10.000000
15.000000
12.000000
14.000000
21.000000
20.000000
16.000000
25.000000
17.000000
17.000000
16.000000
20.000000
18.000000
26.000000
37.000000
45.000000
38.000000
49.000000
68.000000
46.000000
34.000000
36.000000
30.000000
14.000000
16.000000
16.000000
15.000000
13.000000
14.000000
21.000000
18.000000
30.000000
33.000000
43.000000
32.000000
26.000000
27.000000
22.000000
28.000000
32.000000
38.000000
68.000000
81.000000
135.000000
121.000000
