3.000000
0.000000
2.000000
3.000000
0.000000
1.000000
1.000000
1.000000
2.000000
1.000000
1.000000
0.000000
5.000000
2.000000
0.000000
2.000000
0.000000
1.000000
0.000000
3.000000
3.000000
3.000000
2.000000
2.000000
4.000000
1.000000
1.000000
4.000000
3.000000
1.000000
0.000000
1.000000
0.000000
1.000000
0.000000
2.000000
0.000000
0.000000
1.000000
1.000000
1.000000
0.000000
1.000000
0.000000
1.000000
7.000000
1.000000
4.000000
5.000000
3.000000
1.000000
0.000000
0.000000
3.000000
1.000000
2.000000
0.000000
1.000000
0.000000
0.000000
1.000000
0.000000
1.000000
0.000000
0.000000
1.000000
0.000000
0.000000
1.000000
0.000000
14.000000
12.000000
2.000000
1.000000
2.000000
4.000000
5.000000
1.000000
2.000000
1.000000
3.000000
1.000000
0.000000
1.000000
1.000000
4.000000
3.000000
2.000000
2.000000
0.000000
1.000000
2.000000
6.000000
4.000000
0.000000
4.000000
3.000000
3.000000
3.000000
1.000000
0.000000
0.000000
3.000000
1.000000
2.000000
3.000000
2.000000
2.000000
5.000000
0.000000
6.000000
2.000000
1.000000
2.000000
4.000000
4.000000
4.000000
2.000000
5.000000
9.000000
4.000000
3.000000
4.000000
4.000000
2.000000
4.000000
3.000000
2.000000
3.000000
2.000000
3.000000
3.000000
4.000000
4.000000
2.000000
2.000000
0.000000
0.000000
4.000000
7.000000
5.000000
13.000000
11.000000
12.000000
24.000000
15.000000
18.000000
17.000000
22.000000
10.000000
8.000000
12.000000
9.000000
10.000000
4.000000
14.000000
7.000000
4.000000
5.000000
8.000000
8.000000
10.000000
17.000000
18.000000
34.000000
49.000000
83.000000
141.000000
163.000000
119.000000
138.000000
88.000000
97.000000
54.000000
59.000000
40.000000
42.000000
18.000000
34.000000
26.000000
18.000000
24.000000
19.000000
31.000000
21.000000
32.000000
56.000000
38.000000
47.000000
44.000000
18.000000
38.000000
43.000000
37.000000
25.000000
24.000000
23.000000
16.000000
16.000000
14.000000
13.000000
8.000000
8.000000
5.000000
3.000000
4.000000
7.000000
10.000000
17.000000
38.000000
6.000000
10.000000
25.000000
13.000000
15.000000
24.000000
17.000000
10.000000
17.000000
8.000000
9.000000
8.000000
9.000000
11.000000
6.000000
5.000000
8.000000
8.000000
5.000000
10.000000
7.000000
5.000000
3.000000
6.000000
10.000000
4.000000
10.000000
9.000000
12.000000
5.000000
11.000000
6.000000
14.000000
15.000000
18.000000
3.000000
10.000000
7.000000
2.000000
7.000000
5.000000
1.000000
4.000000
2.000000
2.000000
2.000000
1.000000
9.000000
7.000000
5.000000
12.000000
8.000000
17.000000
24.000000
4.000000
2.000000
10.000000
3.000000
7.000000
2.000000
5.000000
7.000000
7.000000
4.000000
6.000000
5.000000
7.000000
3.000000
5.000000
9.000000
3.000000
7.000000
8.000000
13.000000
12.000000
7.000000
9.000000
13.000000
5.000000
10.000000
6.000000
6.000000
4.000000
2.000000
6.000000
4.000000
6.000000
0.000000
5.000000
0.000000
4.000000
2.000000
2.000000
2.000000
4.000000
4.000000
5.000000
8.000000
2.000000
5.000000
2.000000
7.000000
3.000000
2.000000
5.000000
6.000000
3.000000
6.000000
6.000000
2.000000
2.000000
3.000000
1.000000
0.000000
4.000000
0.000000
0.000000
2.000000
4.000000
0.000000
3.000000
1.000000
7.000000
9.000000
10.000000
4.000000
4.000000
