24.000000
11.000000
19.000000
13.000000
11.000000
15.000000
15.000000
10.000000
8.000000
11.000000
11.000000
7.000000
7.000000
5.000000
11.000000
7.000000
11.000000
14.000000
14.000000
15.000000
11.000000
15.000000
18.000000
21.000000
16.000000
12.000000
18.000000
12.000000
15.000000
13.000000
14.000000
13.000000
9.000000
2.000000
8.000000
8.000000
6.000000
9.000000
5.000000
13.000000
10.000000
17.000000
13.000000
9.000000
11.000000
11.000000
18.000000
10.000000
17.000000
9.000000
12.000000
12.000000
5.000000
15.000000
6.000000
13.000000
12.000000
11.000000
2.000000
5.000000
9.000000
7.000000
4.000000
7.000000
7.000000
18.000000
16.000000
15.000000
18.000000
22.000000
22.000000
19.000000
13.000000
17.000000
21.000000
18.000000
13.000000
11.000000
9.000000
9.000000
10.000000
12.000000
10.000000
13.000000
8.000000
15.000000
14.000000
11.000000
13.000000
11.000000
16.000000
15.000000
15.000000
25.000000
18.000000
34.000000
29.000000
31.000000
24.000000
20.000000
19.000000
15.000000
23.000000
16.000000
10.000000
11.000000
16.000000
10.000000
18.000000
11.000000
13.000000
20.000000
22.000000
34.000000
36.000000
43.000000
39.000000
50.000000
47.000000
46.000000
69.000000
55.000000
46.000000
35.000000
32.000000
27.000000
41.000000
44.000000
32.000000
27.000000
27.000000
33.000000
35.000000
25.000000
38.000000
36.000000
51.000000
47.000000
55.000000
65.000000
64.000000
80.000000
121.000000
187.000000
680.000000
380.000000
377.000000
361.000000
269.000000
204.000000
167.000000
162.000000
147.000000
117.000000
127.000000
122.000000
96.000000
98.000000
97.000000
116.000000
128.000000
144.000000
151.000000
212.000000
205.000000
337.000000
476.000000
571.000000
2380.000000
1415.000000
1070.000000
914.000000
751.000000
640.000000
519.000000
524.000000
408.000000
304.000000
280.000000
237.000000
238.000000
222.000000
266.000000
240.000000
287.000000
322.000000
299.000000
316.000000
278.000000
307.000000
241.000000
270.000000
250.000000
232.000000
220.000000
216.000000
205.000000
171.000000
168.000000
128.000000
101.000000
86.000000
78.000000
82.000000
71.000000
100.000000
75.000000
71.000000
73.000000
115.000000
91.000000
116.000000
128.000000
132.000000
107.000000
118.000000
141.000000
76.000000
119.000000
119.000000
79.000000
83.000000
91.000000
79.000000
75.000000
57.000000
42.000000
62.000000
41.000000
41.000000
39.000000
39.000000
71.000000
60.000000
57.000000
56.000000
70.000000
91.000000
93.000000
83.000000
84.000000
76.000000
69.000000
47.000000
71.000000
59.000000
46.000000
40.000000
35.000000
44.000000
42.000000
32.000000
22.000000
33.000000
34.000000
35.000000
46.000000
38.000000
42.000000
52.000000
53.000000
48.000000
59.000000
59.000000
56.000000
92.000000
79.000000
68.000000
83.000000
51.000000
59.000000
55.000000
48.000000
34.000000
27.000000
22.000000
39.000000
24.000000
22.000000
16.000000
29.000000
26.000000
25.000000
30.000000
37.000000
48.000000
35.000000
71.000000
31.000000
40.000000
39.000000
38.000000
34.000000
20.000000
39.000000
41.000000
31.000000
24.000000
27.000000
14.000000
17.000000
26.000000
24.000000
6.000000
25.000000
28.000000
38.000000
38.000000
27.000000
38.000000
42.000000
44.000000
31.000000
30.000000
45.000000
46.000000
27.000000
25.000000
38.000000
39.000000
33.000000
30.000000
22.000000
28.000000
37.000000
17.000000
23.000000
17.000000
25.000000
30.000000
26.000000
40.000000
28.000000
32.000000
32.000000
36.000000
37.000000
