1977.000000
3370.000000
1484.000000
849.000000
614.000000
434.000000
388.000000
327.000000
300.000000
389.000000
449.000000
549.000000
617.000000
720.000000
937.000000
1028.000000
1042.000000
1084.000000
1267.000000
1859.000000
1736.000000
1354.000000
1276.000000
1102.000000
1113.000000
1076.000000
978.000000
764.000000
578.000000
412.000000
333.000000
331.000000
297.000000
265.000000
376.000000
502.000000
563.000000
655.000000
775.000000
805.000000
832.000000
846.000000
784.000000
784.000000
948.000000
977.000000
866.000000
752.000000
766.000000
745.000000
616.000000
565.000000
433.000000
363.000000
295.000000
337.000000
322.000000
284.000000
387.000000
402.000000
476.000000
635.000000
695.000000
884.000000
1119.000000
1196.000000
1234.000000
1290.000000
1165.000000
1179.000000
1210.000000
1073.000000
995.000000
876.000000
909.000000
766.000000
554.000000
466.000000
399.000000
398.000000
333.000000
382.000000
580.000000
762.000000
993.000000
1053.000000
1241.000000
1363.000000
1320.000000
1112.000000
1024.000000
1409.000000
1051.000000
1068.000000
1081.000000
1873.000000
1104.000000
901.000000
892.000000
828.000000
624.000000
496.000000
383.000000
435.000000
355.000000
340.000000
396.000000
518.000000
698.000000
852.000000
975.000000
970.000000
1051.000000
1049.000000
1087.000000
1325.000000
1173.000000
1120.000000
1211.000000
1374.000000
1477.000000
1026.000000
1018.000000
839.000000
532.000000
426.000000
321.000000
307.000000
302.000000
305.000000
396.000000
445.000000
802.000000
1001.000000
1131.000000
1168.000000
1284.000000
1490.000000
1382.000000
1535.000000
1677.000000
1691.000000
1787.000000
1841.000000
1575.000000
1341.000000
1243.000000
948.000000
789.000000
643.000000
487.000000
422.000000
511.000000
484.000000
577.000000
892.000000
1453.000000
1849.000000
2263.000000
2849.000000
3355.000000
3853.000000
4147.000000
4008.000000
4099.000000
4937.000000
6114.000000
9839.000000
15945.000000
9358.000000
7789.000000
5459.000000
2554.000000
1779.000000
1419.000000
1140.000000
1010.000000
1077.000000
1488.000000
1696.000000
1952.000000
1966.000000
1774.000000
1763.000000
1758.000000
1689.000000
1705.000000
1576.000000
1491.000000
1349.000000
1170.000000
982.000000
1040.000000
824.000000
778.000000
580.000000
368.000000
302.000000
263.000000
226.000000
202.000000
216.000000
264.000000
326.000000
403.000000
434.000000
378.000000
411.000000
544.000000
453.000000
476.000000
395.000000
394.000000
409.000000
407.000000
365.000000
340.000000
287.000000
267.000000
226.000000
192.000000
125.000000
148.000000
98.000000
125.000000
92.000000
108.000000
136.000000
177.000000
198.000000
223.000000
232.000000
238.000000
241.000000
247.000000
238.000000
201.000000
221.000000
227.000000
228.000000
239.000000
217.000000
196.000000
163.000000
147.000000
126.000000
104.000000
60.000000
66.000000
94.000000
122.000000
112.000000
149.000000
170.000000
154.000000
163.000000
208.000000
161.000000
189.000000
179.000000
193.000000
165.000000
181.000000
164.000000
137.000000
134.000000
153.000000
133.000000
101.000000
74.000000
69.000000
67.000000
42.000000
68.000000
97.000000
120.000000
102.000000
127.000000
156.000000
172.000000
173.000000
179.000000
171.000000
176.000000
160.000000
158.000000
185.000000
148.000000
150.000000
173.000000
145.000000
125.000000
101.000000
69.000000
43.000000
55.000000
68.000000
63.000000
69.000000
62.000000
81.000000
120.000000
139.000000
142.000000
146.000000
158.000000
193.000000
155.000000
176.000000
259.000000
210.000000
205.000000
254.000000
221.000000
184.000000
165.000000
128.000000
99.000000
89.000000
67.000000
89.000000
64.000000
89.000000
115.000000
111.000000
138.000000
184.000000
217.000000
219.000000
259.000000
284.000000
262.000000
312.000000
417.000000
860.000000
795.000000
674.000000
