436.000000
420.000000
470.000000
458.000000
447.000000
352.000000
326.000000
309.000000
280.000000
198.000000
163.000000
102.000000
82.000000
46.000000
50.000000
53.000000
61.000000
72.000000
86.000000
134.000000
177.000000
312.000000
322.000000
364.000000
315.000000
314.000000
379.000000
373.000000
313.000000
378.000000
528.000000
499.000000
555.000000
308.000000
212.000000
123.000000
88.000000
61.000000
47.000000
55.000000
68.000000
80.000000
107.000000
151.000000
201.000000
317.000000
346.000000
315.000000
296.000000
301.000000
319.000000
391.000000
407.000000
358.000000
769.000000
459.000000
388.000000
555.000000
249.000000
101.000000
96.000000
64.000000
59.000000
73.000000
75.000000
84.000000
92.000000
151.000000
219.000000
314.000000
298.000000
285.000000
360.000000
335.000000
367.000000
348.000000
327.000000
296.000000
339.000000
442.000000
500.000000
301.000000
213.000000
143.000000
89.000000
77.000000
52.000000
56.000000
87.000000
75.000000
123.000000
137.000000
242.000000
342.000000
356.000000
357.000000
338.000000
401.000000
326.000000
302.000000
268.000000
335.000000
448.000000
531.000000
611.000000
477.000000
359.000000
157.000000
110.000000
102.000000
91.000000
85.000000
102.000000
117.000000
149.000000
202.000000
258.000000
376.000000
390.000000
456.000000
453.000000
434.000000
559.000000
541.000000
573.000000
575.000000
704.000000
800.000000
671.000000
688.000000
421.000000
285.000000
219.000000
161.000000
154.000000
191.000000
187.000000
195.000000
288.000000
372.000000
504.000000
543.000000
789.000000
988.000000
1072.000000
994.000000
1250.000000
1433.000000
1373.000000
1072.000000
888.000000
978.000000
835.000000
755.000000
667.000000
571.000000
439.000000
340.000000
324.000000
415.000000
489.000000
538.000000
665.000000
1014.000000
1379.000000
1835.000000
2633.000000
3038.000000
8727.000000
5835.000000
4202.000000
3030.000000
1210.000000
982.000000
761.000000
735.000000
634.000000
555.000000
403.000000
284.000000
282.000000
208.000000
199.000000
185.000000
221.000000
203.000000
236.000000
259.000000
295.000000
307.000000
357.000000
419.000000
447.000000
404.000000
309.000000
293.000000
282.000000
289.000000
260.000000
304.000000
252.000000
222.000000
164.000000
122.000000
100.000000
88.000000
75.000000
80.000000
79.000000
96.000000
86.000000
92.000000
120.000000
174.000000
167.000000
189.000000
176.000000
173.000000
140.000000
131.000000
159.000000
149.000000
184.000000
161.000000
150.000000
106.000000
105.000000
58.000000
53.000000
43.000000
50.000000
47.000000
54.000000
46.000000
86.000000
104.000000
129.000000
139.000000
121.000000
128.000000
103.000000
134.000000
101.000000
112.000000
94.000000
106.000000
104.000000
89.000000
63.000000
71.000000
62.000000
46.000000
38.000000
19.000000
33.000000
28.000000
17.000000
34.000000
41.000000
52.000000
59.000000
59.000000
59.000000
64.000000
55.000000
108.000000
68.000000
83.000000
65.000000
73.000000
117.000000
109.000000
85.000000
80.000000
43.000000
23.000000
16.000000
17.000000
17.000000
11.000000
11.000000
30.000000
34.000000
45.000000
56.000000
51.000000
44.000000
56.000000
45.000000
55.000000
65.000000
62.000000
43.000000
55.000000
62.000000
51.000000
82.000000
102.000000
55.000000
39.000000
28.000000
31.000000
11.000000
19.000000
20.000000
16.000000
38.000000
22.000000
38.000000
30.000000
44.000000
45.000000
65.000000
40.000000
53.000000
40.000000
44.000000
27.000000
57.000000
36.000000
37.000000
47.000000
32.000000
30.000000
15.000000
20.000000
17.000000
9.000000
11.000000
18.000000
34.000000
39.000000
21.000000
43.000000
54.000000
55.000000
54.000000
