24.000000
25.000000
26.000000
17.000000
15.000000
13.000000
6.000000
7.000000
8.000000
5.000000
4.000000
1.000000
1.000000
7.000000
17.000000
15.000000
23.000000
31.000000
31.000000
36.000000
39.000000
37.000000
44.000000
38.000000
26.000000
27.000000
26.000000
30.000000
18.000000
18.000000
17.000000
11.000000
7.000000
2.000000
8.000000
4.000000
12.000000
13.000000
34.000000
28.000000
37.000000
38.000000
44.000000
68.000000
37.000000
79.000000
54.000000
67.000000
48.000000
50.000000
34.000000
51.000000
28.000000
24.000000
10.000000
11.000000
7.000000
4.000000
4.000000
7.000000
17.000000
18.000000
22.000000
50.000000
47.000000
67.000000
51.000000
68.000000
82.000000
49.000000
52.000000
62.000000
54.000000
44.000000
53.000000
41.000000
45.000000
34.000000
28.000000
13.000000
9.000000
7.000000
3.000000
7.000000
24.000000
22.000000
49.000000
63.000000
55.000000
68.000000
74.000000
88.000000
76.000000
87.000000
75.000000
106.000000
132.000000
116.000000
105.000000
90.000000
104.000000
53.000000
32.000000
28.000000
19.000000
20.000000
11.000000
18.000000
33.000000
25.000000
82.000000
83.000000
109.000000
126.000000
141.000000
111.000000
100.000000
129.000000
189.000000
149.000000
155.000000
83.000000
61.000000
77.000000
86.000000
83.000000
50.000000
28.000000
23.000000
20.000000
9.000000
16.000000
38.000000
87.000000
127.000000
204.000000
242.000000
237.000000
184.000000
254.000000
239.000000
201.000000
224.000000
264.000000
256.000000
216.000000
239.000000
275.000000
232.000000
177.000000
127.000000
108.000000
85.000000
49.000000
46.000000
44.000000
59.000000
156.000000
229.000000
309.000000
445.000000
450.000000
620.000000
641.000000
694.000000
997.000000
1364.000000
2022.000000
4889.000000
3854.000000
839.000000
739.000000
613.000000
537.000000
618.000000
535.000000
361.000000
330.000000
289.000000
234.000000
281.000000
373.000000
493.000000
544.000000
518.000000
510.000000
518.000000
545.000000
569.000000
522.000000
493.000000
392.000000
437.000000
368.000000
394.000000
371.000000
346.000000
314.000000
258.000000
254.000000
213.000000
176.000000
208.000000
204.000000
269.000000
445.000000
632.000000
705.000000
662.000000
851.000000
843.000000
715.000000
713.000000
606.000000
614.000000
464.000000
309.000000
306.000000
274.000000
296.000000
258.000000
204.000000
211.000000
140.000000
158.000000
164.000000
169.000000
169.000000
180.000000
230.000000
290.000000
301.000000
311.000000
345.000000
396.000000
352.000000
346.000000
256.000000
208.000000
193.000000
163.000000
132.000000
133.000000
164.000000
128.000000
125.000000
100.000000
69.000000
92.000000
70.000000
82.000000
88.000000
81.000000
126.000000
153.000000
165.000000
175.000000
175.000000
173.000000
221.000000
190.000000
203.000000
202.000000
150.000000
136.000000
125.000000
114.000000
140.000000
119.000000
104.000000
105.000000
84.000000
61.000000
75.000000
69.000000
79.000000
72.000000
102.000000
107.000000
140.000000
157.000000
132.000000
158.000000
149.000000
137.000000
153.000000
155.000000
118.000000
92.000000
101.000000
84.000000
95.000000
93.000000
94.000000
88.000000
78.000000
72.000000
64.000000
57.000000
67.000000
70.000000
71.000000
130.000000
108.000000
137.000000
142.000000
156.000000
131.000000
134.000000
186.000000
134.000000
169.000000
81.000000
62.000000
73.000000
69.000000
92.000000
65.000000
55.000000
73.000000
74.000000
55.000000
62.000000
75.000000
57.000000
49.000000
83.000000
98.000000
86.000000
93.000000
67.000000
109.000000
99.000000
103.000000
92.000000
109.000000
100.000000
