5.000000
5.000000
6.000000
1.000000
3.000000
4.000000
2.000000
3.000000
1.000000
1.000000
1.000000
2.000000
1.000000
0.000000
2.000000
2.000000
3.000000
1.000000
4.000000
2.000000
5.000000
3.000000
2.000000
3.000000
3.000000
3.000000
5.000000
4.000000
4.000000
1.000000
0.000000
3.000000
3.000000
2.000000
6.000000
4.000000
2.000000
3.000000
2.000000
0.000000
3.000000
1.000000
2.000000
1.000000
3.000000
6.000000
2.000000
4.000000
4.000000
3.000000
4.000000
1.000000
6.000000
4.000000
3.000000
1.000000
3.000000
1.000000
1.000000
0.000000
1.000000
1.000000
0.000000
4.000000
0.000000
0.000000
12.000000
1.000000
2.000000
0.000000
3.000000
7.000000
6.000000
4.000000
4.000000
0.000000
4.000000
1.000000
3.000000
4.000000
1.000000
3.000000
1.000000
3.000000
4.000000
5.000000
1.000000
0.000000
3.000000
7.000000
2.000000
6.000000
6.000000
1.000000
1.000000
5.000000
6.000000
4.000000
4.000000
7.000000
3.000000
10.000000
5.000000
7.000000
7.000000
4.000000
1.000000
5.000000
3.000000
1.000000
0.000000
0.000000
4.000000
7.000000
12.000000
3.000000
9.000000
3.000000
8.000000
12.000000
12.000000
6.000000
7.000000
4.000000
1.000000
4.000000
3.000000
3.000000
4.000000
2.000000
2.000000
4.000000
5.000000
2.000000
3.000000
1.000000
4.000000
8.000000
7.000000
10.000000
13.000000
5.000000
16.000000
20.000000
22.000000
32.000000
22.000000
19.000000
22.000000
18.000000
16.000000
14.000000
19.000000
8.000000
16.000000
11.000000
10.000000
6.000000
11.000000
13.000000
12.000000
12.000000
16.000000
29.000000
56.000000
91.000000
134.000000
128.000000
219.000000
130.000000
125.000000
97.000000
96.000000
99.000000
63.000000
46.000000
66.000000
25.000000
46.000000
35.000000
33.000000
29.000000
29.000000
36.000000
33.000000
39.000000
53.000000
44.000000
45.000000
45.000000
55.000000
43.000000
39.000000
32.000000
23.000000
28.000000
21.000000
26.000000
12.000000
17.000000
14.000000
9.000000
7.000000
8.000000
7.000000
8.000000
8.000000
9.000000
15.000000
11.000000
15.000000
12.000000
22.000000
12.000000
17.000000
19.000000
25.000000
14.000000
15.000000
14.000000
16.000000
23.000000
16.000000
8.000000
11.000000
9.000000
3.000000
7.000000
9.000000
3.000000
5.000000
5.000000
7.000000
8.000000
7.000000
6.000000
15.000000
6.000000
12.000000
18.000000
14.000000
11.000000
7.000000
12.000000
7.000000
5.000000
12.000000
12.000000
3.000000
3.000000
5.000000
3.000000
6.000000
6.000000
1.000000
4.000000
4.000000
6.000000
2.000000
9.000000
14.000000
3.000000
10.000000
6.000000
12.000000
11.000000
14.000000
3.000000
3.000000
7.000000
3.000000
4.000000
7.000000
2.000000
4.000000
2.000000
6.000000
4.000000
5.000000
4.000000
6.000000
2.000000
6.000000
4.000000
7.000000
3.000000
6.000000
2.000000
7.000000
8.000000
7.000000
6.000000
8.000000
8.000000
7.000000
4.000000
2.000000
6.000000
3.000000
3.000000
5.000000
2.000000
5.000000
2.000000
2.000000
5.000000
3.000000
11.000000
11.000000
5.000000
5.000000
7.000000
0.000000
4.000000
9.000000
3.000000
11.000000
13.000000
9.000000
7.000000
6.000000
4.000000
2.000000
4.000000
6.000000
1.000000
4.000000
7.000000
2.000000
4.000000
5.000000
4.000000
5.000000
10.000000
9.000000
9.000000
11.000000
