20.000000
14.000000
22.000000
25.000000
12.000000
16.000000
4.000000
9.000000
8.000000
11.000000
2.000000
5.000000
7.000000
6.000000
4.000000
12.000000
9.000000
4.000000
25.000000
13.000000
18.000000
20.000000
20.000000
29.000000
27.000000
15.000000
20.000000
12.000000
21.000000
18.000000
14.000000
9.000000
28.000000
2.000000
8.000000
8.000000
1.000000
5.000000
16.000000
14.000000
6.000000
11.000000
14.000000
14.000000
14.000000
29.000000
16.000000
24.000000
13.000000
17.000000
14.000000
22.000000
12.000000
28.000000
10.000000
12.000000
8.000000
5.000000
10.000000
6.000000
13.000000
4.000000
8.000000
13.000000
8.000000
6.000000
21.000000
22.000000
28.000000
26.000000
21.000000
15.000000
22.000000
14.000000
25.000000
13.000000
15.000000
7.000000
9.000000
15.000000
13.000000
6.000000
9.000000
5.000000
6.000000
11.000000
9.000000
8.000000
12.000000
22.000000
18.000000
11.000000
17.000000
18.000000
24.000000
26.000000
17.000000
19.000000
14.000000
13.000000
22.000000
18.000000
22.000000
16.000000
12.000000
10.000000
8.000000
15.000000
14.000000
7.000000
12.000000
20.000000
32.000000
28.000000
41.000000
48.000000
59.000000
45.000000
72.000000
64.000000
60.000000
48.000000
51.000000
64.000000
56.000000
55.000000
37.000000
37.000000
28.000000
36.000000
32.000000
25.000000
45.000000
20.000000
35.000000
39.000000
51.000000
57.000000
68.000000
65.000000
85.000000
122.000000
173.000000
437.000000
318.000000
275.000000
265.000000
224.000000
215.000000
168.000000
190.000000
138.000000
118.000000
74.000000
97.000000
81.000000
98.000000
93.000000
77.000000
96.000000
143.000000
162.000000
144.000000
175.000000
273.000000
405.000000
352.000000
557.000000
3083.000000
1608.000000
1087.000000
964.000000
868.000000
761.000000
620.000000
557.000000
477.000000
475.000000
341.000000
334.000000
320.000000
259.000000
298.000000
363.000000
381.000000
369.000000
393.000000
327.000000
344.000000
337.000000
301.000000
300.000000
289.000000
258.000000
247.000000
229.000000
196.000000
181.000000
189.000000
150.000000
119.000000
98.000000
79.000000
93.000000
102.000000
80.000000
90.000000
113.000000
119.000000
104.000000
98.000000
108.000000
117.000000
139.000000
145.000000
134.000000
136.000000
128.000000
98.000000
99.000000
114.000000
101.000000
82.000000
82.000000
55.000000
61.000000
54.000000
45.000000
55.000000
38.000000
57.000000
53.000000
64.000000
81.000000
67.000000
65.000000
74.000000
83.000000
73.000000
69.000000
99.000000
92.000000
91.000000
89.000000
87.000000
62.000000
57.000000
47.000000
40.000000
34.000000
36.000000
47.000000
34.000000
27.000000
39.000000
44.000000
53.000000
48.000000
57.000000
55.000000
46.000000
68.000000
68.000000
75.000000
64.000000
44.000000
53.000000
46.000000
92.000000
67.000000
48.000000
34.000000
29.000000
37.000000
23.000000
36.000000
28.000000
23.000000
18.000000
32.000000
27.000000
32.000000
46.000000
45.000000
39.000000
50.000000
45.000000
44.000000
37.000000
47.000000
35.000000
43.000000
46.000000
37.000000
33.000000
27.000000
22.000000
28.000000
18.000000
15.000000
18.000000
24.000000
19.000000
33.000000
45.000000
37.000000
38.000000
41.000000
33.000000
49.000000
49.000000
33.000000
42.000000
36.000000
55.000000
43.000000
37.000000
30.000000
30.000000
25.000000
22.000000
19.000000
27.000000
13.000000
20.000000
18.000000
23.000000
24.000000
16.000000
32.000000
42.000000
36.000000
36.000000
49.000000
47.000000
42.000000
39.000000
