211.000000
184.000000
181.000000
214.000000
258.000000
237.000000
202.000000
214.000000
131.000000
125.000000
104.000000
71.000000
40.000000
37.000000
22.000000
27.000000
34.000000
19.000000
49.000000
90.000000
105.000000
144.000000
122.000000
196.000000
184.000000
180.000000
179.000000
244.000000
254.000000
227.000000
202.000000
233.000000
199.000000
186.000000
90.000000
83.000000
51.000000
37.000000
35.000000
19.000000
34.000000
41.000000
52.000000
78.000000
120.000000
127.000000
186.000000
171.000000
196.000000
220.000000
187.000000
185.000000
210.000000
296.000000
340.000000
567.000000
498.000000
274.000000
215.000000
205.000000
99.000000
40.000000
52.000000
39.000000
40.000000
56.000000
74.000000
140.000000
197.000000
196.000000
177.000000
245.000000
221.000000
242.000000
303.000000
267.000000
282.000000
308.000000
316.000000
394.000000
342.000000
233.000000
195.000000
127.000000
93.000000
66.000000
54.000000
40.000000
47.000000
86.000000
91.000000
193.000000
200.000000
224.000000
275.000000
293.000000
287.000000
345.000000
786.000000
760.000000
750.000000
706.000000
438.000000
474.000000
481.000000
361.000000
284.000000
145.000000
124.000000
63.000000
72.000000
69.000000
63.000000
70.000000
118.000000
190.000000
239.000000
250.000000
311.000000
336.000000
377.000000
427.000000
351.000000
327.000000
319.000000
364.000000
481.000000
447.000000
406.000000
287.000000
206.000000
156.000000
112.000000
67.000000
68.000000
36.000000
71.000000
91.000000
171.000000
226.000000
344.000000
380.000000
446.000000
560.000000
650.000000
585.000000
543.000000
585.000000
904.000000
627.000000
650.000000
745.000000
566.000000
449.000000
422.000000
272.000000
219.000000
170.000000
144.000000
181.000000
170.000000
241.000000
302.000000
454.000000
701.000000
1020.000000
1341.000000
1856.000000
5322.000000
3836.000000
2936.000000
2168.000000
1055.000000
726.000000
623.000000
561.000000
450.000000
351.000000
278.000000
185.000000
199.000000
102.000000
133.000000
105.000000
117.000000
173.000000
180.000000
193.000000
225.000000
242.000000
249.000000
254.000000
224.000000
220.000000
250.000000
167.000000
170.000000
144.000000
154.000000
170.000000
227.000000
114.000000
56.000000
71.000000
51.000000
40.000000
45.000000
30.000000
27.000000
38.000000
41.000000
46.000000
70.000000
76.000000
60.000000
91.000000
84.000000
68.000000
72.000000
59.000000
86.000000
66.000000
74.000000
129.000000
60.000000
78.000000
37.000000
28.000000
21.000000
17.000000
18.000000
22.000000
15.000000
16.000000
17.000000
37.000000
43.000000
35.000000
69.000000
47.000000
51.000000
34.000000
51.000000
57.000000
49.000000
59.000000
52.000000
55.000000
52.000000
40.000000
36.000000
23.000000
18.000000
15.000000
15.000000
9.000000
17.000000
20.000000
12.000000
25.000000
24.000000
38.000000
45.000000
45.000000
46.000000
47.000000
27.000000
42.000000
36.000000
41.000000
38.000000
54.000000
55.000000
34.000000
25.000000
26.000000
12.000000
12.000000
9.000000
19.000000
8.000000
11.000000
11.000000
21.000000
20.000000
26.000000
30.000000
54.000000
34.000000
42.000000
30.000000
32.000000
27.000000
37.000000
36.000000
40.000000
34.000000
29.000000
22.000000
21.000000
19.000000
11.000000
8.000000
11.000000
4.000000
13.000000
10.000000
18.000000
21.000000
18.000000
25.000000
29.000000
45.000000
35.000000
43.000000
40.000000
27.000000
32.000000
42.000000
47.000000
28.000000
37.000000
66.000000
12.000000
9.000000
5.000000
5.000000
10.000000
9.000000
11.000000
15.000000
19.000000
18.000000
22.000000
32.000000
28.000000
36.000000
