1657.000000
1175.000000
946.000000
643.000000
558.000000
432.000000
322.000000
303.000000
336.000000
303.000000
332.000000
358.000000
444.000000
491.000000
595.000000
603.000000
721.000000
670.000000
741.000000
821.000000
818.000000
925.000000
960.000000
969.000000
986.000000
849.000000
823.000000
874.000000
530.000000
418.000000
381.000000
391.000000
405.000000
388.000000
391.000000
513.000000
560.000000
683.000000
791.000000
760.000000
894.000000
940.000000
1040.000000
1051.000000
1030.000000
1078.000000
1070.000000
1055.000000
1085.000000
901.000000
889.000000
770.000000
576.000000
441.000000
432.000000
430.000000
425.000000
451.000000
473.000000
572.000000
666.000000
802.000000
773.000000
988.000000
901.000000
1003.000000
979.000000
1074.000000
1153.000000
1112.000000
1021.000000
1097.000000
1128.000000
1058.000000
927.000000
865.000000
597.000000
515.000000
412.000000
449.000000
460.000000
479.000000
493.000000
624.000000
639.000000
743.000000
841.000000
926.000000
984.000000
1019.000000
1096.000000
1084.000000
1078.000000
1067.000000
1233.000000
1362.000000
1405.000000
1248.000000
1118.000000
873.000000
656.000000
577.000000
495.000000
544.000000
534.000000
559.000000
626.000000
709.000000
855.000000
1017.000000
1075.000000
1136.000000
1243.000000
1344.000000
1526.000000
1950.000000
1992.000000
1910.000000
1941.000000
2110.000000
1980.000000
1818.000000
1536.000000
1395.000000
1124.000000
890.000000
823.000000
820.000000
908.000000
968.000000
1050.000000
1190.000000
1467.000000
1776.000000
1797.000000
2007.000000
2009.000000
2263.000000
2274.000000
2426.000000
2629.000000
2718.000000
3066.000000
3367.000000
3481.000000
2819.000000
2401.000000
2077.000000
1676.000000
1443.000000
1339.000000
1379.000000
1409.000000
1579.000000
1768.000000
2024.000000
2447.000000
2991.000000
3288.000000
3751.000000
3863.000000
4389.000000
4743.000000
5032.000000
5524.000000
6222.000000
7329.000000
9938.000000
31562.000000
23047.000000
23558.000000
12636.000000
5820.000000
4135.000000
3480.000000
3144.000000
2896.000000
3083.000000
3062.000000
3127.000000
3304.000000
3357.000000
3728.000000
3820.000000
3437.000000
3322.000000
3147.000000
2895.000000
2763.000000
2792.000000
2762.000000
2496.000000
2199.000000
2101.000000
1853.000000
1672.000000
1510.000000
1216.000000
1184.000000
1171.000000
1238.000000
1268.000000
1125.000000
1126.000000
1299.000000
1362.000000
1421.000000
1460.000000
1340.000000
1376.000000
1328.000000
1396.000000
1471.000000
1289.000000
1382.000000
1279.000000
1132.000000
1094.000000
966.000000
951.000000
813.000000
634.000000
694.000000
580.000000
600.000000
604.000000
621.000000
669.000000
780.000000
889.000000
904.000000
909.000000
940.000000
1048.000000
1087.000000
1168.000000
1041.000000
1207.000000
937.000000
877.000000
862.000000
838.000000
788.000000
728.000000
514.000000
476.000000
403.000000
427.000000
390.000000
258.000000
352.000000
334.000000
348.000000
415.000000
416.000000
446.000000
485.000000
532.000000
542.000000
518.000000
545.000000
540.000000
545.000000
477.000000
468.000000
466.000000
448.000000
410.000000
378.000000
390.000000
284.000000
294.000000
274.000000
274.000000
329.000000
318.000000
331.000000
381.000000
433.000000
425.000000
494.000000
681.000000
662.000000
656.000000
613.000000
558.000000
579.000000
560.000000
479.000000
454.000000
484.000000
393.000000
345.000000
298.000000
261.000000
247.000000
274.000000
283.000000
250.000000
244.000000
287.000000
322.000000
339.000000
367.000000
343.000000
338.000000
392.000000
407.000000
374.000000
405.000000
320.000000
342.000000
325.000000
328.000000
311.000000
267.000000
237.000000
185.000000
182.000000
155.000000
174.000000
211.000000
163.000000
171.000000
165.000000
233.000000
206.000000
241.000000
224.000000
278.000000
240.000000
256.000000
218.000000
268.000000
281.000000
287.000000
348.000000
