2499.000000
2494.000000
1993.000000
1733.000000
1481.000000
1448.000000
1483.000000
1538.000000
1640.000000
2058.000000
2017.000000
2286.000000
2478.000000
2894.000000
2849.000000
2992.000000
2973.000000
2922.000000
2986.000000
2946.000000
2783.000000
2687.000000
2700.000000
2588.000000
2319.000000
1831.000000
1683.000000
1579.000000
1581.000000
1734.000000
2064.000000
2118.000000
2400.000000
2488.000000
2665.000000
3162.000000
3266.000000
3381.000000
3414.000000
3207.000000
3214.000000
3725.000000
3741.000000
3365.000000
2788.000000
2772.000000
3019.000000
2706.000000
2627.000000
2491.000000
2166.000000
2069.000000
1930.000000
2019.000000
2182.000000
2249.000000
2570.000000
2964.000000
3244.000000
3629.000000
3701.000000
3753.000000
4259.000000
4342.000000
4209.000000
4226.000000
4217.000000
3859.000000
3476.000000
3148.000000
3283.000000
3236.000000
2758.000000
2499.000000
2123.000000
2083.000000
2290.000000
2541.000000
2627.000000
2755.000000
3104.000000
3306.000000
3404.000000
3511.000000
3828.000000
3833.000000
4032.000000
4244.000000
4401.000000
4869.000000
5644.000000
5284.000000
4671.000000
4036.000000
3896.000000
3925.000000
3629.000000
3168.000000
2866.000000
2851.000000
3050.000000
3304.000000
3362.000000
3939.000000
4111.000000
4618.000000
4763.000000
5182.000000
5374.000000
5655.000000
5920.000000
6393.000000
6211.000000
6196.000000
5990.000000
5412.000000
4766.000000
4200.000000
4067.000000
4337.000000
4114.000000
3682.000000
3515.000000
3702.000000
3986.000000
4293.000000
4117.000000
4536.000000
4837.000000
5637.000000
6253.000000
7164.000000
7850.000000
8468.000000
9415.000000
9867.000000
9735.000000
10419.000000
10695.000000
11620.000000
16521.000000
11243.000000
9887.000000
8998.000000
8730.000000
8017.000000
7841.000000
7668.000000
8440.000000
9225.000000
9380.000000
9347.000000
10215.000000
10760.000000
11815.000000
13109.000000
14745.000000
15983.000000
18650.000000
20595.000000
22972.000000
24502.000000
25706.000000
27971.000000
32933.000000
42201.000000
63096.000000
99178.000000
137859.000000
129766.000000
74280.000000
58933.000000
27971.000000
24258.000000
21136.000000
19557.000000
17673.000000
17245.000000
17069.000000
16793.000000
16585.000000
14875.000000
13908.000000
12484.000000
11153.000000
10125.000000
9009.000000
8028.000000
7024.000000
6235.000000
5693.000000
5149.000000
5112.000000
4440.000000
4245.000000
4455.000000
4564.000000
4405.000000
3974.000000
3738.000000
3910.000000
4218.000000
4965.000000
4897.000000
4546.000000
4437.000000
4531.000000
4339.000000
4015.000000
3930.000000
3965.000000
4310.000000
3831.000000
3660.000000
3333.000000
3229.000000
2858.000000
2643.000000
2420.000000
2108.000000
2186.000000
1982.000000
1907.000000
1853.000000
2052.000000
2230.000000
2352.000000
2628.000000
2682.000000
2658.000000
2559.000000
2542.000000
2548.000000
2577.000000
2548.000000
2233.000000
2016.000000
1829.000000
1871.000000
1921.000000
1731.000000
1658.000000
1508.000000
1379.000000
1211.000000
1175.000000
1208.000000
1573.000000
2126.000000
2528.000000
2885.000000
3194.000000
3211.000000
3300.000000
3235.000000
3139.000000
3063.000000
2945.000000
2833.000000
2563.000000
2429.000000
2156.000000
2140.000000
2077.000000
2040.000000
1910.000000
1677.000000
1503.000000
1522.000000
1468.000000
1394.000000
1405.000000
1473.000000
1623.000000
1850.000000
1809.000000
1993.000000
2011.000000
1983.000000
2031.000000
1965.000000
1817.000000
1822.000000
1662.000000
1464.000000
1462.000000
1383.000000
1575.000000
1433.000000
1406.000000
1234.000000
1077.000000
1021.000000
1065.000000
1001.000000
1041.000000
1125.000000
1226.000000
1356.000000
1396.000000
1553.000000
1627.000000
1584.000000
1554.000000
1500.000000
1449.000000
1331.000000
1235.000000
1135.000000
1118.000000
1081.000000
1059.000000
1019.000000
942.000000
920.000000
809.000000
727.000000
647.000000
674.000000
720.000000
636.000000
805.000000
883.000000
863.000000
1008.000000
1100.000000
1046.000000
1044.000000
1074.000000
1078.000000
1104.000000
1170.000000
1053.000000
920.000000
888.000000
1292.000000
1070.000000
