1668.000000
1432.000000
1761.000000
1655.000000
2421.000000
2116.000000
2248.000000
1320.000000
938.000000
667.000000
477.000000
391.000000
308.000000
282.000000
317.000000
414.000000
565.000000
746.000000
755.000000
909.000000
1006.000000
1149.000000
1194.000000
1058.000000
1110.000000
1073.000000
1062.000000
987.000000
963.000000
756.000000
694.000000
638.000000
547.000000
411.000000
293.000000
245.000000
239.000000
200.000000
204.000000
266.000000
431.000000
383.000000
438.000000
515.000000
481.000000
520.000000
533.000000
563.000000
575.000000
617.000000
603.000000
569.000000
626.000000
642.000000
554.000000
420.000000
382.000000
272.000000
204.000000
177.000000
160.000000
173.000000
157.000000
199.000000
246.000000
339.000000
443.000000
478.000000
715.000000
771.000000
719.000000
818.000000
744.000000
673.000000
722.000000
678.000000
611.000000
641.000000
618.000000
567.000000
497.000000
364.000000
233.000000
204.000000
203.000000
189.000000
193.000000
248.000000
328.000000
426.000000
490.000000
608.000000
735.000000
838.000000
816.000000
777.000000
664.000000
770.000000
763.000000
804.000000
818.000000
874.000000
1611.000000
996.000000
743.000000
525.000000
496.000000
352.000000
319.000000
280.000000
294.000000
396.000000
531.000000
677.000000
715.000000
777.000000
905.000000
1028.000000
970.000000
984.000000
867.000000
943.000000
956.000000
973.000000
1227.000000
991.000000
954.000000
782.000000
624.000000
606.000000
358.000000
387.000000
291.000000
281.000000
289.000000
362.000000
460.000000
636.000000
842.000000
1057.000000
1144.000000
1265.000000
1414.000000
1415.000000
1435.000000
1386.000000
1447.000000
1507.000000
1438.000000
1386.000000
1353.000000
1074.000000
973.000000
689.000000
676.000000
512.000000
456.000000
521.000000
500.000000
649.000000
857.000000
1414.000000
1983.000000
2571.000000
3318.000000
4414.000000
5749.000000
9818.000000
18570.000000
13256.000000
14015.000000
5813.000000
4387.000000
3266.000000
2714.000000
2273.000000
1717.000000
1395.000000
1153.000000
944.000000
819.000000
748.000000
711.000000
876.000000
1086.000000
1128.000000
1263.000000
1171.000000
1131.000000
1069.000000
1003.000000
893.000000
902.000000
817.000000
664.000000
649.000000
630.000000
559.000000
486.000000
387.000000
302.000000
247.000000
189.000000
143.000000
146.000000
141.000000
145.000000
172.000000
210.000000
258.000000
225.000000
321.000000
274.000000
304.000000
252.000000
310.000000
264.000000
276.000000
266.000000
248.000000
216.000000
241.000000
232.000000
302.000000
215.000000
191.000000
154.000000
103.000000
108.000000
79.000000
66.000000
104.000000
133.000000
147.000000
171.000000
167.000000
196.000000
203.000000
192.000000
174.000000
199.000000
213.000000
185.000000
174.000000
169.000000
175.000000
160.000000
151.000000
126.000000
147.000000
120.000000
90.000000
84.000000
98.000000
82.000000
81.000000
110.000000
145.000000
180.000000
199.000000
148.000000
160.000000
183.000000
165.000000
160.000000
159.000000
187.000000
164.000000
146.000000
150.000000
131.000000
112.000000
88.000000
101.000000
88.000000
66.000000
59.000000
57.000000
63.000000
73.000000
86.000000
104.000000
120.000000
121.000000
134.000000
135.000000
130.000000
124.000000
140.000000
126.000000
106.000000
130.000000
95.000000
114.000000
102.000000
77.000000
81.000000
77.000000
50.000000
54.000000
52.000000
42.000000
29.000000
44.000000
64.000000
96.000000
97.000000
87.000000
106.000000
129.000000
113.000000
203.000000
167.000000
190.000000
122.000000
171.000000
172.000000
179.000000
237.000000
211.000000
119.000000
93.000000
101.000000
82.000000
67.000000
52.000000
53.000000
55.000000
60.000000
108.000000
118.000000
134.000000
176.000000
175.000000
248.000000
214.000000
224.000000
