11.000000
8.000000
7.000000
4.000000
7.000000
4.000000
9.000000
16.000000
3.000000
2.000000
3.000000
3.000000
0.000000
2.000000
2.000000
2.000000
5.000000
7.000000
3.000000
3.000000
3.000000
10.000000
2.000000
11.000000
15.000000
6.000000
12.000000
6.000000
6.000000
8.000000
4.000000
4.000000
3.000000
0.000000
2.000000
4.000000
1.000000
0.000000
5.000000
2.000000
1.000000
2.000000
5.000000
9.000000
3.000000
5.000000
6.000000
6.000000
5.000000
5.000000
5.000000
7.000000
3.000000
7.000000
8.000000
12.000000
4.000000
2.000000
1.000000
7.000000
1.000000
1.000000
3.000000
10.000000
5.000000
5.000000
5.000000
9.000000
5.000000
9.000000
9.000000
8.000000
14.000000
4.000000
16.000000
8.000000
7.000000
6.000000
6.000000
4.000000
1.000000
5.000000
1.000000
3.000000
1.000000
3.000000
4.000000
11.000000
9.000000
10.000000
14.000000
16.000000
17.000000
14.000000
11.000000
14.000000
9.000000
15.000000
11.000000
12.000000
11.000000
15.000000
11.000000
5.000000
1.000000
7.000000
6.000000
5.000000
2.000000
8.000000
5.000000
12.000000
26.000000
16.000000
26.000000
22.000000
44.000000
139.000000
130.000000
108.000000
107.000000
177.000000
127.000000
66.000000
40.000000
44.000000
37.000000
40.000000
26.000000
23.000000
11.000000
6.000000
19.000000
13.000000
23.000000
14.000000
26.000000
27.000000
35.000000
17.000000
17.000000
31.000000
28.000000
27.000000
15.000000
14.000000
18.000000
19.000000
12.000000
19.000000
12.000000
9.000000
8.000000
7.000000
7.000000
6.000000
2.000000
3.000000
9.000000
17.000000
14.000000
10.000000
21.000000
24.000000
43.000000
37.000000
123.000000
134.000000
179.000000
104.000000
149.000000
60.000000
47.000000
56.000000
20.000000
36.000000
22.000000
21.000000
15.000000
11.000000
8.000000
8.000000
24.000000
20.000000
26.000000
34.000000
35.000000
37.000000
53.000000
35.000000
20.000000
16.000000
28.000000
21.000000
11.000000
16.000000
10.000000
16.000000
11.000000
14.000000
7.000000
9.000000
4.000000
2.000000
3.000000
7.000000
3.000000
6.000000
10.000000
9.000000
20.000000
16.000000
11.000000
15.000000
9.000000
15.000000
20.000000
16.000000
8.000000
11.000000
13.000000
10.000000
10.000000
5.000000
3.000000
5.000000
8.000000
4.000000
3.000000
4.000000
1.000000
1.000000
20.000000
2.000000
3.000000
7.000000
7.000000
9.000000
8.000000
4.000000
5.000000
4.000000
2.000000
1.000000
6.000000
3.000000
1.000000
7.000000
1.000000
6.000000
4.000000
1.000000
1.000000
1.000000
1.000000
6.000000
0.000000
2.000000
4.000000
9.000000
3.000000
11.000000
5.000000
9.000000
6.000000
6.000000
4.000000
9.000000
14.000000
9.000000
7.000000
3.000000
0.000000
1.000000
1.000000
1.000000
1.000000
3.000000
4.000000
1.000000
5.000000
3.000000
6.000000
4.000000
4.000000
6.000000
11.000000
4.000000
3.000000
11.000000
6.000000
2.000000
5.000000
7.000000
6.000000
1.000000
1.000000
1.000000
0.000000
0.000000
0.000000
1.000000
4.000000
1.000000
9.000000
3.000000
9.000000
3.000000
4.000000
4.000000
7.000000
6.000000
4.000000
2.000000
8.000000
5.000000
3.000000
5.000000
2.000000
2.000000
1.000000
3.000000
0.000000
2.000000
0.000000
6.000000
2.000000
0.000000
1.000000
2.000000
1.000000
1.000000
3.000000
4.000000
5.000000
4.000000
0.000000
