356.000000
364.000000
338.000000
331.000000
316.000000
263.000000
266.000000
242.000000
267.000000
243.000000
239.000000
236.000000
295.000000
284.000000
335.000000
374.000000
348.000000
581.000000
524.000000
514.000000
476.000000
469.000000
432.000000
373.000000
392.000000
388.000000
355.000000
327.000000
277.000000
287.000000
218.000000
248.000000
282.000000
242.000000
203.000000
216.000000
285.000000
306.000000
307.000000
369.000000
354.000000
383.000000
339.000000
352.000000
365.000000
376.000000
315.000000
304.000000
338.000000
309.000000
309.000000
268.000000
280.000000
283.000000
241.000000
239.000000
240.000000
227.000000
234.000000
263.000000
262.000000
289.000000
352.000000
330.000000
314.000000
395.000000
359.000000
341.000000
430.000000
446.000000
439.000000
363.000000
442.000000
494.000000
461.000000
400.000000
394.000000
366.000000
306.000000
344.000000
329.000000
321.000000
354.000000
408.000000
405.000000
506.000000
554.000000
624.000000
631.000000
728.000000
665.000000
655.000000
740.000000
806.000000
701.000000
792.000000
843.000000
723.000000
630.000000
597.000000
532.000000
525.000000
513.000000
446.000000
427.000000
469.000000
534.000000
492.000000
542.000000
646.000000
676.000000
688.000000
757.000000
781.000000
791.000000
891.000000
947.000000
882.000000
926.000000
896.000000
841.000000
946.000000
876.000000
823.000000
738.000000
681.000000
636.000000
681.000000
679.000000
642.000000
679.000000
732.000000
700.000000
1101.000000
1284.000000
1165.000000
1295.000000
1227.000000
1144.000000
1246.000000
1382.000000
1374.000000
1671.000000
1844.000000
1677.000000
1858.000000
2133.000000
1778.000000
1652.000000
1508.000000
1415.000000
1359.000000
1256.000000
1237.000000
1374.000000
1683.000000
2044.000000
2425.000000
2777.000000
2823.000000
3112.000000
3528.000000
3222.000000
3633.000000
5259.000000
5980.000000
9507.000000
27849.000000
68216.000000
55904.000000
53615.000000
58734.000000
34772.000000
23309.000000
21401.000000
18451.000000
15777.000000
14216.000000
15368.000000
17609.000000
16363.000000
16482.000000
17008.000000
15255.000000
13921.000000
12549.000000
10278.000000
9064.000000
9009.000000
8003.000000
7185.000000
6764.000000
6274.000000
6065.000000
5689.000000
5403.000000
4411.000000
4020.000000
3722.000000
3227.000000
3063.000000
2978.000000
2880.000000
3266.000000
3268.000000
3807.000000
4001.000000
3880.000000
3839.000000
3522.000000
2894.000000
2699.000000
2873.000000
2766.000000
2876.000000
2709.000000
2619.000000
2587.000000
2498.000000
2477.000000
2108.000000
1995.000000
1800.000000
1725.000000
1731.000000
1636.000000
1558.000000
1724.000000
1775.000000
2018.000000
2252.000000
2131.000000
2296.000000
2306.000000
2189.000000
2098.000000
2260.000000
2033.000000
2088.000000
1960.000000
2152.000000
2174.000000
2139.000000
1936.000000
1804.000000
1677.000000
1477.000000
1334.000000
1388.000000
1328.000000
1311.000000
1584.000000
1776.000000
2106.000000
2039.000000
2301.000000
2416.000000
2170.000000
1967.000000
2186.000000
2040.000000
2148.000000
2003.000000
1950.000000
1829.000000
1858.000000
1750.000000
1541.000000
1316.000000
1202.000000
1059.000000
960.000000
856.000000
929.000000
890.000000
1144.000000
1210.000000
1341.000000
1326.000000
1417.000000
1580.000000
1521.000000
1333.000000
1265.000000
1422.000000
1410.000000
1339.000000
1613.000000
1581.000000
1560.000000
1418.000000
1232.000000
1157.000000
1022.000000
1013.000000
877.000000
755.000000
726.000000
844.000000
897.000000
1103.000000
1316.000000
1134.000000
1036.000000
1203.000000
1187.000000
1060.000000
1058.000000
1076.000000
1101.000000
1109.000000
1138.000000
1210.000000
1121.000000
1119.000000
997.000000
820.000000
726.000000
607.000000
599.000000
561.000000
518.000000
543.000000
603.000000
684.000000
800.000000
803.000000
871.000000
941.000000
967.000000
971.000000
918.000000
1268.000000
1116.000000
967.000000
877.000000
984.000000
