682.000000
905.000000
721.000000
416.000000
357.000000
618.000000
326.000000
434.000000
170.000000
75.000000
63.000000
56.000000
45.000000
61.000000
74.000000
96.000000
163.000000
416.000000
313.000000
369.000000
384.000000
445.000000
382.000000
361.000000
367.000000
353.000000
364.000000
359.000000
361.000000
384.000000
314.000000
196.000000
120.000000
78.000000
49.000000
58.000000
64.000000
49.000000
76.000000
117.000000
182.000000
232.000000
283.000000
374.000000
415.000000
389.000000
350.000000
383.000000
436.000000
390.000000
389.000000
482.000000
601.000000
651.000000
379.000000
268.000000
133.000000
117.000000
65.000000
66.000000
62.000000
78.000000
96.000000
135.000000
193.000000
284.000000
333.000000
328.000000
363.000000
376.000000
392.000000
372.000000
424.000000
408.000000
682.000000
597.000000
671.000000
696.000000
449.000000
294.000000
183.000000
102.000000
62.000000
59.000000
70.000000
80.000000
102.000000
127.000000
258.000000
319.000000
318.000000
336.000000
383.000000
373.000000
396.000000
388.000000
426.000000
575.000000
602.000000
584.000000
649.000000
685.000000
601.000000
364.000000
216.000000
129.000000
89.000000
74.000000
68.000000
95.000000
120.000000
177.000000
334.000000
352.000000
509.000000
460.000000
598.000000
590.000000
608.000000
608.000000
607.000000
598.000000
635.000000
591.000000
610.000000
537.000000
544.000000
443.000000
230.000000
194.000000
109.000000
135.000000
110.000000
124.000000
163.000000
244.000000
353.000000
499.000000
631.000000
862.000000
1111.000000
1252.000000
1375.000000
1407.000000
1224.000000
1088.000000
1071.000000
898.000000
883.000000
843.000000
706.000000
633.000000
450.000000
368.000000
270.000000
270.000000
278.000000
305.000000
341.000000
464.000000
732.000000
1179.000000
1747.000000
2439.000000
3165.000000
2925.000000
2482.000000
3842.000000
4086.000000
2776.000000
2958.000000
1798.000000
1226.000000
850.000000
1028.000000
949.000000
381.000000
306.000000
250.000000
222.000000
215.000000
233.000000
258.000000
331.000000
587.000000
649.000000
845.000000
985.000000
1246.000000
3157.000000
2521.000000
2029.000000
1647.000000
885.000000
801.000000
666.000000
596.000000
502.000000
455.000000
392.000000
261.000000
210.000000
157.000000
135.000000
111.000000
148.000000
150.000000
194.000000
266.000000
316.000000
299.000000
278.000000
318.000000
310.000000
331.000000
307.000000
239.000000
212.000000
220.000000
205.000000
192.000000
169.000000
109.000000
112.000000
108.000000
56.000000
45.000000
39.000000
33.000000
45.000000
27.000000
73.000000
70.000000
108.000000
97.000000
114.000000
111.000000
95.000000
103.000000
103.000000
73.000000
80.000000
80.000000
94.000000
102.000000
93.000000
71.000000
45.000000
50.000000
17.000000
17.000000
12.000000
19.000000
17.000000
21.000000
31.000000
28.000000
43.000000
68.000000
62.000000
60.000000
87.000000
60.000000
67.000000
75.000000
69.000000
68.000000
74.000000
133.000000
83.000000
86.000000
65.000000
35.000000
26.000000
20.000000
23.000000
11.000000
21.000000
18.000000
14.000000
26.000000
36.000000
64.000000
76.000000
54.000000
43.000000
53.000000
58.000000
58.000000
62.000000
59.000000
59.000000
58.000000
89.000000
126.000000
48.000000
30.000000
40.000000
27.000000
9.000000
11.000000
16.000000
30.000000
28.000000
24.000000
29.000000
68.000000
62.000000
57.000000
75.000000
107.000000
62.000000
60.000000
56.000000
67.000000
74.000000
54.000000
89.000000
89.000000
35.000000
26.000000
25.000000
17.000000
15.000000
14.000000
9.000000
13.000000
21.000000
22.000000
43.000000
30.000000
47.000000
42.000000
56.000000
54.000000
86.000000
88.000000
