14.000000
11.000000
7.000000
18.000000
19.000000
8.000000
7.000000
8.000000
10.000000
6.000000
7.000000
2.000000
0.000000
7.000000
7.000000
5.000000
5.000000
13.000000
8.000000
20.000000
9.000000
12.000000
10.000000
18.000000
9.000000
16.000000
12.000000
5.000000
14.000000
3.000000
8.000000
5.000000
12.000000
4.000000
3.000000
6.000000
7.000000
3.000000
2.000000
8.000000
5.000000
5.000000
11.000000
9.000000
9.000000
8.000000
5.000000
10.000000
16.000000
11.000000
17.000000
20.000000
10.000000
8.000000
9.000000
10.000000
8.000000
9.000000
0.000000
8.000000
2.000000
5.000000
15.000000
9.000000
4.000000
4.000000
4.000000
9.000000
4.000000
10.000000
11.000000
10.000000
11.000000
17.000000
15.000000
18.000000
8.000000
11.000000
5.000000
5.000000
10.000000
7.000000
7.000000
6.000000
3.000000
6.000000
6.000000
11.000000
14.000000
8.000000
14.000000
10.000000
11.000000
7.000000
11.000000
10.000000
15.000000
11.000000
19.000000
8.000000
14.000000
7.000000
12.000000
9.000000
15.000000
14.000000
4.000000
3.000000
6.000000
9.000000
8.000000
5.000000
7.000000
17.000000
13.000000
21.000000
20.000000
20.000000
25.000000
30.000000
25.000000
26.000000
10.000000
20.000000
28.000000
26.000000
34.000000
15.000000
32.000000
25.000000
20.000000
21.000000
15.000000
13.000000
11.000000
12.000000
24.000000
26.000000
39.000000
43.000000
64.000000
65.000000
67.000000
124.000000
399.000000
304.000000
307.000000
300.000000
272.000000
206.000000
155.000000
141.000000
126.000000
122.000000
73.000000
84.000000
72.000000
66.000000
58.000000
60.000000
59.000000
72.000000
102.000000
111.000000
142.000000
226.000000
192.000000
526.000000
1149.000000
720.000000
507.000000
440.000000
379.000000
314.000000
310.000000
237.000000
213.000000
170.000000
145.000000
116.000000
102.000000
84.000000
87.000000
89.000000
117.000000
137.000000
135.000000
111.000000
152.000000
127.000000
113.000000
122.000000
129.000000
110.000000
115.000000
121.000000
92.000000
103.000000
139.000000
83.000000
69.000000
50.000000
40.000000
44.000000
43.000000
45.000000
26.000000
22.000000
30.000000
47.000000
43.000000
44.000000
44.000000
59.000000
47.000000
63.000000
57.000000
64.000000
65.000000
47.000000
57.000000
66.000000
44.000000
45.000000
35.000000
25.000000
23.000000
13.000000
16.000000
14.000000
12.000000
14.000000
12.000000
20.000000
23.000000
34.000000
29.000000
44.000000
43.000000
36.000000
46.000000
45.000000
26.000000
38.000000
24.000000
31.000000
26.000000
23.000000
17.000000
25.000000
19.000000
8.000000
20.000000
14.000000
6.000000
8.000000
14.000000
23.000000
26.000000
21.000000
27.000000
31.000000
26.000000
31.000000
32.000000
31.000000
26.000000
26.000000
19.000000
31.000000
28.000000
29.000000
29.000000
15.000000
8.000000
13.000000
10.000000
18.000000
12.000000
18.000000
14.000000
24.000000
24.000000
12.000000
19.000000
19.000000
29.000000
22.000000
26.000000
25.000000
29.000000
28.000000
17.000000
13.000000
27.000000
19.000000
16.000000
18.000000
15.000000
17.000000
12.000000
13.000000
11.000000
17.000000
15.000000
21.000000
56.000000
30.000000
54.000000
43.000000
35.000000
37.000000
38.000000
21.000000
33.000000
34.000000
24.000000
38.000000
24.000000
18.000000
16.000000
23.000000
13.000000
18.000000
16.000000
5.000000
13.000000
15.000000
31.000000
69.000000
105.000000
48.000000
69.000000
74.000000
37.000000
25.000000
35.000000
