340.000000
247.000000
363.000000
347.000000
288.000000
360.000000
214.000000
217.000000
151.000000
131.000000
161.000000
120.000000
156.000000
143.000000
140.000000
349.000000
199.000000
298.000000
285.000000
253.000000
308.000000
314.000000
308.000000
360.000000
312.000000
279.000000
649.000000
264.000000
264.000000
428.000000
207.000000
240.000000
137.000000
133.000000
142.000000
131.000000
166.000000
158.000000
180.000000
219.000000
264.000000
263.000000
552.000000
368.000000
367.000000
381.000000
375.000000
360.000000
349.000000
330.000000
347.000000
250.000000
410.000000
287.000000
236.000000
170.000000
163.000000
169.000000
148.000000
132.000000
163.000000
178.000000
209.000000
221.000000
244.000000
259.000000
291.000000
314.000000
310.000000
342.000000
350.000000
384.000000
369.000000
391.000000
457.000000
303.000000
710.000000
775.000000
497.000000
348.000000
237.000000
212.000000
203.000000
434.000000
160.000000
197.000000
257.000000
251.000000
331.000000
361.000000
377.000000
380.000000
379.000000
376.000000
468.000000
398.000000
410.000000
393.000000
378.000000
402.000000
502.000000
379.000000
348.000000
267.000000
261.000000
240.000000
197.000000
253.000000
263.000000
239.000000
292.000000
317.000000
352.000000
410.000000
465.000000
559.000000
685.000000
627.000000
639.000000
760.000000
604.000000
583.000000
516.000000
599.000000
620.000000
617.000000
481.000000
460.000000
407.000000
411.000000
384.000000
362.000000
359.000000
467.000000
727.000000
864.000000
774.000000
837.000000
1043.000000
878.000000
851.000000
940.000000
917.000000
974.000000
871.000000
928.000000
1022.000000
961.000000
876.000000
836.000000
810.000000
637.000000
548.000000
522.000000
534.000000
482.000000
492.000000
540.000000
688.000000
719.000000
836.000000
1567.000000
1304.000000
1335.000000
1288.000000
1493.000000
1314.000000
1454.000000
2294.000000
1855.000000
1458.000000
1318.000000
1198.000000
1121.000000
934.000000
797.000000
623.000000
522.000000
533.000000
508.000000
537.000000
546.000000
628.000000
738.000000
717.000000
804.000000
813.000000
998.000000
1166.000000
1186.000000
1173.000000
1404.000000
1383.000000
1225.000000
1255.000000
1111.000000
1219.000000
1096.000000
880.000000
745.000000
607.000000
538.000000
439.000000
418.000000
417.000000
486.000000
477.000000
603.000000
674.000000
724.000000
830.000000
938.000000
957.000000
879.000000
1103.000000
913.000000
967.000000
851.000000
757.000000
770.000000
831.000000
822.000000
622.000000
584.000000
476.000000
483.000000
492.000000
445.000000
460.000000
479.000000
624.000000
641.000000
821.000000
733.000000
717.000000
755.000000
735.000000
691.000000
686.000000
637.000000
614.000000
581.000000
479.000000
437.000000
498.000000
459.000000
372.000000
356.000000
352.000000
281.000000
313.000000
272.000000
299.000000
354.000000
348.000000
417.000000
439.000000
448.000000
520.000000
539.000000
576.000000
519.000000
578.000000
574.000000
596.000000
563.000000
503.000000
423.000000
477.000000
468.000000
358.000000
325.000000
282.000000
277.000000
256.000000
269.000000
264.000000
267.000000
337.000000
381.000000
396.000000
365.000000
453.000000
432.000000
489.000000
523.000000
492.000000
464.000000
540.000000
436.000000
365.000000
400.000000
364.000000
356.000000
291.000000
229.000000
235.000000
204.000000
205.000000
236.000000
241.000000
268.000000
243.000000
320.000000
433.000000
357.000000
423.000000
454.000000
415.000000
470.000000
481.000000
527.000000
477.000000
411.000000
430.000000
388.000000
403.000000
373.000000
347.000000
268.000000
269.000000
194.000000
195.000000
216.000000
286.000000
296.000000
266.000000
348.000000
373.000000
387.000000
465.000000
462.000000
560.000000
515.000000
542.000000
575.000000
577.000000
