2966.000000
2868.000000
2934.000000
3077.000000
2978.000000
3138.000000
3430.000000
3148.000000
3203.000000
3196.000000
3773.000000
3523.000000
2870.000000
3459.000000
2168.000000
1873.000000
1804.000000
1558.000000
1567.000000
1600.000000
1631.000000
2029.000000
2287.000000
2520.000000
2571.000000
2594.000000
2951.000000
2568.000000
2445.000000
3364.000000
2855.000000
2918.000000
2386.000000
2499.000000
2819.000000
3245.000000
2574.000000
2643.000000
1973.000000
1555.000000
1524.000000
1364.000000
1542.000000
1593.000000
1567.000000
1659.000000
1949.000000
2138.000000
2484.000000
2324.000000
2620.000000
3220.000000
3659.000000
3767.000000
4639.000000
3797.000000
5096.000000
4381.000000
4409.000000
7707.000000
4551.000000
3188.000000
2480.000000
2239.000000
1864.000000
1836.000000
1950.000000
2019.000000
2549.000000
3149.000000
3719.000000
3748.000000
3812.000000
4098.000000
4459.000000
5759.000000
5562.000000
6673.000000
5647.000000
4736.000000
4845.000000
5029.000000
6558.000000
5401.000000
4515.000000
3513.000000
3097.000000
2339.000000
2089.000000
2053.000000
2224.000000
2633.000000
2880.000000
3323.000000
3630.000000
3695.000000
4034.000000
4393.000000
3891.000000
3682.000000
4128.000000
5059.000000
5727.000000
5598.000000
5127.000000
4144.000000
4644.000000
5861.000000
5417.000000
6414.000000
3736.000000
2999.000000
2828.000000
2394.000000
2422.000000
2703.000000
4293.000000
5240.000000
5661.000000
6222.000000
6816.000000
6543.000000
6488.000000
6639.000000
6592.000000
7910.000000
8749.000000
7132.000000
7658.000000
6829.000000
7704.000000
8502.000000
7600.000000
7243.000000
6177.000000
5043.000000
4377.000000
4328.000000
4577.000000
4996.000000
5866.000000
7761.000000
8438.000000
8955.000000
9433.000000
9389.000000
9928.000000
9594.000000
10024.000000
10220.000000
10386.000000
9343.000000
9441.000000
8954.000000
11411.000000
11819.000000
11388.000000
11123.000000
10814.000000
9107.000000
8065.000000
7061.000000
7020.000000
8494.000000
10331.000000
11691.000000
13412.000000
15535.000000
20307.000000
19258.000000
18768.000000
17840.000000
16462.000000
17421.000000
16253.000000
15470.000000
14935.000000
14323.000000
15397.000000
15834.000000
14981.000000
13760.000000
11854.000000
9802.000000
8592.000000
7022.000000
6850.000000
7241.000000
8673.000000
10655.000000
12343.000000
13956.000000
14082.000000
15017.000000
15216.000000
15105.000000
15595.000000
16259.000000
18043.000000
18218.000000
16714.000000
15222.000000
15744.000000
15835.000000
14845.000000
13548.000000
11848.000000
9395.000000
7996.000000
6867.000000
6730.000000
7010.000000
7727.000000
9774.000000
12565.000000
13341.000000
14205.000000
15318.000000
15246.000000
15883.000000
16306.000000
17175.000000
15795.000000
15433.000000
14190.000000
13442.000000
13235.000000
12677.000000
11320.000000
9635.000000
7749.000000
6231.000000
5218.000000
4839.000000
4647.000000
5335.000000
6859.000000
8813.000000
10070.000000
12486.000000
12587.000000
11817.000000
14717.000000
16000.000000
17673.000000
16493.000000
14417.000000
14650.000000
15224.000000
14461.000000
14119.000000
14567.000000
13133.000000
10641.000000
8227.000000
7203.000000
6022.000000
5566.000000
5457.000000
6516.000000
7635.000000
9173.000000
10479.000000
10416.000000
10513.000000
11227.000000
10169.000000
9308.000000
8877.000000
9210.000000
8739.000000
8311.000000
8068.000000
7646.000000
8073.000000
8188.000000
7665.000000
6520.000000
5614.000000
4493.000000
4879.000000
4098.000000
3839.000000
4253.000000
5090.000000
6771.000000
6510.000000
7089.000000
7798.000000
7371.000000
6847.000000
6549.000000
7039.000000
7197.000000
6515.000000
6330.000000
5730.000000
6052.000000
5940.000000
5983.000000
5357.000000
4805.000000
3896.000000
3305.000000
2884.000000
2641.000000
2365.000000
2588.000000
3207.000000
3727.000000
4173.000000
4434.000000
4526.000000
4413.000000
4511.000000
4505.000000
4634.000000
4582.000000
4594.000000
4370.000000
4051.000000
3953.000000
4235.000000
4277.000000
3869.000000
3655.000000
2935.000000
2586.000000
2377.000000
2053.000000
2079.000000
2153.000000
2510.000000
2977.000000
3724.000000
4139.000000
4255.000000
