3194.000000
2931.000000
2938.000000
2777.000000
2416.000000
2328.000000
2186.000000
2027.000000
2031.000000
1967.000000
1867.000000
1952.000000
1697.000000
1718.000000
1801.000000
1662.000000
1608.000000
1507.000000
1881.000000
2111.000000
2108.000000
2289.000000
2358.000000
2411.000000
2355.000000
2588.000000
2538.000000
2977.000000
3059.000000
2624.000000
2870.000000
2431.000000
2648.000000
2702.000000
2468.000000
2108.000000
2376.000000
2308.000000
1956.000000
1943.000000
1835.000000
1797.000000
1942.000000
2231.000000
2473.000000
2995.000000
3009.000000
3040.000000
2838.000000
4251.000000
3215.000000
2964.000000
3478.000000
2966.000000
2573.000000
2690.000000
2996.000000
2654.000000
2458.000000
2224.000000
2013.000000
1980.000000
1773.000000
1811.000000
1893.000000
2088.000000
2621.000000
2980.000000
2993.000000
3377.000000
3680.000000
3796.000000
3654.000000
4262.000000
4124.000000
3841.000000
3507.000000
3278.000000
2774.000000
3186.000000
3069.000000
3243.000000
2679.000000
2483.000000
2163.000000
2195.000000
1956.000000
1886.000000
2259.000000
2590.000000
3004.000000
3302.000000
3389.000000
3732.000000
3928.000000
4117.000000
4455.000000
4445.000000
4497.000000
4780.000000
4611.000000
4466.000000
3798.000000
4015.000000
3807.000000
3862.000000
3720.000000
3419.000000
3189.000000
3118.000000
3183.000000
3032.000000
3311.000000
3792.000000
3819.000000
4161.000000
4477.000000
4583.000000
4586.000000
4522.000000
4258.000000
4059.000000
4260.000000
4331.000000
4454.000000
4112.000000
3529.000000
3559.000000
3489.000000
3986.000000
3840.000000
3703.000000
3956.000000
4211.000000
4406.000000
4760.000000
4839.000000
5268.000000
5791.000000
6269.000000
6869.000000
7156.000000
7356.000000
7476.000000
7366.000000
7027.000000
7108.000000
7414.000000
6732.000000
6359.000000
6087.000000
6140.000000
7114.000000
7637.000000
7817.000000
8910.000000
8153.000000
7274.000000
7202.000000
6486.000000
6565.000000
7446.000000
8307.000000
9473.000000
10624.000000
11624.000000
11733.000000
13368.000000
13556.000000
12425.000000
12906.000000
12705.000000
11619.000000
11133.000000
10574.000000
10113.000000
10776.000000
11373.000000
11048.000000
10009.000000
9299.000000
8081.000000
7909.000000
6960.000000
6545.000000
6580.000000
7369.000000
8285.000000
9026.000000
9843.000000
10045.000000
10149.000000
10266.000000
10046.000000
9667.000000
9749.000000
9394.000000
9079.000000
8218.000000
7784.000000
7945.000000
8345.000000
7822.000000
7465.000000
6663.000000
6056.000000
5599.000000
5209.000000
4821.000000
4844.000000
5088.000000
5704.000000
6199.000000
6802.000000
7323.000000
7744.000000
8082.000000
7764.000000
7493.000000
7313.000000
7245.000000
6345.000000
5949.000000
5729.000000
6346.000000
6415.000000
5858.000000
5354.000000
4857.000000
4395.000000
4090.000000
3637.000000
3964.000000
4166.000000
4996.000000
5534.000000
5996.000000
5874.000000
6178.000000
5934.000000
5786.000000
5600.000000
5148.000000
4802.000000
4454.000000
4001.000000
3777.000000
3490.000000
3698.000000
3585.000000
3618.000000
3223.000000
2936.000000
2802.000000
2593.000000
2377.000000
2464.000000
2528.000000
2866.000000
2960.000000
3219.000000
3229.000000
3298.000000
3272.000000
3179.000000
2983.000000
3021.000000
3075.000000
2861.000000
2740.000000
2619.000000
2535.000000
2952.000000
2873.000000
2873.000000
2753.000000
2405.000000
2250.000000
2086.000000
1899.000000
1852.000000
1995.000000
2195.000000
2370.000000
2431.000000
2436.000000
2542.000000
2586.000000
2401.000000
2346.000000
2482.000000
2392.000000
2494.000000
2307.000000
2080.000000
2028.000000
2213.000000
2218.000000
2124.000000
2015.000000
1858.000000
1672.000000
1660.000000
1582.000000
1594.000000
1621.000000
1712.000000
1917.000000
2635.000000
2770.000000
2943.000000
2724.000000
2674.000000
2504.000000
2547.000000
2497.000000
2252.000000
2211.000000
1984.000000
1939.000000
2096.000000
2057.000000
1972.000000
1916.000000
1782.000000
1652.000000
1584.000000
1491.000000
1351.000000
1461.000000
1763.000000
1823.000000
1980.000000
2151.000000
2127.000000
2187.000000
2069.000000
