438.000000
416.000000
571.000000
373.000000
395.000000
386.000000
329.000000
321.000000
216.000000
198.000000
220.000000
189.000000
215.000000
265.000000
317.000000
352.000000
443.000000
413.000000
422.000000
439.000000
466.000000
558.000000
483.000000
464.000000
448.000000
418.000000
561.000000
444.000000
407.000000
499.000000
733.000000
304.000000
240.000000
275.000000
215.000000
209.000000
187.000000
226.000000
240.000000
323.000000
410.000000
429.000000
454.000000
477.000000
502.000000
532.000000
558.000000
550.000000
551.000000
546.000000
765.000000
1286.000000
726.000000
574.000000
574.000000
359.000000
282.000000
216.000000
188.000000
233.000000
231.000000
265.000000
332.000000
405.000000
505.000000
532.000000
592.000000
596.000000
677.000000
631.000000
640.000000
736.000000
601.000000
533.000000
751.000000
1092.000000
881.000000
673.000000
556.000000
419.000000
382.000000
298.000000
266.000000
239.000000
281.000000
373.000000
405.000000
423.000000
538.000000
566.000000
589.000000
558.000000
573.000000
667.000000
680.000000
668.000000
688.000000
528.000000
916.000000
741.000000
730.000000
607.000000
612.000000
519.000000
416.000000
326.000000
250.000000
269.000000
306.000000
409.000000
452.000000
563.000000
638.000000
728.000000
701.000000
735.000000
763.000000
788.000000
818.000000
717.000000
720.000000
766.000000
814.000000
1218.000000
875.000000
993.000000
826.000000
658.000000
450.000000
393.000000
375.000000
318.000000
407.000000
476.000000
547.000000
752.000000
755.000000
818.000000
876.000000
807.000000
841.000000
914.000000
1055.000000
1118.000000
1088.000000
1141.000000
1308.000000
1174.000000
1103.000000
1179.000000
932.000000
857.000000
760.000000
545.000000
598.000000
473.000000
545.000000
734.000000
833.000000
1038.000000
1194.000000
1360.000000
1389.000000
1498.000000
1502.000000
1516.000000
1624.000000
1642.000000
1671.000000
1433.000000
1514.000000
1571.000000
1564.000000
1414.000000
1167.000000
905.000000
716.000000
592.000000
475.000000
493.000000
482.000000
586.000000
707.000000
826.000000
992.000000
1091.000000
1128.000000
1275.000000
1187.000000
1204.000000
1218.000000
1190.000000
1186.000000
1273.000000
1224.000000
1220.000000
1300.000000
1160.000000
989.000000
776.000000
597.000000
507.000000
399.000000
398.000000
358.000000
432.000000
599.000000
672.000000
888.000000
938.000000
1091.000000
1058.000000
1145.000000
1101.000000
1172.000000
1118.000000
1198.000000
1025.000000
1090.000000
1087.000000
1025.000000
949.000000
808.000000
561.000000
437.000000
421.000000
386.000000
332.000000
386.000000
487.000000
608.000000
676.000000
773.000000
799.000000
809.000000
786.000000
833.000000
825.000000
808.000000
787.000000
695.000000
647.000000
631.000000
669.000000
647.000000
542.000000
539.000000
451.000000
350.000000
274.000000
278.000000
266.000000
303.000000
341.000000
472.000000
515.000000
525.000000
545.000000
611.000000
596.000000
646.000000
657.000000
700.000000
666.000000
659.000000
592.000000
584.000000
663.000000
796.000000
593.000000
530.000000
474.000000
320.000000
290.000000
242.000000
243.000000
237.000000
321.000000
357.000000
477.000000
554.000000
542.000000
581.000000
640.000000
621.000000
596.000000
648.000000
590.000000
549.000000
570.000000
535.000000
503.000000
559.000000
501.000000
445.000000
394.000000
311.000000
297.000000
281.000000
228.000000
264.000000
261.000000
404.000000
439.000000
498.000000
537.000000
527.000000
548.000000
610.000000
598.000000
563.000000
574.000000
554.000000
485.000000
536.000000
567.000000
532.000000
495.000000
476.000000
363.000000
292.000000
269.000000
272.000000
263.000000
268.000000
288.000000
363.000000
450.000000
526.000000
563.000000
586.000000
575.000000
628.000000
618.000000
628.000000
668.000000
630.000000
