344.000000
390.000000
358.000000
418.000000
441.000000
453.000000
496.000000
581.000000
417.000000
334.000000
246.000000
206.000000
183.000000
146.000000
154.000000
149.000000
177.000000
257.000000
334.000000
383.000000
398.000000
516.000000
404.000000
394.000000
417.000000
414.000000
319.000000
428.000000
523.000000
434.000000
837.000000
813.000000
425.000000
572.000000
358.000000
201.000000
184.000000
169.000000
150.000000
189.000000
257.000000
277.000000
403.000000
409.000000
476.000000
555.000000
480.000000
563.000000
501.000000
444.000000
430.000000
479.000000
2273.000000
2283.000000
1837.000000
852.000000
657.000000
496.000000
312.000000
257.000000
233.000000
238.000000
307.000000
412.000000
672.000000
657.000000
677.000000
855.000000
802.000000
795.000000
724.000000
666.000000
678.000000
691.000000
1064.000000
934.000000
1257.000000
1715.000000
1136.000000
653.000000
699.000000
484.000000
401.000000
273.000000
235.000000
262.000000
272.000000
398.000000
407.000000
528.000000
544.000000
710.000000
597.000000
818.000000
926.000000
861.000000
860.000000
874.000000
863.000000
1412.000000
1442.000000
1055.000000
1116.000000
775.000000
586.000000
466.000000
374.000000
276.000000
283.000000
303.000000
330.000000
526.000000
638.000000
682.000000
842.000000
998.000000
1179.000000
1254.000000
1167.000000
1013.000000
886.000000
795.000000
1039.000000
1394.000000
1017.000000
1395.000000
1438.000000
1117.000000
852.000000
578.000000
479.000000
363.000000
325.000000
360.000000
473.000000
693.000000
958.000000
1085.000000
1306.000000
2327.000000
2436.000000
1895.000000
1847.000000
1753.000000
1598.000000
1447.000000
1600.000000
1688.000000
1908.000000
2027.000000
2240.000000
2042.000000
2451.000000
1797.000000
1346.000000
1029.000000
972.000000
954.000000
1290.000000
1673.000000
2200.000000
2582.000000
2583.000000
2734.000000
2695.000000
2509.000000
3041.000000
3134.000000
3186.000000
3005.000000
2683.000000
2673.000000
2816.000000
2574.000000
2433.000000
2119.000000
1724.000000
1342.000000
1060.000000
878.000000
635.000000
620.000000
752.000000
1022.000000
1379.000000
1722.000000
2261.000000
2210.000000
2266.000000
2318.000000
2307.000000
2126.000000
2217.000000
2132.000000
2022.000000
2101.000000
2140.000000
2281.000000
1933.000000
1800.000000
1488.000000
1169.000000
842.000000
580.000000
480.000000
405.000000
501.000000
693.000000
944.000000
1086.000000
1297.000000
1455.000000
1605.000000
1636.000000
1663.000000
1758.000000
1614.000000
1713.000000
1819.000000
1894.000000
1842.000000
1811.000000
1474.000000
1316.000000
1050.000000
811.000000
619.000000
442.000000
422.000000
507.000000
676.000000
869.000000
1192.000000
1242.000000
1337.000000
1424.000000
1733.000000
1547.000000
1575.000000
1585.000000
1486.000000
1312.000000
1302.000000
1406.000000
1525.000000
1499.000000
1329.000000
1177.000000
888.000000
638.000000
484.000000
435.000000
345.000000
378.000000
512.000000
681.000000
769.000000
821.000000
913.000000
986.000000
959.000000
1072.000000
1021.000000
1004.000000
979.000000
997.000000
1049.000000
1131.000000
1088.000000
1114.000000
977.000000
820.000000
767.000000
494.000000
379.000000
301.000000
298.000000
333.000000
422.000000
537.000000
703.000000
710.000000
783.000000
856.000000
816.000000
781.000000
942.000000
833.000000
763.000000
783.000000
782.000000
873.000000
892.000000
904.000000
785.000000
710.000000
550.000000
377.000000
375.000000
282.000000
252.000000
248.000000
317.000000
398.000000
471.000000
555.000000
621.000000
714.000000
682.000000
645.000000
672.000000
746.000000
741.000000
704.000000
720.000000
761.000000
786.000000
748.000000
652.000000
552.000000
517.000000
337.000000
243.000000
259.000000
228.000000
202.000000
266.000000
398.000000
496.000000
585.000000
633.000000
690.000000
707.000000
765.000000
722.000000
766.000000
678.000000
