873.000000
753.000000
633.000000
515.000000
461.000000
442.000000
405.000000
387.000000
420.000000
415.000000
448.000000
474.000000
503.000000
585.000000
590.000000
584.000000
512.000000
605.000000
706.000000
718.000000
716.000000
665.000000
677.000000
595.000000
627.000000
550.000000
592.000000
534.000000
391.000000
394.000000
461.000000
416.000000
419.000000
536.000000
516.000000
553.000000
492.000000
554.000000
723.000000
742.000000
682.000000
703.000000
861.000000
791.000000
906.000000
940.000000
808.000000
710.000000
1011.000000
814.000000
610.000000
680.000000
578.000000
424.000000
476.000000
431.000000
457.000000
528.000000
528.000000
756.000000
891.000000
967.000000
937.000000
948.000000
885.000000
898.000000
811.000000
921.000000
894.000000
842.000000
793.000000
963.000000
961.000000
1178.000000
733.000000
747.000000
664.000000
498.000000
400.000000
430.000000
458.000000
543.000000
564.000000
562.000000
723.000000
792.000000
815.000000
785.000000
862.000000
858.000000
925.000000
989.000000
944.000000
1051.000000
910.000000
1171.000000
1315.000000
1060.000000
962.000000
904.000000
679.000000
600.000000
511.000000
452.000000
415.000000
469.000000
643.000000
795.000000
925.000000
954.000000
1053.000000
1008.000000
1016.000000
987.000000
1051.000000
1227.000000
1108.000000
1061.000000
1177.000000
1200.000000
1284.000000
1122.000000
1033.000000
1037.000000
763.000000
585.000000
630.000000
525.000000
603.000000
699.000000
859.000000
924.000000
1166.000000
1266.000000
1373.000000
1314.000000
1418.000000
1524.000000
1553.000000
1373.000000
1357.000000
1347.000000
1417.000000
1681.000000
2011.000000
1863.000000
1797.000000
2008.000000
1280.000000
1095.000000
1033.000000
811.000000
830.000000
971.000000
1160.000000
1585.000000
1842.000000
1939.000000
2178.000000
2086.000000
2150.000000
2088.000000
2132.000000
2189.000000
2328.000000
2176.000000
2316.000000
2244.000000
2360.000000
2336.000000
2208.000000
2133.000000
1667.000000
1290.000000
1103.000000
920.000000
728.000000
709.000000
860.000000
998.000000
1300.000000
1396.000000
1567.000000
1565.000000
1599.000000
1614.000000
1653.000000
1747.000000
1914.000000
2009.000000
1964.000000
1852.000000
1982.000000
2012.000000
1883.000000
1862.000000
1468.000000
1191.000000
854.000000
743.000000
619.000000
639.000000
723.000000
836.000000
1170.000000
1307.000000
1337.000000
1488.000000
1664.000000
1766.000000
1752.000000
1726.000000
1629.000000
1695.000000
1765.000000
1695.000000
1725.000000
1775.000000
1514.000000
1357.000000
1062.000000
819.000000
724.000000
552.000000
573.000000
688.000000
756.000000
1015.000000
1153.000000
1244.000000
1343.000000
1336.000000
1331.000000
1247.000000
1269.000000
1191.000000
1194.000000
978.000000
1037.000000
931.000000
1069.000000
1035.000000
912.000000
777.000000
717.000000
534.000000
492.000000
447.000000
387.000000
418.000000
543.000000
619.000000
731.000000
809.000000
800.000000
801.000000
875.000000
885.000000
907.000000
953.000000
938.000000
796.000000
887.000000
829.000000
932.000000
966.000000
891.000000
848.000000
623.000000
528.000000
438.000000
374.000000
357.000000
373.000000
476.000000
583.000000
638.000000
705.000000
738.000000
781.000000
739.000000
725.000000
782.000000
827.000000
816.000000
755.000000
688.000000
650.000000
770.000000
811.000000
718.000000
591.000000
528.000000
406.000000
356.000000
325.000000
299.000000
356.000000
418.000000
439.000000
539.000000
516.000000
648.000000
653.000000
651.000000
681.000000
694.000000
712.000000
749.000000
673.000000
574.000000
637.000000
647.000000
691.000000
650.000000
598.000000
448.000000
392.000000
360.000000
313.000000
272.000000
317.000000
443.000000
503.000000
613.000000
691.000000
651.000000
666.000000
670.000000
727.000000
768.000000
831.000000
855.000000
825.000000
749.000000
793.000000
826.000000
