327.000000
322.000000
342.000000
288.000000
373.000000
327.000000
370.000000
320.000000
229.000000
207.000000
168.000000
154.000000
143.000000
133.000000
141.000000
188.000000
213.000000
273.000000
327.000000
339.000000
308.000000
400.000000
398.000000
393.000000
355.000000
399.000000
377.000000
353.000000
363.000000
381.000000
341.000000
327.000000
300.000000
205.000000
179.000000
157.000000
154.000000
108.000000
134.000000
169.000000
226.000000
307.000000
286.000000
296.000000
329.000000
374.000000
419.000000
388.000000
394.000000
337.000000
373.000000
371.000000
341.000000
353.000000
307.000000
339.000000
274.000000
238.000000
201.000000
167.000000
155.000000
124.000000
150.000000
201.000000
239.000000
283.000000
307.000000
370.000000
348.000000
362.000000
338.000000
403.000000
404.000000
371.000000
375.000000
522.000000
429.000000
463.000000
332.000000
314.000000
340.000000
262.000000
202.000000
165.000000
162.000000
142.000000
197.000000
220.000000
280.000000
306.000000
409.000000
395.000000
468.000000
467.000000
431.000000
455.000000
517.000000
493.000000
438.000000
504.000000
521.000000
404.000000
407.000000
378.000000
286.000000
251.000000
216.000000
175.000000
141.000000
183.000000
191.000000
256.000000
306.000000
314.000000
351.000000
437.000000
471.000000
504.000000
450.000000
501.000000
587.000000
584.000000
532.000000
638.000000
540.000000
574.000000
571.000000
440.000000
394.000000
343.000000
266.000000
253.000000
181.000000
213.000000
269.000000
383.000000
523.000000
620.000000
696.000000
761.000000
849.000000
870.000000
836.000000
928.000000
928.000000
880.000000
885.000000
952.000000
1256.000000
1294.000000
1185.000000
965.000000
900.000000
718.000000
518.000000
483.000000
466.000000
457.000000
553.000000
747.000000
913.000000
1123.000000
1287.000000
1384.000000
1351.000000
1458.000000
1495.000000
1552.000000
1563.000000
1533.000000
1549.000000
1443.000000
1456.000000
1521.000000
1406.000000
1139.000000
1031.000000
776.000000
625.000000
532.000000
422.000000
418.000000
420.000000
537.000000
676.000000
795.000000
939.000000
1112.000000
1291.000000
1167.000000
1166.000000
1120.000000
1132.000000
1052.000000
1143.000000
1136.000000
1098.000000
1113.000000
1132.000000
1015.000000
791.000000
617.000000
478.000000
439.000000
398.000000
334.000000
349.000000
403.000000
503.000000
575.000000
838.000000
1051.000000
1223.000000
1241.000000
1301.000000
1148.000000
1259.000000
1261.000000
1216.000000
1294.000000
1137.000000
1272.000000
1078.000000
1071.000000
816.000000
656.000000
523.000000
445.000000
363.000000
398.000000
435.000000
593.000000
646.000000
760.000000
816.000000
883.000000
941.000000
947.000000
1007.000000
997.000000
1019.000000
934.000000
962.000000
953.000000
911.000000
889.000000
850.000000
701.000000
679.000000
461.000000
374.000000
328.000000
329.000000
317.000000
298.000000
406.000000
414.000000
502.000000
631.000000
647.000000
754.000000
713.000000
717.000000
830.000000
858.000000
738.000000
686.000000
707.000000
704.000000
715.000000
701.000000
593.000000
529.000000
391.000000
322.000000
302.000000
249.000000
236.000000
264.000000
317.000000
337.000000
449.000000
474.000000
540.000000
750.000000
683.000000
703.000000
742.000000
671.000000
654.000000
653.000000
637.000000
668.000000
652.000000
602.000000
505.000000
401.000000
326.000000
313.000000
277.000000
236.000000
233.000000
268.000000
295.000000
378.000000
396.000000
463.000000
500.000000
501.000000
492.000000
576.000000
582.000000
558.000000
570.000000
489.000000
508.000000
574.000000
592.000000
517.000000
479.000000
416.000000
321.000000
302.000000
262.000000
194.000000
207.000000
222.000000
253.000000
289.000000
374.000000
403.000000
474.000000
480.000000
478.000000
500.000000
657.000000
672.000000
