597.000000
602.000000
595.000000
717.000000
829.000000
773.000000
885.000000
879.000000
852.000000
869.000000
886.000000
955.000000
1083.000000
1082.000000
1361.000000
1272.000000
1384.000000
1418.000000
1251.000000
1056.000000
817.000000
630.000000
553.000000
616.000000
543.000000
719.000000
781.000000
1071.000000
945.000000
937.000000
1107.000000
981.000000
1007.000000
1027.000000
1103.000000
1146.000000
1252.000000
1305.000000
1331.000000
1340.000000
1353.000000
1374.000000
1390.000000
1237.000000
917.000000
913.000000
1181.000000
856.000000
779.000000
818.000000
855.000000
1670.000000
1439.000000
1008.000000
896.000000
909.000000
974.000000
914.000000
994.000000
1090.000000
983.000000
1173.000000
1119.000000
1225.000000
1258.000000
1251.000000
986.000000
911.000000
927.000000
941.000000
844.000000
790.000000
744.000000
710.000000
906.000000
848.000000
1386.000000
892.000000
840.000000
863.000000
873.000000
867.000000
906.000000
927.000000
1188.000000
1122.000000
1155.000000
1236.000000
1167.000000
1171.000000
1084.000000
939.000000
955.000000
986.000000
883.000000
940.000000
861.000000
926.000000
1057.000000
920.000000
1079.000000
1021.000000
903.000000
986.000000
917.000000
971.000000
1051.000000
1035.000000
1058.000000
1004.000000
1152.000000
1263.000000
1256.000000
1227.000000
1174.000000
1111.000000
1165.000000
1047.000000
1129.000000
1021.000000
867.000000
1308.000000
1165.000000
1110.000000
1232.000000
1286.000000
1139.000000
1028.000000
1109.000000
1028.000000
1223.000000
1185.000000
1151.000000
1274.000000
1345.000000
1445.000000
1605.000000
1838.000000
1772.000000
1619.000000
1638.000000
1519.000000
1657.000000
1527.000000
1418.000000
1513.000000
1473.000000
1436.000000
1602.000000
1666.000000
1352.000000
1264.000000
1275.000000
1310.000000
1414.000000
1335.000000
1425.000000
1725.000000
1988.000000
2244.000000
2451.000000
2358.000000
2440.000000
2685.000000
2879.000000
2678.000000
2645.000000
2603.000000
3680.000000
2386.000000
2063.000000
2728.000000
2212.000000
2022.000000
1892.000000
2105.000000
1826.000000
1677.000000
1793.000000
1702.000000
1894.000000
1897.000000
2221.000000
2345.000000
2432.000000
2635.000000
2756.000000
2669.000000
2624.000000
2697.000000
2440.000000
2361.000000
2459.000000
2149.000000
2117.000000
2016.000000
2163.000000
1987.000000
1804.000000
1665.000000
1509.000000
1484.000000
1440.000000
1422.000000
1504.000000
1621.000000
1661.000000
1873.000000
2025.000000
2151.000000
2273.000000
2357.000000
2456.000000
2306.000000
2052.000000
2130.000000
2014.000000
1782.000000
1800.000000
1919.000000
1879.000000
1697.000000
1529.000000
1429.000000
1305.000000
1194.000000
1238.000000
1287.000000
1347.000000
1497.000000
1681.000000
1840.000000
2029.000000
2005.000000
1933.000000
1887.000000
1873.000000
1912.000000
1739.000000
1554.000000
1457.000000
1340.000000
1160.000000
1148.000000
1153.000000
1067.000000
1027.000000
1026.000000
1033.000000
994.000000
965.000000
1058.000000
1128.000000
1119.000000
1224.000000
1346.000000
1415.000000
1475.000000
1386.000000
1424.000000
1369.000000
1417.000000
1291.000000
1193.000000
1160.000000
1086.000000
1274.000000
2092.000000
2725.000000
2253.000000
1921.000000
1597.000000
1441.000000
1320.000000
1191.000000
1063.000000
1161.000000
1295.000000
1399.000000
1631.000000
1602.000000
1543.000000
1450.000000
1428.000000
1525.000000
1397.000000
1327.000000
1199.000000
1080.000000
921.000000
942.000000
1053.000000
944.000000
978.000000
964.000000
905.000000
861.000000
912.000000
879.000000
906.000000
874.000000
990.000000
1077.000000
1246.000000
1146.000000
1145.000000
1233.000000
1208.000000
1142.000000
1078.000000
1025.000000
914.000000
852.000000
798.000000
714.000000
793.000000
776.000000
812.000000
907.000000
960.000000
861.000000
972.000000
957.000000
1093.000000
1063.000000
990.000000
1082.000000
1188.000000
1139.000000
1189.000000
1198.000000
1163.000000
1104.000000
1044.000000
954.000000
875.000000
763.000000
