2993.000000
3033.000000
2924.000000
2957.000000
2662.000000
2641.000000
2487.000000
2369.000000
2183.000000
2067.000000
2267.000000
2277.000000
2397.000000
2171.000000
2056.000000
1839.000000
2368.000000
2350.000000
3027.000000
2583.000000
2460.000000
2409.000000
2386.000000
2470.000000
2550.000000
2690.000000
2572.000000
2668.000000
2627.000000
2746.000000
2580.000000
2271.000000
2227.000000
2427.000000
2266.000000
2580.000000
2314.000000
2463.000000
2050.000000
1875.000000
1867.000000
1836.000000
1766.000000
1782.000000
1953.000000
2189.000000
2418.000000
2493.000000
2768.000000
2950.000000
2851.000000
5899.000000
3156.000000
2926.000000
2942.000000
3316.000000
3173.000000
2969.000000
3379.000000
2874.000000
2399.000000
2082.000000
2051.000000
1848.000000
1818.000000
1895.000000
1917.000000
1962.000000
2045.000000
2262.000000
2580.000000
2667.000000
2767.000000
2899.000000
2818.000000
3307.000000
2754.000000
2480.000000
2355.000000
2182.000000
2115.000000
2609.000000
3009.000000
2430.000000
2229.000000
2128.000000
1949.000000
1832.000000
1866.000000
1846.000000
1949.000000
2025.000000
2249.000000
2710.000000
2616.000000
2847.000000
3027.000000
3299.000000
3588.000000
3462.000000
3326.000000
3724.000000
3900.000000
3308.000000
3171.000000
3729.000000
4490.000000
4188.000000
4088.000000
3733.000000
3596.000000
3567.000000
3643.000000
3749.000000
3902.000000
4192.000000
4546.000000
5034.000000
5376.000000
5936.000000
5870.000000
5509.000000
5166.000000
5008.000000
4993.000000
4943.000000
5208.000000
4918.000000
4752.000000
4950.000000
5341.000000
5367.000000
5070.000000
5207.000000
5137.000000
5107.000000
5302.000000
5377.000000
6027.000000
6315.000000
7125.000000
8389.000000
8981.000000
8843.000000
9124.000000
8446.000000
7806.000000
7590.000000
7475.000000
7483.000000
7545.000000
7677.000000
8154.000000
9044.000000
10371.000000
11538.000000
10969.000000
10803.000000
10149.000000
9649.000000
9291.000000
8935.000000
9253.000000
10179.000000
11867.000000
13645.000000
14266.000000
14628.000000
15795.000000
14718.000000
13555.000000
12334.000000
12119.000000
12710.000000
12972.000000
12624.000000
11178.000000
10851.000000
11800.000000
12696.000000
12886.000000
12297.000000
12012.000000
10860.000000
10490.000000
10247.000000
9955.000000
10107.000000
11126.000000
12352.000000
13209.000000
13777.000000
14523.000000
13935.000000
12847.000000
12601.000000
12237.000000
12467.000000
13117.000000
13143.000000
12068.000000
11490.000000
11963.000000
12919.000000
12475.000000
11962.000000
11468.000000
10079.000000
10163.000000
9644.000000
9620.000000
10095.000000
10520.000000
11402.000000
11711.000000
12488.000000
14165.000000
13092.000000
12623.000000
12283.000000
12257.000000
12029.000000
12231.000000
11788.000000
10801.000000
10577.000000
10772.000000
10863.000000
9598.000000
9019.000000
8348.000000
7234.000000
7149.000000
6973.000000
6884.000000
6979.000000
7768.000000
8856.000000
9448.000000
9458.000000
9441.000000
8850.000000
8769.000000
8756.000000
8113.000000
7836.000000
7362.000000
6924.000000
6380.000000
6165.000000
6565.000000
6649.000000
6241.000000
6164.000000
5901.000000
5468.000000
5483.000000
5255.000000
5283.000000
5560.000000
5813.000000
6726.000000
7142.000000
7266.000000
7168.000000
6896.000000
6516.000000
6369.000000
6316.000000
6395.000000
6473.000000
6256.000000
5594.000000
5406.000000
6404.000000
6722.000000
6597.000000
6415.000000
5880.000000
5145.000000
4890.000000
4598.000000
4339.000000
4286.000000
5226.000000
5544.000000
5652.000000
5753.000000
5859.000000
5531.000000
5108.000000
5204.000000
5257.000000
5130.000000
5707.000000
5422.000000
4883.000000
4709.000000
5159.000000
5396.000000
5023.000000
4909.000000
4629.000000
4090.000000
3754.000000
3653.000000
3532.000000
3604.000000
3876.000000
4104.000000
4547.000000
4834.000000
5165.000000
4837.000000
4472.000000
4881.000000
4427.000000
4610.000000
4747.000000
4505.000000
4611.000000
4748.000000
4807.000000
5117.000000
4690.000000
4440.000000
4205.000000
3616.000000
3423.000000
3352.000000
3402.000000
3530.000000
3815.000000
4440.000000
5040.000000
5191.000000
5034.000000
