328.000000
299.000000
305.000000
314.000000
286.000000
368.000000
311.000000
360.000000
283.000000
299.000000
283.000000
234.000000
186.000000
144.000000
143.000000
130.000000
164.000000
178.000000
231.000000
272.000000
219.000000
263.000000
289.000000
310.000000
300.000000
349.000000
363.000000
389.000000
380.000000
325.000000
379.000000
350.000000
402.000000
329.000000
283.000000
212.000000
189.000000
172.000000
141.000000
139.000000
159.000000
171.000000
213.000000
264.000000
322.000000
354.000000
374.000000
435.000000
498.000000
432.000000
323.000000
485.000000
1006.000000
421.000000
394.000000
411.000000
475.000000
547.000000
331.000000
259.000000
206.000000
175.000000
162.000000
168.000000
216.000000
188.000000
222.000000
336.000000
373.000000
315.000000
382.000000
332.000000
373.000000
344.000000
360.000000
366.000000
379.000000
407.000000
510.000000
466.000000
705.000000
357.000000
523.000000
305.000000
241.000000
196.000000
183.000000
211.000000
213.000000
307.000000
258.000000
316.000000
372.000000
378.000000
432.000000
441.000000
534.000000
446.000000
466.000000
446.000000
391.000000
444.000000
459.000000
549.000000
449.000000
399.000000
347.000000
284.000000
264.000000
218.000000
215.000000
218.000000
219.000000
239.000000
302.000000
386.000000
356.000000
477.000000
522.000000
490.000000
505.000000
562.000000
505.000000
508.000000
540.000000
580.000000
566.000000
641.000000
574.000000
705.000000
516.000000
474.000000
412.000000
331.000000
316.000000
310.000000
357.000000
458.000000
616.000000
632.000000
712.000000
718.000000
776.000000
799.000000
780.000000
894.000000
870.000000
872.000000
899.000000
931.000000
868.000000
1056.000000
1071.000000
963.000000
945.000000
907.000000
730.000000
570.000000
499.000000
540.000000
574.000000
736.000000
912.000000
1116.000000
1403.000000
1602.000000
1633.000000
1694.000000
1993.000000
1970.000000
1852.000000
1784.000000
1681.000000
1690.000000
1543.000000
1764.000000
1955.000000
1729.000000
1658.000000
1538.000000
1192.000000
950.000000
832.000000
645.000000
610.000000
757.000000
997.000000
1193.000000
1317.000000
1516.000000
1503.000000
1804.000000
1726.000000
1751.000000
1757.000000
1712.000000
1695.000000
1794.000000
1632.000000
1870.000000
1822.000000
1700.000000
1599.000000
1473.000000
1163.000000
986.000000
824.000000
648.000000
688.000000
781.000000
952.000000
1190.000000
1266.000000
1546.000000
1637.000000
1557.000000
1785.000000
1953.000000
1735.000000
1410.000000
1605.000000
1771.000000
1568.000000
1671.000000
1580.000000
1552.000000
1362.000000
1244.000000
980.000000
867.000000
797.000000
732.000000
764.000000
902.000000
1014.000000
1328.000000
1370.000000
1424.000000
1322.000000
1320.000000
1319.000000
1202.000000
1223.000000
1101.000000
1152.000000
1026.000000
1082.000000
1109.000000
1030.000000
1009.000000
873.000000
887.000000
605.000000
591.000000
567.000000
473.000000
506.000000
622.000000
754.000000
806.000000
789.000000
813.000000
915.000000
876.000000
904.000000
1156.000000
1014.000000
962.000000
941.000000
902.000000
810.000000
993.000000
1078.000000
872.000000
837.000000
788.000000
636.000000
596.000000
517.000000
470.000000
478.000000
489.000000
645.000000
676.000000
787.000000
726.000000
812.000000
746.000000
826.000000
841.000000
1011.000000
819.000000
803.000000
809.000000
814.000000
910.000000
833.000000
768.000000
703.000000
575.000000
452.000000
437.000000
399.000000
412.000000
405.000000
476.000000
593.000000
643.000000
600.000000
666.000000
766.000000
735.000000
739.000000
745.000000
781.000000
694.000000
651.000000
608.000000
639.000000
717.000000
757.000000
696.000000
598.000000
566.000000
489.000000
380.000000
363.000000
375.000000
347.000000
435.000000
551.000000
552.000000
588.000000
714.000000
794.000000
725.000000
738.000000
