1135.000000
823.000000
727.000000
735.000000
840.000000
669.000000
690.000000
560.000000
441.000000
364.000000
325.000000
221.000000
273.000000
234.000000
259.000000
315.000000
414.000000
475.000000
564.000000
584.000000
619.000000
671.000000
671.000000
2374.000000
1073.000000
785.000000
824.000000
819.000000
806.000000
793.000000
761.000000
590.000000
508.000000
401.000000
322.000000
247.000000
249.000000
264.000000
304.000000
356.000000
411.000000
564.000000
539.000000
622.000000
666.000000
714.000000
679.000000
662.000000
986.000000
920.000000
854.000000
1159.000000
905.000000
969.000000
687.000000
530.000000
449.000000
387.000000
352.000000
298.000000
317.000000
388.000000
434.000000
459.000000
556.000000
620.000000
648.000000
729.000000
706.000000
811.000000
776.000000
1033.000000
1167.000000
867.000000
953.000000
725.000000
1278.000000
1024.000000
642.000000
665.000000
555.000000
396.000000
364.000000
365.000000
333.000000
358.000000
422.000000
456.000000
606.000000
654.000000
809.000000
773.000000
864.000000
891.000000
940.000000
1041.000000
1067.000000
957.000000
1087.000000
912.000000
1101.000000
1008.000000
830.000000
750.000000
643.000000
546.000000
470.000000
409.000000
353.000000
389.000000
556.000000
634.000000
830.000000
979.000000
1090.000000
1109.000000
1136.000000
1266.000000
1213.000000
1548.000000
1493.000000
1280.000000
1326.000000
1335.000000
1691.000000
1433.000000
1184.000000
1187.000000
823.000000
706.000000
529.000000
492.000000
597.000000
542.000000
735.000000
1011.000000
2435.000000
2337.000000
2305.000000
2562.000000
2330.000000
2288.000000
2419.000000
2373.000000
2319.000000
2420.000000
2179.000000
2405.000000
2627.000000
2263.000000
2114.000000
1712.000000
1465.000000
1261.000000
1061.000000
972.000000
873.000000
1001.000000
1361.000000
1907.000000
2198.000000
2468.000000
2570.000000
2860.000000
3009.000000
3059.000000
3406.000000
3617.000000
3926.000000
3891.000000
3694.000000
3392.000000
3878.000000
3874.000000
3445.000000
2806.000000
2251.000000
1616.000000
1254.000000
1038.000000
928.000000
883.000000
1060.000000
1343.000000
1677.000000
2258.000000
2563.000000
3108.000000
3212.000000
3198.000000
3290.000000
3267.000000
3294.000000
3168.000000
3259.000000
3045.000000
3139.000000
3083.000000
2785.000000
2497.000000
1888.000000
1397.000000
1031.000000
784.000000
676.000000
689.000000
793.000000
1068.000000
1228.000000
1511.000000
1812.000000
1985.000000
2354.000000
2392.000000
2332.000000
2514.000000
2565.000000
2663.000000
2462.000000
2359.000000
2566.000000
2403.000000
2227.000000
1798.000000
1540.000000
1055.000000
893.000000
848.000000
696.000000
839.000000
1002.000000
1254.000000
1402.000000
1673.000000
1851.000000
1870.000000
1874.000000
1900.000000
1941.000000
1857.000000
1793.000000
1771.000000
1630.000000
1612.000000
1683.000000
1770.000000
1496.000000
1274.000000
959.000000
815.000000
685.000000
589.000000
494.000000
623.000000
855.000000
1026.000000
1212.000000
1288.000000
1421.000000
1433.000000
1475.000000
1348.000000
1390.000000
1450.000000
1299.000000
1343.000000
1258.000000
1283.000000
1359.000000
1226.000000
1121.000000
995.000000
830.000000
549.000000
483.000000
463.000000
426.000000
471.000000
599.000000
732.000000
825.000000
990.000000
1028.000000
1081.000000
973.000000
983.000000
991.000000
1014.000000
932.000000
922.000000
897.000000
964.000000
962.000000
925.000000
888.000000
771.000000
575.000000
488.000000
429.000000
418.000000
409.000000
483.000000
527.000000
599.000000
668.000000
802.000000
830.000000
852.000000
803.000000
852.000000
856.000000
886.000000
848.000000
763.000000
752.000000
698.000000
801.000000
710.000000
716.000000
618.000000
522.000000
430.000000
422.000000
451.000000
375.000000
405.000000
459.000000
526.000000
659.000000
723.000000
652.000000
683.000000
769.000000
727.000000
719.000000
779.000000
789.000000
