314.000000
289.000000
305.000000
286.000000
281.000000
226.000000
184.000000
123.000000
126.000000
134.000000
116.000000
144.000000
164.000000
163.000000
245.000000
245.000000
248.000000
291.000000
249.000000
264.000000
324.000000
290.000000
242.000000
273.000000
264.000000
302.000000
273.000000
258.000000
286.000000
228.000000
229.000000
153.000000
157.000000
114.000000
131.000000
136.000000
181.000000
175.000000
227.000000
254.000000
243.000000
256.000000
275.000000
290.000000
277.000000
334.000000
276.000000
254.000000
306.000000
278.000000
270.000000
252.000000
222.000000
179.000000
158.000000
126.000000
136.000000
130.000000
126.000000
125.000000
159.000000
184.000000
220.000000
243.000000
235.000000
251.000000
261.000000
284.000000
244.000000
260.000000
253.000000
250.000000
231.000000
246.000000
250.000000
194.000000
199.000000
163.000000
162.000000
145.000000
119.000000
101.000000
129.000000
110.000000
156.000000
190.000000
205.000000
276.000000
221.000000
276.000000
256.000000
254.000000
225.000000
284.000000
185.000000
202.000000
227.000000
220.000000
255.000000
220.000000
174.000000
162.000000
153.000000
146.000000
116.000000
107.000000
117.000000
125.000000
157.000000
153.000000
166.000000
231.000000
183.000000
209.000000
211.000000
272.000000
276.000000
197.000000
235.000000
230.000000
222.000000
262.000000
249.000000
220.000000
210.000000
181.000000
146.000000
126.000000
135.000000
135.000000
152.000000
155.000000
184.000000
183.000000
243.000000
260.000000
257.000000
238.000000
262.000000
255.000000
296.000000
289.000000
267.000000
360.000000
378.000000
360.000000
294.000000
273.000000
294.000000
325.000000
311.000000
287.000000
245.000000
255.000000
337.000000
300.000000
392.000000
486.000000
529.000000
660.000000
630.000000
600.000000
614.000000
629.000000
605.000000
665.000000
578.000000
856.000000
889.000000
782.000000
653.000000
617.000000
587.000000
559.000000
442.000000
398.000000
349.000000
338.000000
330.000000
388.000000
403.000000
490.000000
515.000000
540.000000
608.000000
629.000000
676.000000
861.000000
869.000000
728.000000
671.000000
636.000000
586.000000
647.000000
560.000000
619.000000
598.000000
454.000000
453.000000
359.000000
348.000000
312.000000
288.000000
349.000000
386.000000
422.000000
484.000000
552.000000
560.000000
654.000000
618.000000
666.000000
583.000000
585.000000
539.000000
572.000000
639.000000
599.000000
502.000000
500.000000
448.000000
418.000000
354.000000
303.000000
265.000000
278.000000
248.000000
320.000000
387.000000
419.000000
529.000000
476.000000
473.000000
505.000000
515.000000
519.000000
494.000000
503.000000
470.000000
487.000000
545.000000
510.000000
516.000000
446.000000
438.000000
368.000000
294.000000
243.000000
220.000000
241.000000
228.000000
265.000000
302.000000
282.000000
361.000000
403.000000
439.000000
417.000000
419.000000
417.000000
499.000000
473.000000
475.000000
405.000000
426.000000
472.000000
471.000000
465.000000
383.000000
395.000000
281.000000
230.000000
203.000000
238.000000
231.000000
248.000000
251.000000
321.000000
336.000000
350.000000
427.000000
511.000000
447.000000
515.000000
471.000000
405.000000
421.000000
401.000000
430.000000
425.000000
380.000000
401.000000
302.000000
260.000000
232.000000
225.000000
214.000000
182.000000
191.000000
216.000000
302.000000
301.000000
374.000000
371.000000
333.000000
379.000000
373.000000
450.000000
428.000000
411.000000
361.000000
397.000000
374.000000
422.000000
428.000000
326.000000
343.000000
356.000000
279.000000
205.000000
188.000000
229.000000
225.000000
241.000000
246.000000
270.000000
335.000000
320.000000
322.000000
331.000000
301.000000
367.000000
398.000000
436.000000
334.000000
371.000000
378.000000
