291.000000
225.000000
195.000000
200.000000
172.000000
174.000000
136.000000
98.000000
158.000000
102.000000
117.000000
130.000000
174.000000
167.000000
200.000000
249.000000
252.000000
250.000000
251.000000
266.000000
240.000000
245.000000
304.000000
235.000000
273.000000
296.000000
257.000000
277.000000
200.000000
151.000000
154.000000
191.000000
148.000000
149.000000
148.000000
136.000000
162.000000
204.000000
191.000000
243.000000
241.000000
345.000000
278.000000
257.000000
300.000000
273.000000
263.000000
277.000000
256.000000
229.000000
240.000000
222.000000
204.000000
197.000000
189.000000
264.000000
211.000000
157.000000
166.000000
164.000000
185.000000
209.000000
184.000000
221.000000
260.000000
242.000000
275.000000
255.000000
256.000000
339.000000
292.000000
393.000000
365.000000
360.000000
339.000000
554.000000
288.000000
217.000000
245.000000
249.000000
200.000000
193.000000
220.000000
261.000000
314.000000
327.000000
336.000000
289.000000
352.000000
341.000000
391.000000
358.000000
349.000000
363.000000
392.000000
393.000000
397.000000
428.000000
374.000000
338.000000
312.000000
261.000000
208.000000
286.000000
222.000000
209.000000
266.000000
231.000000
250.000000
323.000000
305.000000
315.000000
697.000000
437.000000
521.000000
452.000000
415.000000
410.000000
437.000000
433.000000
457.000000
493.000000
484.000000
420.000000
333.000000
312.000000
264.000000
223.000000
263.000000
212.000000
283.000000
368.000000
371.000000
430.000000
468.000000
487.000000
539.000000
564.000000
583.000000
594.000000
556.000000
630.000000
675.000000
730.000000
709.000000
757.000000
659.000000
568.000000
544.000000
411.000000
343.000000
355.000000
334.000000
391.000000
497.000000
578.000000
744.000000
754.000000
986.000000
842.000000
889.000000
943.000000
1022.000000
994.000000
1082.000000
1019.000000
1128.000000
1177.000000
1237.000000
1155.000000
1049.000000
971.000000
824.000000
609.000000
538.000000
478.000000
367.000000
424.000000
518.000000
643.000000
688.000000
843.000000
833.000000
865.000000
864.000000
844.000000
860.000000
922.000000
893.000000
871.000000
933.000000
936.000000
953.000000
1002.000000
830.000000
832.000000
648.000000
542.000000
460.000000
364.000000
330.000000
326.000000
414.000000
470.000000
581.000000
617.000000
687.000000
737.000000
786.000000
870.000000
833.000000
966.000000
880.000000
860.000000
913.000000
857.000000
877.000000
875.000000
742.000000
625.000000
460.000000
419.000000
334.000000
361.000000
289.000000
331.000000
340.000000
422.000000
516.000000
506.000000
571.000000
588.000000
576.000000
543.000000
576.000000
535.000000
562.000000
444.000000
491.000000
532.000000
508.000000
481.000000
467.000000
366.000000
345.000000
273.000000
202.000000
248.000000
206.000000
257.000000
273.000000
289.000000
358.000000
392.000000
371.000000
427.000000
384.000000
390.000000
438.000000
446.000000
437.000000
430.000000
476.000000
481.000000
492.000000
497.000000
462.000000
446.000000
431.000000
289.000000
318.000000
212.000000
194.000000
228.000000
247.000000
296.000000
285.000000
395.000000
362.000000
339.000000
367.000000
332.000000
364.000000
396.000000
353.000000
418.000000
450.000000
428.000000
397.000000
439.000000
412.000000
353.000000
275.000000
243.000000
178.000000
276.000000
250.000000
212.000000
223.000000
234.000000
284.000000
294.000000
296.000000
287.000000
313.000000
292.000000
328.000000
356.000000
326.000000
300.000000
376.000000
344.000000
362.000000
421.000000
315.000000
348.000000
279.000000
242.000000
192.000000
189.000000
171.000000
197.000000
243.000000
271.000000
314.000000
326.000000
328.000000
348.000000
368.000000
401.000000
398.000000
436.000000
421.000000
424.000000
413.000000
477.000000
455.000000
