354.000000
332.000000
320.000000
275.000000
229.000000
211.000000
151.000000
140.000000
113.000000
139.000000
128.000000
176.000000
219.000000
242.000000
251.000000
295.000000
305.000000
331.000000
326.000000
454.000000
366.000000
306.000000
315.000000
288.000000
264.000000
331.000000
385.000000
254.000000
219.000000
183.000000
161.000000
129.000000
115.000000
145.000000
129.000000
169.000000
177.000000
218.000000
242.000000
265.000000
276.000000
328.000000
309.000000
332.000000
309.000000
306.000000
344.000000
406.000000
420.000000
388.000000
377.000000
287.000000
259.000000
226.000000
163.000000
173.000000
138.000000
141.000000
178.000000
299.000000
451.000000
322.000000
373.000000
345.000000
373.000000
386.000000
405.000000
385.000000
362.000000
300.000000
321.000000
654.000000
560.000000
510.000000
453.000000
362.000000
317.000000
251.000000
200.000000
205.000000
172.000000
175.000000
219.000000
283.000000
393.000000
416.000000
442.000000
389.000000
370.000000
347.000000
376.000000
365.000000
367.000000
578.000000
402.000000
467.000000
417.000000
520.000000
425.000000
440.000000
332.000000
293.000000
300.000000
270.000000
210.000000
226.000000
265.000000
309.000000
380.000000
428.000000
419.000000
442.000000
399.000000
396.000000
488.000000
473.000000
399.000000
389.000000
536.000000
553.000000
514.000000
651.000000
530.000000
498.000000
462.000000
425.000000
359.000000
269.000000
313.000000
282.000000
351.000000
414.000000
512.000000
533.000000
553.000000
1311.000000
1470.000000
1209.000000
1114.000000
1113.000000
1072.000000
1083.000000
1218.000000
1311.000000
1276.000000
1118.000000
1230.000000
1245.000000
974.000000
742.000000
712.000000
568.000000
539.000000
584.000000
730.000000
908.000000
1213.000000
1305.000000
1321.000000
1461.000000
1486.000000
1628.000000
1589.000000
1652.000000
1909.000000
1835.000000
1774.000000
1866.000000
2463.000000
2385.000000
2129.000000
1762.000000
1530.000000
1162.000000
1024.000000
720.000000
666.000000
709.000000
824.000000
1053.000000
1274.000000
1483.000000
1604.000000
1641.000000
1511.000000
1540.000000
1389.000000
1380.000000
1317.000000
1385.000000
1403.000000
1340.000000
1428.000000
1453.000000
1362.000000
1177.000000
1060.000000
808.000000
617.000000
495.000000
457.000000
422.000000
505.000000
600.000000
791.000000
880.000000
1048.000000
1112.000000
1123.000000
1093.000000
1160.000000
1139.000000
1102.000000
1136.000000
1284.000000
1473.000000
1396.000000
1412.000000
1423.000000
1176.000000
974.000000
800.000000
579.000000
464.000000
458.000000
490.000000
553.000000
758.000000
792.000000
959.000000
967.000000
974.000000
984.000000
961.000000
996.000000
925.000000
892.000000
883.000000
830.000000
860.000000
891.000000
988.000000
839.000000
735.000000
636.000000
510.000000
438.000000
320.000000
284.000000
368.000000
377.000000
444.000000
563.000000
632.000000
693.000000
729.000000
730.000000
735.000000
760.000000
760.000000
722.000000
689.000000
727.000000
714.000000
806.000000
772.000000
806.000000
676.000000
583.000000
454.000000
367.000000
316.000000
252.000000
326.000000
339.000000
413.000000
483.000000
607.000000
612.000000
628.000000
628.000000
650.000000
637.000000
634.000000
594.000000
567.000000
617.000000
601.000000
971.000000
1318.000000
1084.000000
858.000000
672.000000
562.000000
434.000000
377.000000
357.000000
341.000000
456.000000
494.000000
530.000000
607.000000
656.000000
672.000000
695.000000
641.000000
596.000000
648.000000
617.000000
585.000000
581.000000
551.000000
574.000000
567.000000
604.000000
462.000000
448.000000
370.000000
351.000000
282.000000
240.000000
304.000000
334.000000
381.000000
438.000000
492.000000
557.000000
587.000000
592.000000
552.000000
558.000000
552.000000
545.000000
475.000000
494.000000
529.000000
557.000000
