447.000000
538.000000
514.000000
527.000000
551.000000
510.000000
473.000000
537.000000
389.000000
256.000000
230.000000
188.000000
200.000000
171.000000
156.000000
192.000000
277.000000
289.000000
359.000000
420.000000
382.000000
387.000000
390.000000
375.000000
786.000000
619.000000
620.000000
504.000000
488.000000
580.000000
487.000000
860.000000
744.000000
387.000000
308.000000
243.000000
229.000000
187.000000
186.000000
225.000000
310.000000
374.000000
350.000000
346.000000
400.000000
449.000000
435.000000
493.000000
524.000000
891.000000
665.000000
485.000000
470.000000
752.000000
648.000000
536.000000
361.000000
266.000000
197.000000
188.000000
172.000000
191.000000
206.000000
273.000000
292.000000
447.000000
550.000000
589.000000
585.000000
535.000000
471.000000
504.000000
645.000000
892.000000
778.000000
603.000000
725.000000
685.000000
538.000000
485.000000
449.000000
378.000000
238.000000
255.000000
257.000000
228.000000
281.000000
301.000000
423.000000
521.000000
561.000000
639.000000
656.000000
685.000000
655.000000
671.000000
816.000000
818.000000
782.000000
712.000000
658.000000
842.000000
637.000000
720.000000
1073.000000
531.000000
383.000000
389.000000
371.000000
306.000000
390.000000
468.000000
627.000000
953.000000
986.000000
1354.000000
1351.000000
1305.000000
1575.000000
1551.000000
1413.000000
1549.000000
1888.000000
2099.000000
1862.000000
1785.000000
2030.000000
1452.000000
1176.000000
913.000000
728.000000
724.000000
716.000000
654.000000
657.000000
757.000000
979.000000
1170.000000
1290.000000
1426.000000
1539.000000
1555.000000
1509.000000
1693.000000
1774.000000
1834.000000
1815.000000
1693.000000
1791.000000
2151.000000
1861.000000
1700.000000
1522.000000
1325.000000
1013.000000
887.000000
745.000000
835.000000
859.000000
1213.000000
1754.000000
2474.000000
2623.000000
2616.000000
2897.000000
2913.000000
2832.000000
3056.000000
3306.000000
2921.000000
2860.000000
3055.000000
2839.000000
2896.000000
2968.000000
2929.000000
2506.000000
2003.000000
1457.000000
1305.000000
990.000000
850.000000
997.000000
1225.000000
1479.000000
1722.000000
1899.000000
2153.000000
2236.000000
2168.000000
2289.000000
2216.000000
2374.000000
2314.000000
2225.000000
2353.000000
2142.000000
2090.000000
2401.000000
2342.000000
1793.000000
1692.000000
1171.000000
928.000000
801.000000
660.000000
693.000000
865.000000
1181.000000
1339.000000
1517.000000
2088.000000
2166.000000
1989.000000
1971.000000
2237.000000
2425.000000
2233.000000
2223.000000
1923.000000
1708.000000
1710.000000
1875.000000
1872.000000
1318.000000
1010.000000
838.000000
727.000000
598.000000
619.000000
616.000000
766.000000
988.000000
1161.000000
1320.000000
1421.000000
1401.000000
1552.000000
1452.000000
1438.000000
1572.000000
1315.000000
1155.000000
1017.000000
1118.000000
1113.000000
1067.000000
926.000000
840.000000
652.000000
502.000000
496.000000
442.000000
425.000000
409.000000
514.000000
714.000000
762.000000
920.000000
1032.000000
1083.000000
1076.000000
1100.000000
1128.000000
1192.000000
1146.000000
1090.000000
1125.000000
1060.000000
1095.000000
1139.000000
1022.000000
826.000000
840.000000
603.000000
548.000000
419.000000
424.000000
447.000000
516.000000
606.000000
722.000000
894.000000
914.000000
908.000000
951.000000
952.000000
1013.000000
1030.000000
1000.000000
889.000000
849.000000
880.000000
839.000000
781.000000
706.000000
611.000000
468.000000
416.000000
424.000000
376.000000
336.000000
336.000000
421.000000
580.000000
669.000000
692.000000
718.000000
726.000000
808.000000
787.000000
959.000000
904.000000
802.000000
851.000000
718.000000
676.000000
744.000000
736.000000
676.000000
588.000000
518.000000
423.000000
404.000000
337.000000
316.000000
304.000000
349.000000
509.000000
585.000000
592.000000
746.000000
843.000000
823.000000
887.000000
996.000000
1131.000000
