2041.000000
1967.000000
2124.000000
2247.000000
1991.000000
1893.000000
1894.000000
1741.000000
1710.000000
1905.000000
1808.000000
1630.000000
1544.000000
1466.000000
1467.000000
1484.000000
1574.000000
1492.000000
1669.000000
1783.000000
2099.000000
2209.000000
2525.000000
2511.000000
2809.000000
3062.000000
3120.000000
2983.000000
2581.000000
2086.000000
2035.000000
2181.000000
2245.000000
2060.000000
1820.000000
1812.000000
1803.000000
1639.000000
1636.000000
1774.000000
1852.000000
2287.000000
2835.000000
3187.000000
3092.000000
2908.000000
3006.000000
3697.000000
3379.000000
3044.000000
2988.000000
3041.000000
2743.000000
2388.000000
2186.000000
2576.000000
2453.000000
2628.000000
2284.000000
2223.000000
2092.000000
1926.000000
1966.000000
1880.000000
1855.000000
2154.000000
2354.000000
2710.000000
2930.000000
3085.000000
3023.000000
3292.000000
3338.000000
3161.000000
3147.000000
3054.000000
2943.000000
2780.000000
2698.000000
2959.000000
2837.000000
2689.000000
2654.000000
2312.000000
2174.000000
2273.000000
2303.000000
2311.000000
2475.000000
2689.000000
2977.000000
3397.000000
3700.000000
4083.000000
4097.000000
3938.000000
3907.000000
3563.000000
3547.000000
3446.000000
3338.000000
3286.000000
3526.000000
3627.000000
3846.000000
4062.000000
4077.000000
3750.000000
3889.000000
3921.000000
3978.000000
4230.000000
4024.000000
4395.000000
4943.000000
5271.000000
5780.000000
6204.000000
6134.000000
6102.000000
6128.000000
5754.000000
5849.000000
5622.000000
5797.000000
5459.000000
5235.000000
5923.000000
6510.000000
6820.000000
6884.000000
7068.000000
6709.000000
6070.000000
5974.000000
5890.000000
5950.000000
6257.000000
7337.000000
8566.000000
9501.000000
10088.000000
10411.000000
10161.000000
9941.000000
9331.000000
9073.000000
8888.000000
8815.000000
8492.000000
8513.000000
8321.000000
9158.000000
9511.000000
9295.000000
8973.000000
8779.000000
7634.000000
7107.000000
6696.000000
6260.000000
6776.000000
7399.000000
8070.000000
9071.000000
9575.000000
10141.000000
10631.000000
10879.000000
9881.000000
9550.000000
9209.000000
9050.000000
8871.000000
8805.000000
8645.000000
9194.000000
9324.000000
8981.000000
8982.000000
8201.000000
7224.000000
6600.000000
6424.000000
6225.000000
6118.000000
6429.000000
7164.000000
7927.000000
9189.000000
10651.000000
10549.000000
10032.000000
10092.000000
10373.000000
9788.000000
9572.000000
9495.000000
9262.000000
8983.000000
8928.000000
8398.000000
8331.000000
7570.000000
6655.000000
6326.000000
5833.000000
5727.000000
5888.000000
6233.000000
7505.000000
8285.000000
8337.000000
8688.000000
8353.000000
8017.000000
7773.000000
7218.000000
6530.000000
6230.000000
5958.000000
5387.000000
5216.000000
5472.000000
5557.000000
5609.000000
5240.000000
4931.000000
4474.000000
4448.000000
4239.000000
4016.000000
4157.000000
4417.000000
4680.000000
5088.000000
5498.000000
5566.000000
5791.000000
5572.000000
5280.000000
5111.000000
5055.000000
4957.000000
4976.000000
4852.000000
5035.000000
4829.000000
5025.000000
4832.000000
4641.000000
4428.000000
3825.000000
3576.000000
3342.000000
3496.000000
3403.000000
3516.000000
3959.000000
4437.000000
4713.000000
4892.000000
4981.000000
4612.000000
4430.000000
4417.000000
4236.000000
3896.000000
4040.000000
3892.000000
3711.000000
3589.000000
3914.000000
3716.000000
3690.000000
3346.000000
3012.000000
2958.000000
2785.000000
2792.000000
2803.000000
2994.000000
3299.000000
3459.000000
3651.000000
3856.000000
4113.000000
4423.000000
4100.000000
3854.000000
3715.000000
3545.000000
3536.000000
3330.000000
3316.000000
3335.000000
3441.000000
3507.000000
3075.000000
3060.000000
2742.000000
2676.000000
2646.000000
2710.000000
2734.000000
2701.000000
3062.000000
3412.000000
3694.000000
3715.000000
3805.000000
3736.000000
3626.000000
3345.000000
3506.000000
3308.000000
3237.000000
3246.000000
3263.000000
3286.000000
3571.000000
3533.000000
3357.000000
3225.000000
2969.000000
3084.000000
2845.000000
2756.000000
2829.000000
2976.000000
3254.000000
3472.000000
3787.000000
4097.000000
4487.000000
4963.000000
4786.000000
