458.000000
468.000000
412.000000
321.000000
318.000000
311.000000
290.000000
322.000000
376.000000
504.000000
504.000000
549.000000
539.000000
604.000000
619.000000
447.000000
474.000000
527.000000
430.000000
446.000000
505.000000
618.000000
655.000000
588.000000
597.000000
636.000000
446.000000
408.000000
313.000000
332.000000
309.000000
324.000000
385.000000
448.000000
549.000000
483.000000
531.000000
462.000000
458.000000
474.000000
481.000000
451.000000
531.000000
517.000000
456.000000
569.000000
551.000000
845.000000
1105.000000
676.000000
699.000000
665.000000
529.000000
484.000000
449.000000
519.000000
605.000000
710.000000
806.000000
830.000000
846.000000
833.000000
862.000000
838.000000
811.000000
850.000000
858.000000
886.000000
1049.000000
1278.000000
1159.000000
1158.000000
1157.000000
990.000000
869.000000
786.000000
736.000000
640.000000
734.000000
761.000000
853.000000
989.000000
1118.000000
1102.000000
1166.000000
1227.000000
1103.000000
1072.000000
1073.000000
1070.000000
1032.000000
1080.000000
1027.000000
1321.000000
1148.000000
1088.000000
1151.000000
1042.000000
925.000000
892.000000
786.000000
850.000000
819.000000
986.000000
1069.000000
1187.000000
1358.000000
1300.000000
1697.000000
1626.000000
1577.000000
1513.000000
1443.000000
1308.000000
1214.000000
1379.000000
1653.000000
1634.000000
1588.000000
1649.000000
1630.000000
1547.000000
1480.000000
1370.000000
1537.000000
1509.000000
1456.000000
1538.000000
1809.000000
2013.000000
2160.000000
2143.000000
2034.000000
1975.000000
1948.000000
1671.000000
1779.000000
2458.000000
2230.000000
2336.000000
2409.000000
2746.000000
2936.000000
2965.000000
3004.000000
2773.000000
2647.000000
2601.000000
2415.000000
2346.000000
2305.000000
2582.000000
3056.000000
3734.000000
4178.000000
4305.000000
4267.000000
4067.000000
3870.000000
3533.000000
3503.000000
3566.000000
3639.000000
3832.000000
3684.000000
4133.000000
4281.000000
4165.000000
4371.000000
3948.000000
3540.000000
3231.000000
2776.000000
2499.000000
2487.000000
2465.000000
2847.000000
3568.000000
4371.000000
4082.000000
4211.000000
4038.000000
3468.000000
3143.000000
3249.000000
3238.000000
3454.000000
3701.000000
3754.000000
3883.000000
4119.000000
3992.000000
4122.000000
3763.000000
3191.000000
2919.000000
2806.000000
2349.000000
2397.000000
2516.000000
2782.000000
2819.000000
3030.000000
3347.000000
3470.000000
3258.000000
2957.000000
2979.000000
2788.000000
2979.000000
2823.000000
2853.000000
2899.000000
2954.000000
3232.000000
3044.000000
2964.000000
2692.000000
2317.000000
2026.000000
1929.000000
1835.000000
1749.000000
2084.000000
2425.000000
2612.000000
2899.000000
2831.000000
2749.000000
2502.000000
2450.000000
2180.000000
2046.000000
2035.000000
1840.000000
1946.000000
1895.000000
2126.000000
2507.000000
2349.000000
2268.000000
2229.000000
1895.000000
1879.000000
1754.000000
1643.000000
1656.000000
1693.000000
2050.000000
2208.000000
2244.000000
2407.000000
2364.000000
2167.000000
2083.000000
1878.000000
1864.000000
1756.000000
1799.000000
1838.000000
1880.000000
2169.000000
2111.000000
2168.000000
2111.000000
1904.000000
1758.000000
1637.000000
1500.000000
1592.000000
1650.000000
1760.000000
1963.000000
2190.000000
2256.000000
2215.000000
2335.000000
2095.000000
1803.000000
1790.000000
1716.000000
1763.000000
1566.000000
1639.000000
1560.000000
1805.000000
1863.000000
1749.000000
1644.000000
1655.000000
1499.000000
1431.000000
1428.000000
1461.000000
1445.000000
1603.000000
1664.000000
1910.000000
2047.000000
1994.000000
1809.000000
1724.000000
1500.000000
1402.000000
1494.000000
1479.000000
1290.000000
1316.000000
1332.000000
1529.000000
1606.000000
1481.000000
1507.000000
1341.000000
1292.000000
1183.000000
1243.000000
1264.000000
1280.000000
1423.000000
1571.000000
1899.000000
2177.000000
2201.000000
1867.000000
1665.000000
1631.000000
1521.000000
1699.000000
1662.000000
1766.000000
1814.000000
1837.000000
1608.000000
1736.000000
1689.000000
1725.000000
