193.000000
179.000000
189.000000
136.000000
148.000000
157.000000
186.000000
159.000000
141.000000
148.000000
121.000000
109.000000
112.000000
87.000000
98.000000
80.000000
90.000000
119.000000
127.000000
146.000000
158.000000
176.000000
134.000000
169.000000
166.000000
186.000000
175.000000
161.000000
143.000000
145.000000
151.000000
175.000000
161.000000
122.000000
120.000000
132.000000
120.000000
136.000000
106.000000
126.000000
116.000000
130.000000
150.000000
144.000000
179.000000
158.000000
163.000000
153.000000
184.000000
171.000000
194.000000
190.000000
151.000000
173.000000
177.000000
140.000000
144.000000
151.000000
156.000000
116.000000
136.000000
108.000000
131.000000
105.000000
109.000000
141.000000
147.000000
204.000000
216.000000
274.000000
268.000000
268.000000
225.000000
232.000000
250.000000
195.000000
195.000000
264.000000
200.000000
224.000000
230.000000
287.000000
228.000000
208.000000
135.000000
101.000000
134.000000
107.000000
171.000000
207.000000
223.000000
245.000000
310.000000
306.000000
263.000000
309.000000
309.000000
311.000000
267.000000
291.000000
282.000000
258.000000
266.000000
271.000000
277.000000
274.000000
196.000000
145.000000
149.000000
120.000000
111.000000
140.000000
158.000000
221.000000
193.000000
211.000000
225.000000
237.000000
278.000000
282.000000
271.000000
227.000000
217.000000
235.000000
216.000000
219.000000
263.000000
247.000000
230.000000
153.000000
189.000000
210.000000
175.000000
155.000000
158.000000
165.000000
187.000000
212.000000
279.000000
299.000000
302.000000
324.000000
309.000000
300.000000
365.000000
384.000000
354.000000
300.000000
303.000000
392.000000
436.000000
477.000000
452.000000
416.000000
364.000000
256.000000
266.000000
214.000000
239.000000
242.000000
354.000000
581.000000
667.000000
798.000000
749.000000
845.000000
950.000000
912.000000
972.000000
793.000000
754.000000
644.000000
584.000000
599.000000
567.000000
569.000000
538.000000
458.000000
429.000000
393.000000
300.000000
290.000000
259.000000
288.000000
311.000000
356.000000
448.000000
511.000000
559.000000
578.000000
546.000000
511.000000
538.000000
500.000000
491.000000
483.000000
497.000000
668.000000
565.000000
512.000000
465.000000
503.000000
470.000000
352.000000
280.000000
291.000000
245.000000
238.000000
290.000000
308.000000
351.000000
378.000000
373.000000
429.000000
489.000000
525.000000
478.000000
508.000000
473.000000
465.000000
453.000000
507.000000
474.000000
441.000000
470.000000
456.000000
304.000000
255.000000
229.000000
209.000000
195.000000
223.000000
287.000000
361.000000
526.000000
613.000000
507.000000
527.000000
492.000000
518.000000
453.000000
396.000000
407.000000
369.000000
414.000000
387.000000
443.000000
342.000000
404.000000
327.000000
242.000000
211.000000
221.000000
182.000000
203.000000
187.000000
237.000000
279.000000
348.000000
365.000000
352.000000
348.000000
404.000000
536.000000
465.000000
377.000000
360.000000
360.000000
309.000000
305.000000
303.000000
261.000000
377.000000
286.000000
237.000000
202.000000
185.000000
200.000000
190.000000
235.000000
252.000000
264.000000
291.000000
332.000000
335.000000
316.000000
273.000000
305.000000
485.000000
629.000000
522.000000
400.000000
281.000000
291.000000
276.000000
281.000000
370.000000
310.000000
256.000000
211.000000
171.000000
159.000000
196.000000
203.000000
242.000000
345.000000
333.000000
338.000000
302.000000
302.000000
337.000000
307.000000
306.000000
330.000000
296.000000
286.000000
261.000000
284.000000
273.000000
247.000000
334.000000
309.000000
253.000000
166.000000
174.000000
169.000000
172.000000
193.000000
262.000000
300.000000
313.000000
325.000000
329.000000
367.000000
329.000000
330.000000
376.000000
