2564.000000
1942.000000
2282.000000
1981.000000
2240.000000
2533.000000
2022.000000
1415.000000
1352.000000
1128.000000
964.000000
937.000000
974.000000
1051.000000
1159.000000
1291.000000
1405.000000
1657.000000
1739.000000
1960.000000
2295.000000
2254.000000
2596.000000
2608.000000
2457.000000
2063.000000
2237.000000
3236.000000
5937.000000
6877.000000
3996.000000
3152.000000
2478.000000
1456.000000
1206.000000
1143.000000
1054.000000
1116.000000
1252.000000
1552.000000
1820.000000
2364.000000
2176.000000
2498.000000
3204.000000
3061.000000
3558.000000
3442.000000
2857.000000
2422.000000
2433.000000
2696.000000
3038.000000
2724.000000
2350.000000
1864.000000
1775.000000
1687.000000
1290.000000
2205.000000
1212.000000
1633.000000
1642.000000
3270.000000
2292.000000
3050.000000
2451.000000
2707.000000
4074.000000
3581.000000
3477.000000
4221.000000
3975.000000
3148.000000
3009.000000
3018.000000
3319.000000
3054.000000
2436.000000
2480.000000
2120.000000
2676.000000
3174.000000
2724.000000
2492.000000
2480.000000
3121.000000
3342.000000
3333.000000
3781.000000
4175.000000
4498.000000
4428.000000
4782.000000
5111.000000
5120.000000
4648.000000
3950.000000
4331.000000
3984.000000
4195.000000
4202.000000
3632.000000
3671.000000
2854.000000
2639.000000
2619.000000
2313.000000
2485.000000
2748.000000
3468.000000
4081.000000
4063.000000
4097.000000
4153.000000
3976.000000
3962.000000
4313.000000
4489.000000
4671.000000
4839.000000
3901.000000
3510.000000
3984.000000
3988.000000
3776.000000
3645.000000
3845.000000
3268.000000
2890.000000
2998.000000
3120.000000
2938.000000
3259.000000
3876.000000
4229.000000
4322.000000
4451.000000
4749.000000
4656.000000
5053.000000
5097.000000
5209.000000
5599.000000
5461.000000
4909.000000
4669.000000
5902.000000
7215.000000
7765.000000
6301.000000
6169.000000
4906.000000
4137.000000
4110.000000
3742.000000
3912.000000
4315.000000
5163.000000
5844.000000
6443.000000
7108.000000
7428.000000
7975.000000
8143.000000
8146.000000
9019.000000
9708.000000
10699.000000
10265.000000
7957.000000
6808.000000
7258.000000
7693.000000
7288.000000
6457.000000
5816.000000
5300.000000
5509.000000
5096.000000
4979.000000
5095.000000
5289.000000
6229.000000
6724.000000
7292.000000
7752.000000
8956.000000
8701.000000
8541.000000
8712.000000
9586.000000
10113.000000
9275.000000
7898.000000
6994.000000
6994.000000
7473.000000
6722.000000
6032.000000
5249.000000
4724.000000
5005.000000
4729.000000
4855.000000
4868.000000
4982.000000
5781.000000
8236.000000
10276.000000
8876.000000
8288.000000
8433.000000
8952.000000
9240.000000
10255.000000
10612.000000
9269.000000
7407.000000
7103.000000
7256.000000
7019.000000
6199.000000
5154.000000
4458.000000
4213.000000
4115.000000
3803.000000
3993.000000
4247.000000
4986.000000
5324.000000
5906.000000
6057.000000
6232.000000
5995.000000
6135.000000
6567.000000
7209.000000
7386.000000
7142.000000
5996.000000
5345.000000
4578.000000
4607.000000
4598.000000
4182.000000
3749.000000
3247.000000
3072.000000
3070.000000
2942.000000
2851.000000
2992.000000
3405.000000
3828.000000
3868.000000
4289.000000
4568.000000
4611.000000
4831.000000
4993.000000
5466.000000
5992.000000
6492.000000
5819.000000
4784.000000
4126.000000
4687.000000
4909.000000
4268.000000
3742.000000
3209.000000
2901.000000
2867.000000
2402.000000
2541.000000
2850.000000
2950.000000
3378.000000
3560.000000
3728.000000
3953.000000
4308.000000
4306.000000
4382.000000
4669.000000
5102.000000
5492.000000
4926.000000
3865.000000
3339.000000
3591.000000
3693.000000
3087.000000
2878.000000
2548.000000
2347.000000
2279.000000
2251.000000
2144.000000
2357.000000
2555.000000
2731.000000
3099.000000
3192.000000
3406.000000
3343.000000
3501.000000
3651.000000
4017.000000
4341.000000
4474.000000
3893.000000
3241.000000
3038.000000
3101.000000
3109.000000
2739.000000
2393.000000
2202.000000
1997.000000
2188.000000
2018.000000
2076.000000
2205.000000
2451.000000
2658.000000
2972.000000
3112.000000
3477.000000
3448.000000
3464.000000
3591.000000
3945.000000
4304.000000
4476.000000
