30.000000
25.000000
43.000000
39.000000
33.000000
24.000000
24.000000
26.000000
20.000000
22.000000
13.000000
9.000000
17.000000
13.000000
19.000000
26.000000
29.000000
26.000000
24.000000
29.000000
31.000000
26.000000
28.000000
28.000000
15.000000
29.000000
24.000000
31.000000
33.000000
31.000000
47.000000
32.000000
32.000000
27.000000
22.000000
8.000000
8.000000
34.000000
34.000000
27.000000
38.000000
49.000000
49.000000
47.000000
50.000000
48.000000
45.000000
43.000000
53.000000
47.000000
43.000000
46.000000
50.000000
45.000000
53.000000
34.000000
37.000000
22.000000
15.000000
19.000000
22.000000
30.000000
25.000000
48.000000
58.000000
56.000000
57.000000
75.000000
62.000000
69.000000
252.000000
213.000000
239.000000
218.000000
186.000000
200.000000
191.000000
156.000000
153.000000
139.000000
110.000000
91.000000
78.000000
80.000000
128.000000
165.000000
170.000000
308.000000
344.000000
573.000000
620.000000
639.000000
651.000000
631.000000
1080.000000
1142.000000
936.000000
786.000000
1103.000000
1067.000000
693.000000
595.000000
560.000000
443.000000
312.000000
291.000000
274.000000
288.000000
403.000000
431.000000
572.000000
649.000000
617.000000
665.000000
656.000000
527.000000
605.000000
760.000000
834.000000
786.000000
775.000000
749.000000
615.000000
423.000000
424.000000
528.000000
375.000000
309.000000
216.000000
178.000000
133.000000
197.000000
235.000000
326.000000
345.000000
420.000000
420.000000
482.000000
479.000000
455.000000
405.000000
414.000000
413.000000
422.000000
471.000000
553.000000
571.000000
587.000000
444.000000
441.000000
450.000000
402.000000
292.000000
201.000000
216.000000
278.000000
388.000000
528.000000
547.000000
671.000000
673.000000
777.000000
765.000000
812.000000
757.000000
763.000000
852.000000
1005.000000
1388.000000
1093.000000
1021.000000
1119.000000
1008.000000
1164.000000
994.000000
744.000000
586.000000
354.000000
311.000000
333.000000
422.000000
579.000000
606.000000
608.000000
658.000000
677.000000
691.000000
776.000000
731.000000
762.000000
825.000000
773.000000
797.000000
802.000000
806.000000
822.000000
786.000000
991.000000
912.000000
728.000000
412.000000
270.000000
204.000000
201.000000
259.000000
360.000000
472.000000
583.000000
622.000000
642.000000
655.000000
666.000000
620.000000
686.000000
659.000000
711.000000
702.000000
727.000000
751.000000
691.000000
650.000000
620.000000
473.000000
326.000000
235.000000
155.000000
115.000000
165.000000
205.000000
314.000000
335.000000
449.000000
431.000000
436.000000
401.000000
441.000000
486.000000
413.000000
400.000000
432.000000
434.000000
471.000000
444.000000
555.000000
531.000000
423.000000
343.000000
248.000000
210.000000
121.000000
124.000000
128.000000
162.000000
214.000000
255.000000
320.000000
289.000000
372.000000
400.000000
412.000000
363.000000
433.000000
379.000000
449.000000
461.000000
385.000000
476.000000
469.000000
429.000000
353.000000
263.000000
234.000000
174.000000
103.000000
108.000000
110.000000
135.000000
155.000000
185.000000
241.000000
234.000000
261.000000
269.000000
270.000000
310.000000
368.000000
313.000000
310.000000
326.000000
318.000000
310.000000
296.000000
291.000000
263.000000
216.000000
157.000000
121.000000
69.000000
55.000000
65.000000
97.000000
129.000000
258.000000
257.000000
297.000000
278.000000
289.000000
321.000000
275.000000
314.000000
293.000000
310.000000
310.000000
324.000000
353.000000
332.000000
320.000000
250.000000
239.000000
165.000000
136.000000
106.000000
62.000000
83.000000
112.000000
136.000000
164.000000
234.000000
217.000000
217.000000
254.000000
273.000000
266.000000
293.000000
300.000000
284.000000
276.000000
