1349.000000
1223.000000
1168.000000
1088.000000
1030.000000
1214.000000
1196.000000
1126.000000
989.000000
816.000000
730.000000
603.000000
588.000000
502.000000
583.000000
596.000000
736.000000
892.000000
1207.000000
1214.000000
1194.000000
1320.000000
1378.000000
1362.000000
1658.000000
1538.000000
1552.000000
1243.000000
1248.000000
1211.000000
1286.000000
1261.000000
1113.000000
1004.000000
854.000000
749.000000
721.000000
681.000000
663.000000
690.000000
801.000000
1182.000000
1425.000000
1807.000000
1748.000000
1747.000000
1875.000000
1915.000000
1858.000000
1888.000000
2056.000000
1743.000000
1761.000000
3237.000000
1692.000000
1926.000000
1741.000000
1267.000000
1042.000000
908.000000
865.000000
817.000000
897.000000
1045.000000
1258.000000
1399.000000
1532.000000
1610.000000
1650.000000
1577.000000
1655.000000
1751.000000
1930.000000
1763.000000
1574.000000
1503.000000
1766.000000
1734.000000
1923.000000
1473.000000
1357.000000
1228.000000
919.000000
844.000000
776.000000
812.000000
914.000000
986.000000
1268.000000
1460.000000
1483.000000
1527.000000
1817.000000
2087.000000
2039.000000
2438.000000
2604.000000
2569.000000
2167.000000
1957.000000
2011.000000
2039.000000
2228.000000
1951.000000
1657.000000
1524.000000
1366.000000
1210.000000
1254.000000
1235.000000
1207.000000
1457.000000
1660.000000
1859.000000
1953.000000
2144.000000
2271.000000
2479.000000
2542.000000
2740.000000
2757.000000
2849.000000
2564.000000
2492.000000
2731.000000
2782.000000
2806.000000
2661.000000
2440.000000
2170.000000
1996.000000
1813.000000
1792.000000
1732.000000
2135.000000
2328.000000
2807.000000
3115.000000
3554.000000
4278.000000
4650.000000
4884.000000
5009.000000
5679.000000
5612.000000
5423.000000
5250.000000
5012.000000
5102.000000
5702.000000
5980.000000
6248.000000
5675.000000
5339.000000
4857.000000
4050.000000
3906.000000
4161.000000
4376.000000
4969.000000
5979.000000
6691.000000
6812.000000
7463.000000
7422.000000
7526.000000
8107.000000
8293.000000
9034.000000
8395.000000
8553.000000
8187.000000
7306.000000
7197.000000
6984.000000
6459.000000
6269.000000
5240.000000
4342.000000
3800.000000
3570.000000
3238.000000
3179.000000
3325.000000
3975.000000
4659.000000
5115.000000
5418.000000
5529.000000
5847.000000
5771.000000
5618.000000
5609.000000
5811.000000
5818.000000
5803.000000
5409.000000
5547.000000
5033.000000
4965.000000
4424.000000
3892.000000
3266.000000
2896.000000
2673.000000
2358.000000
2242.000000
2390.000000
2797.000000
3187.000000
3739.000000
4141.000000
4679.000000
5323.000000
5679.000000
5871.000000
5827.000000
5858.000000
5841.000000
5817.000000
6126.000000
5457.000000
5112.000000
4776.000000
3969.000000
3225.000000
2689.000000
2362.000000
2060.000000
2149.000000
2372.000000
2590.000000
3203.000000
3633.000000
4032.000000
4026.000000
3584.000000
3695.000000
3619.000000
3515.000000
3331.000000
3490.000000
3121.000000
2982.000000
2736.000000
2755.000000
2746.000000
2592.000000
2238.000000
2018.000000
1767.000000
1658.000000
1581.000000
1673.000000
1752.000000
1965.000000
2172.000000
2413.000000
2557.000000
2716.000000
2927.000000
2691.000000
2978.000000
2971.000000
2976.000000
2899.000000
3117.000000
2898.000000
2775.000000
2917.000000
2843.000000
2736.000000
2596.000000
2168.000000
1885.000000
1763.000000
1568.000000
1596.000000
1741.000000
1828.000000
1993.000000
2377.000000
2357.000000
2354.000000
2384.000000
2288.000000
2349.000000
2469.000000
2501.000000
2438.000000
2360.000000
2301.000000
2201.000000
2093.000000
2142.000000
2047.000000
1847.000000
1713.000000
1491.000000
1492.000000
1338.000000
1320.000000
1433.000000
1493.000000
1594.000000
1824.000000
1772.000000
1842.000000
1926.000000
1878.000000
1834.000000
1910.000000
2036.000000
1918.000000
1967.000000
1945.000000
1737.000000
1736.000000
1762.000000
1658.000000
1529.000000
1401.000000
1155.000000
1124.000000
1081.000000
1112.000000
1242.000000
1260.000000
1339.000000
1557.000000
1653.000000
1671.000000
1786.000000
1776.000000
1818.000000
1817.000000
1915.000000
