868.000000
790.000000
681.000000
557.000000
490.000000
388.000000
359.000000
313.000000
372.000000
395.000000
493.000000
665.000000
688.000000
694.000000
1032.000000
839.000000
782.000000
749.000000
766.000000
739.000000
784.000000
689.000000
689.000000
669.000000
721.000000
745.000000
1021.000000
605.000000
517.000000
513.000000
511.000000
435.000000
420.000000
449.000000
568.000000
607.000000
754.000000
966.000000
1256.000000
1019.000000
922.000000
828.000000
912.000000
911.000000
910.000000
976.000000
1169.000000
1250.000000
1087.000000
1103.000000
1006.000000
709.000000
610.000000
508.000000
523.000000
418.000000
613.000000
541.000000
616.000000
697.000000
806.000000
869.000000
942.000000
913.000000
989.000000
1033.000000
1141.000000
1158.000000
1044.000000
951.000000
1503.000000
1275.000000
1124.000000
1133.000000
920.000000
761.000000
601.000000
494.000000
526.000000
459.000000
515.000000
560.000000
648.000000
739.000000
892.000000
929.000000
944.000000
1055.000000
890.000000
921.000000
956.000000
1035.000000
992.000000
1092.000000
1357.000000
1795.000000
1465.000000
1199.000000
1011.000000
820.000000
714.000000
575.000000
501.000000
620.000000
669.000000
643.000000
821.000000
1926.000000
1975.000000
1935.000000
2724.000000
2524.000000
2254.000000
2081.000000
2216.000000
2214.000000
2059.000000
1967.000000
2531.000000
2907.000000
2649.000000
2393.000000
2217.000000
1972.000000
1582.000000
1617.000000
1226.000000
1413.000000
1577.000000
1667.000000
1855.000000
2173.000000
2278.000000
2259.000000
2389.000000
2381.000000
2445.000000
2392.000000
2599.000000
2590.000000
2702.000000
2643.000000
3460.000000
3618.000000
3886.000000
3554.000000
3999.000000
3252.000000
2575.000000
2481.000000
2117.000000
2189.000000
2452.000000
3249.000000
4142.000000
4994.000000
5917.000000
6348.000000
6482.000000
7017.000000
7362.000000
8216.000000
8153.000000
8131.000000
7620.000000
7919.000000
7449.000000
7825.000000
8682.000000
8472.000000
7342.000000
6016.000000
4561.000000
3394.000000
2696.000000
2223.000000
2229.000000
2743.000000
3590.000000
4266.000000
4896.000000
5725.000000
5719.000000
5773.000000
5717.000000
5589.000000
5830.000000
5693.000000
5633.000000
5675.000000
6056.000000
5973.000000
5994.000000
5813.000000
5542.000000
4511.000000
3562.000000
2825.000000
2301.000000
1956.000000
1866.000000
2040.000000
2630.000000
3143.000000
3962.000000
4836.000000
5408.000000
6111.000000
6120.000000
6287.000000
6303.000000
6634.000000
6457.000000
6094.000000
6089.000000
6318.000000
6251.000000
5724.000000
4761.000000
4014.000000
3021.000000
2540.000000
2149.000000
1996.000000
2344.000000
3035.000000
3555.000000
4039.000000
4674.000000
4651.000000
4492.000000
4340.000000
4108.000000
4043.000000
4059.000000
3553.000000
3362.000000
3364.000000
3480.000000
3538.000000
3482.000000
3106.000000
2862.000000
2286.000000
1928.000000
1504.000000
1332.000000
1352.000000
1495.000000
2028.000000
2382.000000
2490.000000
2773.000000
2838.000000
2648.000000
2668.000000
2624.000000
2695.000000
2764.000000
2732.000000
2646.000000
2524.000000
2772.000000
3411.000000
3621.000000
3990.000000
4384.000000
3234.000000
2287.000000
1783.000000
1601.000000
1647.000000
1749.000000
2012.000000
2384.000000
2725.000000
2839.000000
2821.000000
2674.000000
2668.000000
2718.000000
2989.000000
3285.000000
3318.000000
3298.000000
3344.000000
3904.000000
3671.000000
3967.000000
3268.000000
2479.000000
2111.000000
1630.000000
1449.000000
1232.000000
1254.000000
1353.000000
1529.000000
1789.000000
2042.000000
2257.000000
2373.000000
2492.000000
2297.000000
2301.000000
2485.000000
2476.000000
2287.000000
2394.000000
2575.000000
3158.000000
2808.000000
3132.000000
2418.000000
1890.000000
1845.000000
1492.000000
1375.000000
1198.000000
1205.000000
1442.000000
1632.000000
1799.000000
1826.000000
2223.000000
2373.000000
2454.000000
2344.000000
2495.000000
2317.000000
2339.000000
2450.000000
2437.000000
2483.000000
2342.000000
2521.000000
2548.000000
