585.000000
471.000000
382.000000
764.000000
545.000000
433.000000
417.000000
342.000000
300.000000
294.000000
294.000000
278.000000
255.000000
340.000000
394.000000
461.000000
488.000000
488.000000
536.000000
614.000000
548.000000
689.000000
1313.000000
691.000000
586.000000
463.000000
416.000000
386.000000
444.000000
424.000000
418.000000
338.000000
364.000000
336.000000
319.000000
336.000000
333.000000
414.000000
439.000000
493.000000
589.000000
562.000000
571.000000
660.000000
733.000000
716.000000
796.000000
776.000000
615.000000
513.000000
551.000000
476.000000
515.000000
527.000000
624.000000
480.000000
387.000000
402.000000
361.000000
300.000000
308.000000
343.000000
420.000000
839.000000
683.000000
609.000000
638.000000
656.000000
655.000000
929.000000
1268.000000
861.000000
926.000000
736.000000
645.000000
686.000000
663.000000
834.000000
770.000000
530.000000
550.000000
639.000000
439.000000
377.000000
428.000000
444.000000
477.000000
608.000000
662.000000
720.000000
1743.000000
1070.000000
868.000000
1139.000000
1697.000000
1634.000000
1066.000000
931.000000
808.000000
946.000000
931.000000
836.000000
709.000000
622.000000
494.000000
527.000000
471.000000
453.000000
479.000000
526.000000
595.000000
832.000000
837.000000
883.000000
1055.000000
1112.000000
1017.000000
1091.000000
1263.000000
1338.000000
1055.000000
1006.000000
1077.000000
1228.000000
1322.000000
1076.000000
955.000000
916.000000
661.000000
692.000000
600.000000
609.000000
667.000000
751.000000
921.000000
1216.000000
1362.000000
1507.000000
2524.000000
2723.000000
2424.000000
2158.000000
2046.000000
2190.000000
2746.000000
2677.000000
3010.000000
3303.000000
3642.000000
3435.000000
3464.000000
2894.000000
2315.000000
2051.000000
1620.000000
1388.000000
1454.000000
1831.000000
2235.000000
2915.000000
3372.000000
3597.000000
3975.000000
3871.000000
4063.000000
4144.000000
4840.000000
5109.000000
5265.000000
5127.000000
4420.000000
4322.000000
4549.000000
4500.000000
3861.000000
3304.000000
2806.000000
2338.000000
1924.000000
1852.000000
1987.000000
2372.000000
2935.000000
3444.000000
3681.000000
3777.000000
4219.000000
4009.000000
4153.000000
4091.000000
4065.000000
4009.000000
4329.000000
3913.000000
3733.000000
3900.000000
3722.000000
3424.000000
3084.000000
2714.000000
2174.000000
1896.000000
1684.000000
1603.000000
1598.000000
1999.000000
2351.000000
2890.000000
2777.000000
3218.000000
3278.000000
3147.000000
2987.000000
3281.000000
3406.000000
3557.000000
3330.000000
2912.000000
2756.000000
2817.000000
2832.000000
2812.000000
2483.000000
2280.000000
1799.000000
1594.000000
1338.000000
1234.000000
1160.000000
1349.000000
1644.000000
1940.000000
2121.000000
2239.000000
2557.000000
2713.000000
2761.000000
2700.000000
2670.000000
2937.000000
2873.000000
2843.000000
2479.000000
2671.000000
2611.000000
2595.000000
2317.000000
2081.000000
1646.000000
1430.000000
1288.000000
1010.000000
1058.000000
1213.000000
1334.000000
1540.000000
1816.000000
2116.000000
2410.000000
2643.000000
2717.000000
2792.000000
2803.000000
2941.000000
3158.000000
2811.000000
2522.000000
2644.000000
2584.000000
2585.000000
2127.000000
1809.000000
1463.000000
1250.000000
1134.000000
994.000000
1110.000000
1384.000000
1960.000000
2213.000000
2394.000000
2244.000000
2560.000000
2406.000000
2488.000000
2464.000000
2418.000000
2202.000000
2057.000000
1931.000000
1920.000000
1844.000000
1755.000000
1645.000000
1490.000000
1176.000000
1049.000000
928.000000
775.000000
754.000000
899.000000
953.000000
1020.000000
1294.000000
1403.000000
1502.000000
1434.000000
1577.000000
1712.000000
1644.000000
1802.000000
1801.000000
1634.000000
1569.000000
1470.000000
1783.000000
1695.000000
1597.000000
1546.000000
1317.000000
1006.000000
863.000000
708.000000
717.000000
649.000000
754.000000
913.000000
1014.000000
1025.000000
1087.000000
1119.000000
1267.000000
1283.000000
1230.000000
1396.000000
1532.000000
1406.000000
