402.000000
321.000000
281.000000
289.000000
167.000000
172.000000
137.000000
127.000000
173.000000
296.000000
267.000000
337.000000
424.000000
364.000000
344.000000
356.000000
399.000000
496.000000
434.000000
470.000000
395.000000
455.000000
403.000000
362.000000
377.000000
348.000000
300.000000
271.000000
207.000000
159.000000
199.000000
153.000000
208.000000
255.000000
299.000000
374.000000
429.000000
468.000000
428.000000
462.000000
499.000000
540.000000
669.000000
627.000000
542.000000
532.000000
1000.000000
662.000000
545.000000
488.000000
373.000000
307.000000
239.000000
210.000000
207.000000
217.000000
269.000000
310.000000
379.000000
378.000000
460.000000
534.000000
520.000000
495.000000
511.000000
492.000000
595.000000
479.000000
429.000000
555.000000
518.000000
674.000000
494.000000
434.000000
392.000000
316.000000
294.000000
296.000000
234.000000
279.000000
330.000000
397.000000
501.000000
453.000000
459.000000
455.000000
517.000000
604.000000
573.000000
718.000000
769.000000
688.000000
589.000000
581.000000
751.000000
706.000000
671.000000
543.000000
452.000000
377.000000
348.000000
322.000000
257.000000
337.000000
412.000000
502.000000
494.000000
595.000000
670.000000
621.000000
615.000000
690.000000
633.000000
612.000000
738.000000
656.000000
636.000000
728.000000
737.000000
797.000000
777.000000
660.000000
604.000000
582.000000
463.000000
427.000000
440.000000
512.000000
586.000000
673.000000
813.000000
898.000000
957.000000
1046.000000
1063.000000
966.000000
1029.000000
1127.000000
1065.000000
1179.000000
1117.000000
1348.000000
1389.000000
1502.000000
1457.000000
1211.000000
1022.000000
864.000000
833.000000
686.000000
696.000000
692.000000
929.000000
1129.000000
1231.000000
1374.000000
1466.000000
1377.000000
1415.000000
1369.000000
1334.000000
1478.000000
1433.000000
1400.000000
1389.000000
1482.000000
1499.000000
1500.000000
1569.000000
1303.000000
1181.000000
910.000000
1175.000000
900.000000
790.000000
794.000000
856.000000
1126.000000
1169.000000
1380.000000
1447.000000
1345.000000
1345.000000
1259.000000
1337.000000
1309.000000
1490.000000
1478.000000
1425.000000
1509.000000
1513.000000
1440.000000
1340.000000
1324.000000
1167.000000
932.000000
798.000000
699.000000
615.000000
601.000000
656.000000
784.000000
896.000000
1103.000000
1215.000000
1226.000000
1216.000000
1257.000000
1343.000000
1237.000000
1352.000000
1416.000000
1221.000000
1214.000000
1258.000000
1225.000000
1213.000000
983.000000
805.000000
684.000000
586.000000
513.000000
511.000000
492.000000
596.000000
752.000000
743.000000
836.000000
854.000000
777.000000
781.000000
778.000000
785.000000
742.000000
676.000000
664.000000
686.000000
715.000000
683.000000
684.000000
648.000000
609.000000
545.000000
550.000000
472.000000
390.000000
417.000000
440.000000
499.000000
582.000000
580.000000
682.000000
643.000000
570.000000
611.000000
611.000000
523.000000
615.000000
575.000000
539.000000
554.000000
559.000000
649.000000
667.000000
675.000000
609.000000
570.000000
496.000000
405.000000
380.000000
436.000000
521.000000
498.000000
592.000000
619.000000
643.000000
631.000000
619.000000
569.000000
554.000000
479.000000
508.000000
488.000000
511.000000
464.000000
489.000000
535.000000
536.000000
566.000000
528.000000
538.000000
524.000000
519.000000
415.000000
451.000000
441.000000
463.000000
525.000000
579.000000
647.000000
599.000000
579.000000
538.000000
568.000000
651.000000
618.000000
560.000000
492.000000
568.000000
520.000000
614.000000
638.000000
660.000000
643.000000
629.000000
575.000000
513.000000
502.000000
575.000000
507.000000
608.000000
623.000000
690.000000
715.000000
781.000000
760.000000
658.000000
640.000000
535.000000
556.000000
562.000000
551.000000
531.000000
585.000000
606.000000
655.000000
680.000000
