258.000000
241.000000
287.000000
264.000000
307.000000
342.000000
291.000000
245.000000
226.000000
308.000000
228.000000
234.000000
199.000000
235.000000
159.000000
140.000000
135.000000
155.000000
113.000000
109.000000
130.000000
163.000000
172.000000
175.000000
205.000000
215.000000
215.000000
172.000000
246.000000
224.000000
245.000000
228.000000
227.000000
220.000000
208.000000
194.000000
227.000000
228.000000
173.000000
139.000000
153.000000
117.000000
118.000000
159.000000
159.000000
189.000000
177.000000
165.000000
198.000000
234.000000
251.000000
279.000000
261.000000
301.000000
269.000000
296.000000
261.000000
362.000000
217.000000
309.000000
231.000000
209.000000
171.000000
147.000000
128.000000
127.000000
136.000000
141.000000
190.000000
240.000000
262.000000
265.000000
307.000000
332.000000
263.000000
308.000000
309.000000
377.000000
305.000000
339.000000
307.000000
312.000000
363.000000
493.000000
342.000000
270.000000
247.000000
231.000000
188.000000
184.000000
197.000000
258.000000
284.000000
258.000000
324.000000
354.000000
394.000000
387.000000
376.000000
393.000000
366.000000
426.000000
430.000000
394.000000
376.000000
368.000000
457.000000
365.000000
366.000000
240.000000
209.000000
203.000000
210.000000
196.000000
222.000000
250.000000
258.000000
270.000000
333.000000
335.000000
510.000000
412.000000
429.000000
439.000000
434.000000
443.000000
404.000000
379.000000
426.000000
370.000000
419.000000
455.000000
449.000000
313.000000
332.000000
299.000000
273.000000
281.000000
293.000000
299.000000
359.000000
401.000000
440.000000
466.000000
550.000000
517.000000
611.000000
592.000000
606.000000
667.000000
637.000000
609.000000
606.000000
608.000000
665.000000
761.000000
719.000000
709.000000
584.000000
478.000000
430.000000
420.000000
391.000000
449.000000
582.000000
705.000000
837.000000
1079.000000
1166.000000
1138.000000
998.000000
1003.000000
1048.000000
892.000000
927.000000
898.000000
825.000000
894.000000
881.000000
845.000000
792.000000
688.000000
604.000000
481.000000
447.000000
389.000000
369.000000
396.000000
451.000000
501.000000
626.000000
669.000000
660.000000
726.000000
704.000000
734.000000
743.000000
776.000000
728.000000
771.000000
698.000000
732.000000
715.000000
675.000000
646.000000
572.000000
462.000000
398.000000
356.000000
351.000000
339.000000
336.000000
340.000000
403.000000
485.000000
554.000000
674.000000
744.000000
822.000000
754.000000
749.000000
796.000000
748.000000
752.000000
759.000000
706.000000
797.000000
764.000000
702.000000
571.000000
526.000000
437.000000
433.000000
394.000000
368.000000
343.000000
533.000000
549.000000
725.000000
607.000000
658.000000
659.000000
678.000000
682.000000
654.000000
689.000000
578.000000
539.000000
505.000000
492.000000
514.000000
459.000000
456.000000
459.000000
373.000000
366.000000
281.000000
294.000000
272.000000
272.000000
333.000000
333.000000
381.000000
439.000000
446.000000
492.000000
496.000000
507.000000
456.000000
445.000000
491.000000
487.000000
412.000000
391.000000
435.000000
350.000000
373.000000
349.000000
310.000000
281.000000
210.000000
244.000000
211.000000
239.000000
268.000000
386.000000
408.000000
451.000000
478.000000
469.000000
547.000000
503.000000
503.000000
471.000000
439.000000
413.000000
383.000000
393.000000
399.000000
365.000000
355.000000
320.000000
224.000000
226.000000
195.000000
187.000000
187.000000
177.000000
214.000000
251.000000
330.000000
381.000000
371.000000
378.000000
357.000000
396.000000
351.000000
393.000000
376.000000
317.000000
320.000000
344.000000
314.000000
361.000000
324.000000
291.000000
229.000000
209.000000
215.000000
181.000000
185.000000
192.000000
225.000000
260.000000
324.000000
381.000000
374.000000
