102.000000
93.000000
105.000000
85.000000
92.000000
89.000000
102.000000
76.000000
53.000000
39.000000
46.000000
36.000000
34.000000
41.000000
50.000000
50.000000
59.000000
63.000000
86.000000
82.000000
81.000000
87.000000
77.000000
115.000000
84.000000
104.000000
91.000000
118.000000
117.000000
110.000000
102.000000
83.000000
79.000000
53.000000
49.000000
40.000000
42.000000
58.000000
59.000000
89.000000
84.000000
94.000000
87.000000
105.000000
88.000000
96.000000
86.000000
101.000000
100.000000
89.000000
93.000000
97.000000
124.000000
81.000000
73.000000
63.000000
51.000000
39.000000
34.000000
45.000000
40.000000
48.000000
64.000000
96.000000
91.000000
129.000000
141.000000
130.000000
112.000000
124.000000
160.000000
149.000000
106.000000
119.000000
115.000000
135.000000
132.000000
115.000000
97.000000
101.000000
88.000000
52.000000
55.000000
58.000000
53.000000
85.000000
121.000000
128.000000
163.000000
164.000000
185.000000
218.000000
174.000000
191.000000
187.000000
175.000000
183.000000
152.000000
172.000000
170.000000
157.000000
155.000000
145.000000
122.000000
87.000000
69.000000
64.000000
71.000000
67.000000
66.000000
98.000000
106.000000
138.000000
165.000000
162.000000
179.000000
163.000000
241.000000
227.000000
222.000000
221.000000
203.000000
180.000000
189.000000
197.000000
195.000000
142.000000
120.000000
172.000000
118.000000
97.000000
93.000000
93.000000
124.000000
130.000000
205.000000
245.000000
283.000000
313.000000
386.000000
418.000000
373.000000
389.000000
339.000000
307.000000
348.000000
383.000000
374.000000
465.000000
384.000000
298.000000
255.000000
217.000000
194.000000
161.000000
126.000000
157.000000
183.000000
373.000000
357.000000
425.000000
525.000000
486.000000
447.000000
574.000000
716.000000
687.000000
809.000000
956.000000
787.000000
709.000000
583.000000
633.000000
644.000000
572.000000
501.000000
415.000000
363.000000
292.000000
293.000000
307.000000
311.000000
435.000000
465.000000
476.000000
534.000000
559.000000
649.000000
657.000000
612.000000
667.000000
664.000000
626.000000
558.000000
490.000000
498.000000
465.000000
496.000000
467.000000
381.000000
387.000000
279.000000
230.000000
216.000000
227.000000
232.000000
241.000000
621.000000
480.000000
366.000000
377.000000
529.000000
488.000000
521.000000
517.000000
525.000000
512.000000
497.000000
576.000000
658.000000
634.000000
521.000000
441.000000
384.000000
373.000000
299.000000
222.000000
187.000000
205.000000
278.000000
366.000000
426.000000
482.000000
520.000000
499.000000
506.000000
511.000000
432.000000
456.000000
362.000000
340.000000
396.000000
352.000000
365.000000
363.000000
367.000000
292.000000
340.000000
289.000000
189.000000
172.000000
146.000000
185.000000
222.000000
306.000000
310.000000
369.000000
395.000000
404.000000
461.000000
459.000000
379.000000
370.000000
398.000000
336.000000
332.000000
379.000000
343.000000
371.000000
310.000000
686.000000
268.000000
213.000000
262.000000
129.000000
101.000000
110.000000
211.000000
291.000000
355.000000
381.000000
510.000000
671.000000
564.000000
656.000000
603.000000
614.000000
573.000000
506.000000
541.000000
563.000000
614.000000
655.000000
608.000000
519.000000
412.000000
289.000000
234.000000
189.000000
161.000000
203.000000
212.000000
484.000000
468.000000
474.000000
494.000000
443.000000
478.000000
496.000000
502.000000
445.000000
389.000000
397.000000
352.000000
325.000000
368.000000
440.000000
427.000000
393.000000
279.000000
248.000000
200.000000
174.000000
137.000000
149.000000
181.000000
273.000000
324.000000
344.000000
417.000000
454.000000
471.000000
427.000000
513.000000
453.000000
435.000000
412.000000
