1364.000000
1450.000000
1242.000000
1444.000000
1442.000000
1291.000000
1243.000000
1569.000000
1122.000000
1022.000000
1236.000000
1297.000000
1010.000000
918.000000
850.000000
838.000000
866.000000
932.000000
897.000000
1143.000000
1071.000000
1213.000000
1224.000000
1252.000000
1323.000000
1289.000000
2270.000000
1489.000000
2085.000000
2032.000000
1626.000000
1597.000000
1800.000000
1751.000000
1673.000000
1708.000000
1454.000000
1273.000000
1137.000000
1015.000000
1040.000000
1123.000000
1143.000000
1233.000000
1361.000000
1553.000000
2166.000000
2037.000000
2112.000000
2762.000000
2306.000000
2978.000000
2423.000000
2934.000000
2699.000000
2145.000000
2158.000000
3852.000000
2878.000000
2034.000000
1999.000000
1810.000000
1389.000000
1340.000000
1367.000000
1414.000000
1473.000000
1493.000000
1894.000000
1930.000000
2045.000000
1921.000000
2228.000000
2190.000000
2381.000000
2327.000000
2224.000000
2076.000000
2239.000000
2067.000000
2184.000000
2585.000000
2199.000000
1905.000000
1955.000000
1392.000000
1281.000000
1262.000000
1372.000000
1355.000000
1661.000000
1983.000000
2175.000000
2411.000000
2642.000000
2822.000000
2945.000000
2564.000000
2467.000000
2591.000000
2667.000000
3180.000000
2493.000000
2367.000000
2282.000000
2683.000000
2714.000000
2614.000000
2534.000000
2113.000000
1990.000000
1953.000000
2017.000000
2041.000000
2310.000000
2637.000000
2901.000000
3017.000000
3117.000000
3969.000000
3852.000000
3536.000000
3550.000000
3621.000000
4050.000000
3676.000000
3270.000000
3327.000000
3559.000000
3876.000000
4175.000000
3747.000000
3363.000000
3059.000000
3006.000000
2917.000000
2908.000000
2961.000000
3139.000000
3541.000000
4057.000000
4397.000000
4504.000000
4660.000000
4947.000000
4831.000000
4619.000000
4641.000000
4803.000000
5193.000000
5231.000000
5029.000000
6041.000000
6285.000000
6463.000000
6353.000000
5881.000000
6276.000000
6120.000000
5319.000000
5002.000000
4803.000000
5251.000000
6142.000000
7074.000000
8263.000000
8544.000000
9156.000000
9377.000000
8508.000000
8390.000000
7523.000000
7191.000000
7534.000000
7045.000000
6768.000000
6278.000000
6405.000000
6660.000000
6669.000000
6548.000000
6066.000000
5371.000000
4783.000000
4373.000000
4115.000000
4203.000000
4384.000000
4861.000000
5624.000000
5946.000000
6508.000000
6471.000000
6700.000000
6188.000000
6365.000000
6169.000000
6038.000000
5960.000000
6228.000000
5951.000000
5555.000000
5787.000000
5504.000000
5560.000000
4948.000000
4377.000000
4158.000000
3728.000000
3656.000000
3844.000000
4009.000000
4340.000000
4744.000000
4931.000000
5339.000000
5424.000000
5436.000000
5380.000000
5605.000000
5441.000000
5542.000000
5754.000000
5348.000000
6505.000000
5323.000000
4972.000000
4499.000000
4337.000000
3951.000000
3461.000000
3186.000000
4017.000000
3682.000000
3546.000000
3675.000000
4028.000000
4431.000000
4743.000000
4755.000000
4580.000000
4394.000000
4831.000000
4675.000000
4393.000000
4120.000000
3608.000000
3183.000000
3100.000000
3067.000000
3074.000000
2956.000000
2653.000000
2628.000000
2395.000000
2381.000000
2184.000000
2211.000000
2394.000000
2473.000000
2659.000000
2863.000000
3013.000000
3052.000000
3035.000000
2941.000000
3163.000000
3128.000000
2895.000000
2761.000000
2487.000000
2185.000000
2188.000000
2381.000000
2360.000000
2367.000000
2398.000000
2287.000000
2047.000000
1970.000000
1746.000000
1743.000000
1792.000000
1896.000000
2137.000000
2225.000000
2219.000000
2395.000000
2360.000000
2262.000000
2327.000000
2326.000000
2338.000000
2147.000000
2005.000000
1769.000000
1689.000000
1837.000000
1816.000000
1909.000000
1934.000000
1806.000000
1610.000000
1605.000000
1515.000000
1556.000000
1596.000000
1672.000000
1830.000000
2052.000000
2204.000000
2279.000000
2335.000000
2349.000000
2355.000000
2385.000000
2427.000000
2305.000000
2174.000000
1868.000000
1860.000000
1879.000000
2046.000000
1938.000000
1913.000000
1934.000000
1656.000000
1629.000000
1587.000000
1547.000000
1566.000000
1711.000000
1813.000000
1895.000000
2040.000000
2194.000000
2145.000000
