205.000000
196.000000
199.000000
253.000000
191.000000
163.000000
199.000000
155.000000
112.000000
105.000000
116.000000
90.000000
94.000000
84.000000
85.000000
97.000000
168.000000
161.000000
165.000000
187.000000
194.000000
264.000000
347.000000
263.000000
288.000000
297.000000
286.000000
247.000000
248.000000
269.000000
333.000000
360.000000
252.000000
208.000000
199.000000
184.000000
161.000000
153.000000
147.000000
193.000000
219.000000
266.000000
275.000000
317.000000
298.000000
346.000000
295.000000
294.000000
324.000000
342.000000
261.000000
284.000000
380.000000
324.000000
257.000000
239.000000
183.000000
131.000000
129.000000
114.000000
95.000000
82.000000
117.000000
158.000000
160.000000
182.000000
187.000000
240.000000
231.000000
170.000000
208.000000
275.000000
281.000000
226.000000
265.000000
290.000000
475.000000
361.000000
360.000000
352.000000
246.000000
156.000000
129.000000
115.000000
119.000000
106.000000
124.000000
134.000000
167.000000
197.000000
219.000000
222.000000
217.000000
238.000000
228.000000
250.000000
226.000000
273.000000
282.000000
281.000000
334.000000
338.000000
301.000000
258.000000
195.000000
176.000000
104.000000
127.000000
92.000000
102.000000
124.000000
149.000000
173.000000
177.000000
195.000000
203.000000
225.000000
221.000000
264.000000
270.000000
298.000000
281.000000
248.000000
252.000000
371.000000
328.000000
325.000000
280.000000
229.000000
207.000000
133.000000
121.000000
105.000000
104.000000
122.000000
158.000000
225.000000
239.000000
255.000000
288.000000
259.000000
250.000000
280.000000
316.000000
374.000000
361.000000
428.000000
327.000000
328.000000
403.000000
386.000000
318.000000
353.000000
297.000000
193.000000
168.000000
163.000000
199.000000
194.000000
244.000000
317.000000
296.000000
451.000000
371.000000
408.000000
412.000000
441.000000
554.000000
593.000000
573.000000
476.000000
482.000000
473.000000
483.000000
494.000000
380.000000
383.000000
305.000000
271.000000
186.000000
225.000000
211.000000
198.000000
224.000000
247.000000
299.000000
313.000000
422.000000
403.000000
369.000000
425.000000
400.000000
409.000000
408.000000
368.000000
379.000000
422.000000
446.000000
354.000000
382.000000
251.000000
212.000000
181.000000
176.000000
135.000000
144.000000
131.000000
126.000000
215.000000
222.000000
249.000000
325.000000
346.000000
403.000000
368.000000
341.000000
442.000000
401.000000
404.000000
423.000000
355.000000
351.000000
291.000000
271.000000
223.000000
203.000000
151.000000
150.000000
175.000000
123.000000
134.000000
220.000000
215.000000
267.000000
265.000000
286.000000
319.000000
306.000000
256.000000
250.000000
273.000000
248.000000
266.000000
226.000000
250.000000
296.000000
231.000000
219.000000
189.000000
195.000000
147.000000
118.000000
120.000000
125.000000
98.000000
141.000000
174.000000
191.000000
203.000000
222.000000
197.000000
207.000000
210.000000
243.000000
288.000000
257.000000
251.000000
235.000000
190.000000
222.000000
231.000000
190.000000
155.000000
152.000000
100.000000
106.000000
99.000000
121.000000
100.000000
121.000000
136.000000
207.000000
241.000000
202.000000
205.000000
192.000000
194.000000
231.000000
210.000000
220.000000
188.000000
222.000000
215.000000
190.000000
214.000000
184.000000
155.000000
111.000000
119.000000
81.000000
85.000000
86.000000
96.000000
124.000000
134.000000
142.000000
176.000000
172.000000
199.000000
180.000000
208.000000
252.000000
235.000000
203.000000
176.000000
192.000000
216.000000
448.000000
341.000000
227.000000
224.000000
162.000000
117.000000
119.000000
123.000000
119.000000
116.000000
151.000000
155.000000
197.000000
242.000000
250.000000
250.000000
230.000000
221.000000
297.000000
290.000000
