316.000000
271.000000
269.000000
293.000000
276.000000
278.000000
309.000000
323.000000
292.000000
250.000000
268.000000
185.000000
187.000000
161.000000
139.000000
118.000000
120.000000
133.000000
155.000000
188.000000
188.000000
232.000000
265.000000
226.000000
310.000000
308.000000
298.000000
307.000000
338.000000
301.000000
348.000000
328.000000
383.000000
290.000000
490.000000
268.000000
188.000000
207.000000
142.000000
152.000000
309.000000
182.000000
180.000000
219.000000
257.000000
269.000000
284.000000
333.000000
356.000000
379.000000
372.000000
362.000000
393.000000
431.000000
362.000000
527.000000
462.000000
382.000000
349.000000
294.000000
290.000000
219.000000
187.000000
181.000000
218.000000
265.000000
245.000000
274.000000
363.000000
347.000000
341.000000
406.000000
419.000000
610.000000
517.000000
672.000000
595.000000
440.000000
585.000000
608.000000
504.000000
478.000000
386.000000
314.000000
297.000000
211.000000
207.000000
217.000000
244.000000
289.000000
312.000000
365.000000
466.000000
473.000000
466.000000
455.000000
487.000000
571.000000
651.000000
702.000000
608.000000
606.000000
514.000000
573.000000
675.000000
586.000000
646.000000
522.000000
444.000000
455.000000
438.000000
375.000000
352.000000
468.000000
521.000000
558.000000
627.000000
708.000000
642.000000
652.000000
712.000000
781.000000
864.000000
1380.000000
1248.000000
1135.000000
1133.000000
1026.000000
895.000000
910.000000
795.000000
673.000000
683.000000
535.000000
471.000000
440.000000
475.000000
508.000000
597.000000
818.000000
1085.000000
1065.000000
1088.000000
1083.000000
1173.000000
1176.000000
1117.000000
1168.000000
1096.000000
1052.000000
970.000000
1056.000000
1048.000000
1092.000000
932.000000
833.000000
829.000000
572.000000
537.000000
522.000000
507.000000
581.000000
694.000000
905.000000
1000.000000
1151.000000
1453.000000
1401.000000
1633.000000
1588.000000
1414.000000
1495.000000
1497.000000
1592.000000
1417.000000
1502.000000
1621.000000
1609.000000
1403.000000
1262.000000
1039.000000
840.000000
738.000000
626.000000
513.000000
600.000000
641.000000
794.000000
954.000000
1061.000000
1185.000000
1329.000000
1305.000000
1492.000000
1374.000000
1459.000000
1433.000000
1349.000000
1415.000000
1348.000000
1402.000000
1322.000000
1287.000000
1144.000000
908.000000
782.000000
629.000000
578.000000
600.000000
552.000000
600.000000
698.000000
893.000000
1007.000000
1119.000000
1385.000000
1364.000000
1477.000000
1467.000000
1525.000000
1437.000000
1379.000000
1325.000000
1249.000000
1283.000000
1197.000000
1022.000000
934.000000
782.000000
685.000000
533.000000
488.000000
457.000000
572.000000
658.000000
847.000000
947.000000
922.000000
1098.000000
1050.000000
1289.000000
1302.000000
1198.000000
1146.000000
1027.000000
956.000000
892.000000
895.000000
910.000000
869.000000
724.000000
588.000000
563.000000
444.000000
461.000000
369.000000
423.000000
459.000000
489.000000
565.000000
630.000000
667.000000
630.000000
604.000000
689.000000
689.000000
678.000000
699.000000
716.000000
693.000000
702.000000
695.000000
754.000000
719.000000
663.000000
605.000000
460.000000
393.000000
350.000000
323.000000
332.000000
443.000000
427.000000
460.000000
490.000000
462.000000
459.000000
495.000000
553.000000
530.000000
515.000000
541.000000
518.000000
545.000000
576.000000
577.000000
568.000000
536.000000
507.000000
424.000000
425.000000
333.000000
261.000000
254.000000
252.000000
283.000000
335.000000
284.000000
405.000000
428.000000
468.000000
478.000000
459.000000
395.000000
470.000000
521.000000
544.000000
484.000000
441.000000
455.000000
480.000000
473.000000
442.000000
369.000000
377.000000
315.000000
302.000000
240.000000
257.000000
289.000000
272.000000
409.000000
450.000000
400.000000
488.000000
493.000000
557.000000
