2137.000000
1877.000000
1162.000000
1430.000000
1110.000000
1059.000000
720.000000
737.000000
705.000000
895.000000
1140.000000
1181.000000
1560.000000
1581.000000
1569.000000
1834.000000
1862.000000
1575.000000
1489.000000
1894.000000
1812.000000
2456.000000
2294.000000
1919.000000
2566.000000
2838.000000
1596.000000
1541.000000
791.000000
664.000000
757.000000
726.000000
676.000000
818.000000
799.000000
981.000000
1533.000000
1569.000000
1884.000000
2570.000000
2865.000000
2258.000000
2006.000000
2603.000000
2067.000000
1487.000000
1452.000000
1637.000000
1720.000000
991.000000
1090.000000
828.000000
712.000000
442.000000
423.000000
572.000000
626.000000
580.000000
621.000000
1517.000000
1323.000000
1066.000000
1226.000000
1145.000000
1118.000000
1346.000000
1288.000000
1303.000000
1281.000000
1273.000000
1639.000000
1833.000000
2614.000000
2192.000000
1659.000000
3371.000000
1250.000000
863.000000
975.000000
1042.000000
1090.000000
1007.000000
1245.000000
1350.000000
1303.000000
1504.000000
1630.000000
1654.000000
1610.000000
1816.000000
1956.000000
2024.000000
1983.000000
1812.000000
1769.000000
2653.000000
2850.000000
2282.000000
1963.000000
1433.000000
1159.000000
1026.000000
827.000000
982.000000
1000.000000
991.000000
1652.000000
1524.000000
1343.000000
1371.000000
2255.000000
2221.000000
2077.000000
2150.000000
1982.000000
2090.000000
1801.000000
2044.000000
2271.000000
2999.000000
3490.000000
2586.000000
3024.000000
2126.000000
1561.000000
1574.000000
1408.000000
1134.000000
1108.000000
1273.000000
1565.000000
2098.000000
2566.000000
2768.000000
2526.000000
2793.000000
2788.000000
2522.000000
2659.000000
2622.000000
2357.000000
2581.000000
2924.000000
3262.000000
7011.000000
3371.000000
3050.000000
2496.000000
2475.000000
1699.000000
1394.000000
1459.000000
1426.000000
1509.000000
1908.000000
2354.000000
2628.000000
2996.000000
2966.000000
3028.000000
3188.000000
3136.000000
3622.000000
3502.000000
3314.000000
3408.000000
3156.000000
3402.000000
11024.000000
3873.000000
3143.000000
3198.000000
1952.000000
1649.000000
1272.000000
1116.000000
1235.000000
1253.000000
1347.000000
1662.000000
1847.000000
2123.000000
2257.000000
2499.000000
2652.000000
2643.000000
2835.000000
2817.000000
2998.000000
3317.000000
3149.000000
2817.000000
3061.000000
2914.000000
2415.000000
2022.000000
1483.000000
1113.000000
1020.000000
909.000000
833.000000
891.000000
1089.000000
1285.000000
1533.000000
1791.000000
2283.000000
2363.000000
2444.000000
2632.000000
2724.000000
2790.000000
2781.000000
2656.000000
2317.000000
2118.000000
2138.000000
1811.000000
1498.000000
1267.000000
999.000000
833.000000
741.000000
668.000000
688.000000
770.000000
954.000000
1136.000000
1396.000000
1420.000000
1482.000000
1569.000000
1563.000000
1505.000000
1519.000000
1448.000000
1457.000000
1393.000000
2123.000000
1735.000000
1508.000000
1393.000000
1179.000000
1021.000000
892.000000
761.000000
644.000000
651.000000
607.000000
632.000000
748.000000
824.000000
924.000000
956.000000
1044.000000
1148.000000
1100.000000
1072.000000
1224.000000
1181.000000
1219.000000
1141.000000
1671.000000
1247.000000
1367.000000
1113.000000
1045.000000
868.000000
669.000000
495.000000
454.000000
470.000000
465.000000
477.000000
625.000000
652.000000
794.000000
787.000000
868.000000
963.000000
894.000000
931.000000
1062.000000
1040.000000
963.000000
1111.000000
1159.000000
1046.000000
1084.000000
1101.000000
909.000000
808.000000
604.000000
444.000000
415.000000
365.000000
361.000000
436.000000
485.000000
669.000000
1200.000000
1187.000000
1123.000000
1167.000000
1068.000000
1031.000000
1093.000000
1232.000000
1077.000000
1107.000000
1127.000000
1159.000000
1152.000000
1063.000000
988.000000
728.000000
615.000000
539.000000
463.000000
452.000000
444.000000
472.000000
540.000000
709.000000
714.000000
756.000000
800.000000
908.000000
979.000000
1064.000000
1178.000000
1222.000000
1152.000000
1125.000000
1574.000000
1099.000000
1171.000000
