509.000000
506.000000
405.000000
382.000000
397.000000
360.000000
327.000000
346.000000
378.000000
349.000000
403.000000
449.000000
473.000000
476.000000
480.000000
471.000000
499.000000
531.000000
491.000000
482.000000
421.000000
424.000000
423.000000
441.000000
457.000000
477.000000
399.000000
359.000000
333.000000
385.000000
445.000000
418.000000
292.000000
323.000000
346.000000
459.000000
583.000000
578.000000
605.000000
620.000000
591.000000
577.000000
599.000000
543.000000
502.000000
913.000000
527.000000
560.000000
566.000000
499.000000
423.000000
337.000000
320.000000
339.000000
402.000000
397.000000
364.000000
359.000000
429.000000
511.000000
599.000000
782.000000
938.000000
867.000000
885.000000
645.000000
601.000000
609.000000
474.000000
503.000000
447.000000
477.000000
488.000000
612.000000
583.000000
416.000000
312.000000
317.000000
375.000000
438.000000
333.000000
370.000000
411.000000
469.000000
538.000000
571.000000
601.000000
621.000000
551.000000
526.000000
939.000000
467.000000
443.000000
394.000000
449.000000
418.000000
627.000000
441.000000
448.000000
374.000000
401.000000
304.000000
340.000000
363.000000
320.000000
505.000000
454.000000
720.000000
930.000000
1116.000000
1110.000000
1006.000000
767.000000
670.000000
557.000000
587.000000
421.000000
386.000000
432.000000
2120.000000
1524.000000
803.000000
1070.000000
957.000000
770.000000
687.000000
761.000000
707.000000
603.000000
664.000000
666.000000
739.000000
911.000000
1104.000000
1079.000000
1244.000000
1053.000000
979.000000
862.000000
776.000000
850.000000
634.000000
682.000000
708.000000
867.000000
852.000000
859.000000
756.000000
768.000000
1375.000000
1822.000000
2219.000000
2602.000000
2962.000000
3286.000000
3551.000000
3987.000000
4323.000000
4660.000000
5179.000000
5727.000000
6210.000000
6658.000000
6500.000000
6382.000000
6363.000000
7180.000000
7997.000000
8445.000000
8255.000000
7097.000000
5809.000000
4793.000000
3966.000000
3693.000000
3529.000000
3676.000000
3751.000000
4065.000000
4490.000000
4672.000000
4761.000000
4922.000000
5199.000000
5731.000000
6120.000000
6646.000000
6410.000000
5878.000000
5872.000000
6568.000000
7114.000000
7299.000000
7019.000000
6256.000000
5014.000000
3983.000000
3578.000000
3206.000000
3074.000000
3272.000000
3401.000000
3664.000000
3889.000000
4357.000000
4636.000000
4750.000000
5284.000000
5989.000000
6574.000000
6863.000000
6447.000000
5555.000000
5415.000000
6086.000000
6829.000000
7321.000000
6560.000000
5667.000000
4373.000000
3305.000000
2610.000000
2384.000000
2169.000000
2289.000000
2544.000000
2929.000000
3235.000000
3646.000000
3782.000000
4128.000000
4606.000000
5144.000000
5715.000000
5777.000000
5636.000000
5222.000000
5311.000000
5860.000000
6014.000000
6054.000000
5325.000000
4442.000000
3406.000000
2540.000000
1842.000000
1646.000000
1592.000000
1649.000000
1879.000000
2011.000000
2171.000000
2341.000000
2407.000000
2567.000000
2926.000000
3235.000000
3378.000000
3381.000000
3089.000000
2707.000000
2517.000000
2898.000000
3526.000000
3461.000000
3115.000000
2633.000000
2057.000000
1779.000000
1336.000000
1075.000000
1173.000000
1240.000000
1337.000000
1462.000000
1598.000000
1644.000000
1740.000000
1867.000000
2029.000000
2244.000000
2511.000000
2540.000000
2223.000000
1925.000000
1868.000000
1979.000000
2330.000000
2392.000000
2299.000000
1997.000000
1636.000000
1232.000000
988.000000
857.000000
886.000000
943.000000
987.000000
1183.000000
1125.000000
1222.000000
1334.000000
1322.000000
1540.000000
1722.000000
1887.000000
2047.000000
1744.000000
1607.000000
1546.000000
1671.000000
1930.000000
1981.000000
1784.000000
1533.000000
1264.000000
1000.000000
926.000000
803.000000
872.000000
983.000000
1039.000000
1038.000000
1161.000000
1240.000000
1247.000000
1349.000000
1530.000000
1797.000000
2068.000000
2164.000000
1822.000000
1730.000000
1695.000000
1896.000000
2366.000000
2425.000000
