1842.000000
1688.000000
1259.000000
986.000000
737.000000
559.000000
405.000000
419.000000
538.000000
632.000000
871.000000
1179.000000
1319.000000
1712.000000
1761.000000
1909.000000
1948.000000
1821.000000
1578.000000
1508.000000
1656.000000
1685.000000
1871.000000
1977.000000
2186.000000
1969.000000
1545.000000
1252.000000
918.000000
702.000000
524.000000
505.000000
555.000000
760.000000
1091.000000
1373.000000
1993.000000
1946.000000
1960.000000
2125.000000
2109.000000
1982.000000
1855.000000
1722.000000
2271.000000
2560.000000
2451.000000
2201.000000
2467.000000
2290.000000
1682.000000
1216.000000
871.000000
691.000000
629.000000
510.000000
618.000000
841.000000
1193.000000
1483.000000
1834.000000
2167.000000
2307.000000
2244.000000
2311.000000
2527.000000
2309.000000
2294.000000
2165.000000
2272.000000
2471.000000
2336.000000
2522.000000
2166.000000
1806.000000
1353.000000
1040.000000
681.000000
549.000000
539.000000
606.000000
871.000000
1187.000000
1524.000000
1847.000000
2127.000000
2426.000000
2598.000000
2924.000000
3143.000000
3155.000000
2916.000000
2720.000000
2967.000000
3126.000000
3204.000000
3323.000000
3125.000000
2336.000000
1694.000000
1262.000000
842.000000
730.000000
669.000000
810.000000
1140.000000
1720.000000
2181.000000
2653.000000
2998.000000
3256.000000
3389.000000
3640.000000
3775.000000
3726.000000
3797.000000
3700.000000
3810.000000
3910.000000
4125.000000
4330.000000
4300.000000
3559.000000
2414.000000
1735.000000
1227.000000
1001.000000
944.000000
1227.000000
1877.000000
2821.000000
3765.000000
4668.000000
5604.000000
5958.000000
6215.000000
7226.000000
7378.000000
7271.000000
7125.000000
7215.000000
7768.000000
8102.000000
8865.000000
9882.000000
10187.000000
8183.000000
6311.000000
4646.000000
3788.000000
3014.000000
3063.000000
4182.000000
7167.000000
9999.000000
13453.000000
17119.000000
20576.000000
22571.000000
24568.000000
26395.000000
28826.000000
27607.000000
26538.000000
26806.000000
29511.000000
32306.000000
32897.000000
35928.000000
32878.000000
28928.000000
20535.000000
14102.000000
9364.000000
7073.000000
6617.000000
9222.000000
14458.000000
20342.000000
24556.000000
28806.000000
30273.000000
31623.000000
31442.000000
30880.000000
30070.000000
26726.000000
25228.000000
25804.000000
25958.000000
28529.000000
30124.000000
32947.000000
30240.000000
22919.000000
19678.000000
13275.000000
9080.000000
6707.000000
6098.000000
7595.000000
11326.000000
16074.000000
20461.000000
23747.000000
27147.000000
28211.000000
27488.000000
26977.000000
26575.000000
24796.000000
23754.000000
24352.000000
26531.000000
27285.000000
27715.000000
31865.000000
33632.000000
24813.000000
19009.000000
12451.000000
8857.000000
6762.000000
6052.000000
7766.000000
11798.000000
15981.000000
20285.000000
24109.000000
26040.000000
28178.000000
28326.000000
29249.000000
29496.000000
27132.000000
25597.000000
26774.000000
26624.000000
28721.000000
29764.000000
32103.000000
28203.000000
24882.000000
17236.000000
11687.000000
8074.000000
5916.000000
5641.000000
7353.000000
11616.000000
15491.000000
19648.000000
23528.000000
25601.000000
27216.000000
28062.000000
28333.000000
27217.000000
26144.000000
25129.000000
24285.000000
25695.000000
25744.000000
26750.000000
28243.000000
25607.000000
21664.000000
14738.000000
10147.000000
7119.000000
5147.000000
4968.000000
6604.000000
10262.000000
14370.000000
17397.000000
21190.000000
23299.000000
24807.000000
25135.000000
25807.000000
25612.000000
24351.000000
23183.000000
23142.000000
24237.000000
23754.000000
24426.000000
25834.000000
23428.000000
20440.000000
13870.000000
9699.000000
7087.000000
4909.000000
4818.000000
6544.000000
10172.000000
13824.000000
17122.000000
19797.000000
21393.000000
24106.000000
24377.000000
24797.000000
24655.000000
23807.000000
23400.000000
23654.000000
24513.000000
24591.000000
23942.000000
26317.000000
23350.000000
20515.000000
14290.000000
9973.000000
6792.000000
4955.000000
4700.000000
6440.000000
10072.000000
13865.000000
16875.000000
20064.000000
21973.000000
22441.000000
22930.000000
22935.000000
22877.000000
22091.000000
21814.000000
21222.000000
21965.000000
22030.000000
23798.000000
24209.000000
