123.000000
176.000000
167.000000
148.000000
155.000000
159.000000
172.000000
151.000000
135.000000
106.000000
92.000000
106.000000
95.000000
96.000000
87.000000
62.000000
74.000000
73.000000
94.000000
77.000000
104.000000
102.000000
166.000000
148.000000
158.000000
167.000000
163.000000
169.000000
185.000000
176.000000
299.000000
284.000000
142.000000
151.000000
128.000000
173.000000
122.000000
83.000000
65.000000
97.000000
86.000000
153.000000
107.000000
113.000000
94.000000
134.000000
183.000000
156.000000
179.000000
234.000000
232.000000
263.000000
203.000000
189.000000
210.000000
212.000000
213.000000
191.000000
188.000000
168.000000
111.000000
114.000000
97.000000
91.000000
94.000000
93.000000
123.000000
118.000000
144.000000
167.000000
195.000000
235.000000
216.000000
286.000000
257.000000
225.000000
279.000000
234.000000
208.000000
172.000000
204.000000
177.000000
230.000000
180.000000
151.000000
112.000000
104.000000
80.000000
92.000000
125.000000
137.000000
137.000000
153.000000
181.000000
271.000000
220.000000
236.000000
318.000000
288.000000
264.000000
249.000000
240.000000
290.000000
224.000000
228.000000
195.000000
212.000000
175.000000
200.000000
109.000000
128.000000
110.000000
110.000000
95.000000
92.000000
153.000000
210.000000
252.000000
224.000000
237.000000
210.000000
276.000000
309.000000
324.000000
349.000000
272.000000
269.000000
222.000000
256.000000
221.000000
284.000000
228.000000
203.000000
157.000000
148.000000
155.000000
97.000000
146.000000
133.000000
196.000000
227.000000
266.000000
282.000000
315.000000
356.000000
360.000000
497.000000
526.000000
573.000000
460.000000
614.000000
521.000000
531.000000
509.000000
632.000000
614.000000
691.000000
529.000000
396.000000
353.000000
344.000000
293.000000
365.000000
498.000000
579.000000
655.000000
893.000000
871.000000
898.000000
853.000000
822.000000
872.000000
857.000000
771.000000
775.000000
687.000000
687.000000
741.000000
679.000000
564.000000
516.000000
423.000000
522.000000
383.000000
321.000000
282.000000
287.000000
326.000000
388.000000
482.000000
443.000000
496.000000
524.000000
539.000000
545.000000
572.000000
572.000000
550.000000
585.000000
552.000000
526.000000
457.000000
472.000000
406.000000
406.000000
348.000000
228.000000
199.000000
180.000000
134.000000
146.000000
158.000000
182.000000
256.000000
321.000000
386.000000
439.000000
435.000000
462.000000
513.000000
471.000000
488.000000
461.000000
386.000000
445.000000
468.000000
451.000000
386.000000
348.000000
289.000000
265.000000
217.000000
167.000000
167.000000
192.000000
233.000000
323.000000
405.000000
381.000000
425.000000
438.000000
434.000000
532.000000
458.000000
426.000000
463.000000
310.000000
299.000000
283.000000
271.000000
263.000000
239.000000
248.000000
229.000000
163.000000
121.000000
156.000000
133.000000
130.000000
187.000000
233.000000
280.000000
234.000000
290.000000
262.000000
264.000000
270.000000
300.000000
267.000000
281.000000
241.000000
273.000000
246.000000
233.000000
215.000000
220.000000
202.000000
189.000000
169.000000
149.000000
121.000000
107.000000
121.000000
98.000000
181.000000
189.000000
250.000000
229.000000
216.000000
224.000000
217.000000
224.000000
215.000000
226.000000
212.000000
207.000000
198.000000
191.000000
172.000000
196.000000
203.000000
176.000000
138.000000
109.000000
103.000000
85.000000
123.000000
132.000000
179.000000
185.000000
219.000000
212.000000
182.000000
245.000000
215.000000
236.000000
192.000000
209.000000
220.000000
187.000000
162.000000
147.000000
156.000000
148.000000
133.000000
130.000000
116.000000
108.000000
97.000000
96.000000
95.000000
129.000000
147.000000
167.000000
162.000000
199.000000
176.000000
