715.000000
534.000000
483.000000
681.000000
1980.000000
649.000000
498.000000
423.000000
334.000000
326.000000
407.000000
452.000000
522.000000
461.000000
489.000000
801.000000
627.000000
664.000000
690.000000
704.000000
678.000000
834.000000
739.000000
749.000000
716.000000
652.000000
563.000000
675.000000
593.000000
552.000000
389.000000
384.000000
346.000000
436.000000
489.000000
513.000000
557.000000
560.000000
593.000000
741.000000
730.000000
805.000000
905.000000
1337.000000
1068.000000
845.000000
884.000000
1210.000000
904.000000
818.000000
828.000000
780.000000
1080.000000
687.000000
503.000000
375.000000
364.000000
476.000000
435.000000
470.000000
610.000000
584.000000
655.000000
685.000000
712.000000
715.000000
688.000000
742.000000
732.000000
757.000000
861.000000
807.000000
793.000000
892.000000
873.000000
1025.000000
935.000000
645.000000
665.000000
466.000000
365.000000
387.000000
430.000000
462.000000
567.000000
589.000000
677.000000
670.000000
681.000000
633.000000
678.000000
689.000000
698.000000
766.000000
811.000000
2620.000000
1030.000000
722.000000
670.000000
715.000000
610.000000
1231.000000
567.000000
439.000000
373.000000
531.000000
554.000000
594.000000
666.000000
719.000000
689.000000
801.000000
769.000000
879.000000
904.000000
980.000000
944.000000
961.000000
1108.000000
1132.000000
1037.000000
1033.000000
776.000000
722.000000
846.000000
1608.000000
514.000000
515.000000
511.000000
720.000000
870.000000
1045.000000
891.000000
838.000000
1034.000000
1205.000000
1199.000000
1195.000000
1258.000000
1322.000000
1595.000000
1899.000000
1865.000000
2004.000000
1840.000000
1804.000000
1482.000000
1379.000000
1378.000000
1031.000000
815.000000
852.000000
902.000000
1212.000000
1399.000000
1416.000000
1470.000000
1659.000000
1679.000000
1874.000000
1860.000000
1884.000000
2123.000000
2016.000000
2019.000000
2233.000000
2379.000000
2169.000000
5737.000000
4528.000000
2090.000000
1578.000000
1438.000000
1158.000000
945.000000
894.000000
932.000000
1058.000000
1226.000000
1623.000000
1758.000000
1882.000000
1988.000000
2209.000000
2210.000000
2253.000000
2566.000000
2625.000000
2415.000000
2662.000000
2764.000000
3066.000000
3249.000000
2530.000000
1842.000000
1471.000000
1238.000000
1342.000000
1114.000000
828.000000
901.000000
994.000000
1143.000000
1660.000000
1500.000000
1435.000000
1534.000000
1585.000000
2477.000000
2426.000000
2193.000000
2346.000000
2606.000000
2488.000000
3259.000000
2571.000000
2725.000000
2790.000000
1676.000000
1409.000000
1819.000000
1238.000000
1034.000000
1014.000000
950.000000
981.000000
1254.000000
1415.000000
1310.000000
1339.000000
1496.000000
1913.000000
1809.000000
1839.000000
1724.000000
1858.000000
1836.000000
1834.000000
2072.000000
2019.000000
1852.000000
2341.000000
1584.000000
1256.000000
1430.000000
1295.000000
1091.000000
1154.000000
895.000000
953.000000
1032.000000
1072.000000
1114.000000
1128.000000
1271.000000
1435.000000
1674.000000
1673.000000
1725.000000
1862.000000
1866.000000
1922.000000
1910.000000
1931.000000
2014.000000
1742.000000
1407.000000
1326.000000
1482.000000
1341.000000
1057.000000
1398.000000
1434.000000
1313.000000
1423.000000
1502.000000
1488.000000
1466.000000
1634.000000
1716.000000
1804.000000
1854.000000
2185.000000
2031.000000
2149.000000
2433.000000
2443.000000
2380.000000
2387.000000
2204.000000
2056.000000
1834.000000
1780.000000
1784.000000
1804.000000
1452.000000
1391.000000
1523.000000
1580.000000
1597.000000
1698.000000
1714.000000
1828.000000
2060.000000
2196.000000
2196.000000
2295.000000
2370.000000
2518.000000
2566.000000
2745.000000
2877.000000
2926.000000
2703.000000
2420.000000
2352.000000
2784.000000
3124.000000
2655.000000
2786.000000
2289.000000
2350.000000
2111.000000
2339.000000
2395.000000
2300.000000
2808.000000
3052.000000
3397.000000
3721.000000
4131.000000
4131.000000
4002.000000
4455.000000
4497.000000
4671.000000
4693.000000
