996.000000
889.000000
732.000000
799.000000
666.000000
885.000000
658.000000
583.000000
550.000000
554.000000
549.000000
589.000000
603.000000
620.000000
706.000000
746.000000
751.000000
918.000000
852.000000
886.000000
945.000000
751.000000
936.000000
897.000000
789.000000
694.000000
681.000000
675.000000
773.000000
688.000000
936.000000
613.000000
567.000000
675.000000
529.000000
556.000000
608.000000
685.000000
664.000000
655.000000
737.000000
1077.000000
848.000000
949.000000
909.000000
1078.000000
1122.000000
1096.000000
957.000000
899.000000
814.000000
920.000000
767.000000
1048.000000
828.000000
673.000000
733.000000
682.000000
733.000000
719.000000
755.000000
880.000000
963.000000
1049.000000
1148.000000
1089.000000
1114.000000
1134.000000
1124.000000
1142.000000
1004.000000
1018.000000
1041.000000
848.000000
981.000000
1203.000000
1255.000000
917.000000
1041.000000
918.000000
939.000000
911.000000
825.000000
967.000000
973.000000
1063.000000
1166.000000
1210.000000
1430.000000
1469.000000
1716.000000
2032.000000
1933.000000
2108.000000
1903.000000
1777.000000
1519.000000
1359.000000
1335.000000
1531.000000
1994.000000
1807.000000
1452.000000
1383.000000
1420.000000
1415.000000
1403.000000
1450.000000
1522.000000
1877.000000
2009.000000
1926.000000
2091.000000
2560.000000
2132.000000
2165.000000
2084.000000
2287.000000
2240.000000
2115.000000
1846.000000
1577.000000
1601.000000
1620.000000
1517.000000
1496.000000
1423.000000
1507.000000
1683.000000
1922.000000
1761.000000
1848.000000
1938.000000
2100.000000
2447.000000
2479.000000
2663.000000
2494.000000
2797.000000
2638.000000
2471.000000
2432.000000
2530.000000
2310.000000
1971.000000
1897.000000
1940.000000
2057.000000
2553.000000
2306.000000
2345.000000
2233.000000
2130.000000
2087.000000
2030.000000
1912.000000
2070.000000
2417.000000
2879.000000
3226.000000
3258.000000
3659.000000
3551.000000
3585.000000
3398.000000
3466.000000
3390.000000
4996.000000
5691.000000
2799.000000
2635.000000
2466.000000
2889.000000
2594.000000
2442.000000
2529.000000
2270.000000
2296.000000
2307.000000
2262.000000
2355.000000
2424.000000
2692.000000
2828.000000
3100.000000
3301.000000
3334.000000
3510.000000
3281.000000
3276.000000
4059.000000
3363.000000
2857.000000
2669.000000
2516.000000
2695.000000
2650.000000
2487.000000
2480.000000
2314.000000
2096.000000
1955.000000
1969.000000
1925.000000
2038.000000
2076.000000
2358.000000
2467.000000
2586.000000
2967.000000
3697.000000
4007.000000
4188.000000
3869.000000
4221.000000
3904.000000
3592.000000
3229.000000
3112.000000
3264.000000
3131.000000
2929.000000
2765.000000
2405.000000
2213.000000
1978.000000
2162.000000
2170.000000
2314.000000
2697.000000
3182.000000
3361.000000
3220.000000
3145.000000
3039.000000
3108.000000
2985.000000
3105.000000
2976.000000
2619.000000
2276.000000
2525.000000
1966.000000
1844.000000
1889.000000
1850.000000
1896.000000
1879.000000
1742.000000
1724.000000
1756.000000
1778.000000
1733.000000
1995.000000
2154.000000
2168.000000
2267.000000
2243.000000
2328.000000
2117.000000
2144.000000
2154.000000
2146.000000
1940.000000
1870.000000
1635.000000
1493.000000
1576.000000
1657.000000
1562.000000
1559.000000
1512.000000
1581.000000
1658.000000
1829.000000
1699.000000
1807.000000
2085.000000
2276.000000
2034.000000
1950.000000
2255.000000
2147.000000
2184.000000
2113.000000
2027.000000
2159.000000
1989.000000
1889.000000
1597.000000
1357.000000
1442.000000
1473.000000
1430.000000
1366.000000
1453.000000
1375.000000
1413.000000
1487.000000
1384.000000
1433.000000
1525.000000
1714.000000
1758.000000
1842.000000
1905.000000
1844.000000
1736.000000
1784.000000
1739.000000
1701.000000
1558.000000
1493.000000
1274.000000
1180.000000
1240.000000
1305.000000
1284.000000
1265.000000
1298.000000
1312.000000
1287.000000
1377.000000
1371.000000
1480.000000
1539.000000
1738.000000
1797.000000
1992.000000
2230.000000
2154.000000
2030.000000
1853.000000
2137.000000
1956.000000
2171.000000
1906.000000
