284.000000
240.000000
282.000000
198.000000
133.000000
136.000000
99.000000
78.000000
102.000000
96.000000
102.000000
208.000000
223.000000
213.000000
241.000000
266.000000
222.000000
265.000000
298.000000
263.000000
225.000000
401.000000
268.000000
286.000000
362.000000
480.000000
266.000000
203.000000
192.000000
162.000000
110.000000
108.000000
95.000000
120.000000
147.000000
156.000000
194.000000
218.000000
238.000000
277.000000
292.000000
290.000000
356.000000
379.000000
322.000000
361.000000
548.000000
389.000000
309.000000
322.000000
295.000000
245.000000
183.000000
231.000000
186.000000
163.000000
199.000000
231.000000
275.000000
398.000000
381.000000
370.000000
454.000000
467.000000
514.000000
523.000000
505.000000
460.000000
383.000000
402.000000
470.000000
561.000000
552.000000
462.000000
442.000000
315.000000
207.000000
221.000000
153.000000
173.000000
169.000000
257.000000
342.000000
344.000000
395.000000
413.000000
417.000000
407.000000
437.000000
471.000000
445.000000
377.000000
403.000000
413.000000
472.000000
537.000000
475.000000
453.000000
323.000000
340.000000
303.000000
200.000000
153.000000
163.000000
201.000000
227.000000
384.000000
355.000000
428.000000
439.000000
495.000000
509.000000
468.000000
467.000000
546.000000
475.000000
460.000000
454.000000
535.000000
530.000000
584.000000
563.000000
400.000000
362.000000
279.000000
258.000000
215.000000
216.000000
259.000000
388.000000
447.000000
614.000000
698.000000
626.000000
705.000000
729.000000
775.000000
823.000000
819.000000
792.000000
911.000000
980.000000
1064.000000
1194.000000
1218.000000
1074.000000
879.000000
824.000000
674.000000
544.000000
472.000000
453.000000
659.000000
917.000000
1373.000000
1651.000000
1679.000000
1929.000000
1944.000000
1907.000000
1884.000000
1900.000000
1787.000000
1960.000000
1956.000000
2008.000000
2033.000000
2212.000000
2360.000000
2316.000000
1932.000000
1521.000000
1135.000000
805.000000
627.000000
543.000000
665.000000
839.000000
1041.000000
1199.000000
1326.000000
1585.000000
1591.000000
1773.000000
1665.000000
1578.000000
1682.000000
1616.000000
1522.000000
1735.000000
1662.000000
1803.000000
1879.000000
1715.000000
1533.000000
1303.000000
944.000000
665.000000
580.000000
488.000000
505.000000
582.000000
787.000000
941.000000
1057.000000
1260.000000
1357.000000
1382.000000
1488.000000
1534.000000
1542.000000
1482.000000
1483.000000
1536.000000
1454.000000
1551.000000
1613.000000
1416.000000
1131.000000
918.000000
629.000000
555.000000
395.000000
389.000000
535.000000
756.000000
1003.000000
1333.000000
1338.000000
1313.000000
1401.000000
1304.000000
1294.000000
1112.000000
1071.000000
993.000000
960.000000
971.000000
935.000000
970.000000
972.000000
816.000000
703.000000
533.000000
435.000000
309.000000
306.000000
253.000000
369.000000
419.000000
543.000000
695.000000
697.000000
692.000000
767.000000
744.000000
761.000000
771.000000
703.000000
712.000000
641.000000
697.000000
809.000000
742.000000
766.000000
688.000000
581.000000
442.000000
366.000000
241.000000
270.000000
233.000000
252.000000
324.000000
360.000000
511.000000
474.000000
477.000000
527.000000
523.000000
500.000000
473.000000
502.000000
469.000000
469.000000
502.000000
591.000000
529.000000
539.000000
441.000000
392.000000
316.000000
268.000000
219.000000
194.000000
155.000000
190.000000
228.000000
305.000000
349.000000
407.000000
396.000000
371.000000
419.000000
374.000000
397.000000
407.000000
382.000000
388.000000
395.000000
413.000000
445.000000
421.000000
416.000000
341.000000
277.000000
192.000000
173.000000
143.000000
152.000000
171.000000
247.000000
253.000000
329.000000
345.000000
356.000000
397.000000
349.000000
364.000000
390.000000
410.000000
433.000000
383.000000
447.000000
392.000000
433.000000
488.000000
