518.000000
479.000000
420.000000
534.000000
600.000000
610.000000
475.000000
400.000000
262.000000
224.000000
195.000000
95.000000
73.000000
100.000000
102.000000
117.000000
154.000000
205.000000
230.000000
245.000000
217.000000
238.000000
273.000000
268.000000
267.000000
292.000000
220.000000
287.000000
403.000000
506.000000
506.000000
416.000000
465.000000
216.000000
181.000000
103.000000
94.000000
49.000000
60.000000
156.000000
389.000000
254.000000
396.000000
387.000000
302.000000
348.000000
345.000000
315.000000
327.000000
416.000000
348.000000
1017.000000
1606.000000
878.000000
906.000000
710.000000
527.000000
245.000000
150.000000
89.000000
80.000000
87.000000
105.000000
182.000000
284.000000
298.000000
448.000000
454.000000
579.000000
988.000000
746.000000
791.000000
789.000000
718.000000
756.000000
1078.000000
903.000000
690.000000
572.000000
494.000000
628.000000
301.000000
202.000000
191.000000
159.000000
202.000000
256.000000
329.000000
436.000000
636.000000
610.000000
653.000000
764.000000
785.000000
921.000000
864.000000
764.000000
788.000000
758.000000
1606.000000
1337.000000
1045.000000
874.000000
737.000000
414.000000
298.000000
225.000000
145.000000
132.000000
154.000000
223.000000
365.000000
559.000000
590.000000
600.000000
824.000000
815.000000
959.000000
1195.000000
896.000000
842.000000
728.000000
880.000000
930.000000
820.000000
912.000000
922.000000
653.000000
599.000000
459.000000
292.000000
207.000000
175.000000
224.000000
564.000000
786.000000
1185.000000
994.000000
1008.000000
1067.000000
1035.000000
1084.000000
1152.000000
849.000000
828.000000
1017.000000
1190.000000
1117.000000
1267.000000
1155.000000
927.000000
867.000000
599.000000
573.000000
332.000000
309.000000
224.000000
222.000000
445.000000
876.000000
1423.000000
1310.000000
1333.000000
1408.000000
1448.000000
1509.000000
1378.000000
1483.000000
1651.000000
1314.000000
1357.000000
1459.000000
1389.000000
1441.000000
1401.000000
1179.000000
941.000000
621.000000
464.000000
319.000000
276.000000
226.000000
340.000000
417.000000
674.000000
1024.000000
960.000000
840.000000
1125.000000
1007.000000
1042.000000
1256.000000
1164.000000
1161.000000
1360.000000
1162.000000
1133.000000
1175.000000
1119.000000
963.000000
759.000000
516.000000
380.000000
307.000000
244.000000
190.000000
205.000000
325.000000
422.000000
552.000000
697.000000
622.000000
831.000000
908.000000
901.000000
863.000000
943.000000
1122.000000
1123.000000
1287.000000
1206.000000
1259.000000
1059.000000
887.000000
754.000000
452.000000
288.000000
260.000000
207.000000
237.000000
257.000000
357.000000
583.000000
674.000000
757.000000
771.000000
732.000000
784.000000
683.000000
682.000000
714.000000
599.000000
619.000000
635.000000
603.000000
591.000000
567.000000
491.000000
375.000000
303.000000
184.000000
141.000000
144.000000
122.000000
139.000000
197.000000
254.000000
279.000000
357.000000
378.000000
469.000000
451.000000
524.000000
509.000000
599.000000
530.000000
497.000000
543.000000
589.000000
516.000000
509.000000
469.000000
368.000000
312.000000
203.000000
142.000000
116.000000
95.000000
140.000000
171.000000
237.000000
272.000000
281.000000
362.000000
326.000000
396.000000
395.000000
374.000000
376.000000
346.000000
380.000000
356.000000
357.000000
409.000000
341.000000
312.000000
221.000000
194.000000
136.000000
100.000000
84.000000
91.000000
97.000000
137.000000
200.000000
248.000000
246.000000
281.000000
312.000000
308.000000
294.000000
315.000000
327.000000
348.000000
319.000000
368.000000
382.000000
372.000000
385.000000
345.000000
254.000000
188.000000
123.000000
91.000000
78.000000
72.000000
93.000000
169.000000
314.000000
376.000000
339.000000
499.000000
393.000000
415.000000
442.000000
440.000000
518.000000
