717.000000
620.000000
596.000000
618.000000
637.000000
533.000000
606.000000
624.000000
694.000000
709.000000
582.000000
522.000000
525.000000
433.000000
420.000000
357.000000
402.000000
375.000000
484.000000
508.000000
455.000000
504.000000
547.000000
513.000000
478.000000
462.000000
452.000000
433.000000
428.000000
382.000000
407.000000
481.000000
704.000000
735.000000
611.000000
474.000000
441.000000
381.000000
331.000000
316.000000
328.000000
287.000000
445.000000
430.000000
495.000000
494.000000
435.000000
590.000000
499.000000
459.000000
480.000000
553.000000
481.000000
562.000000
556.000000
581.000000
718.000000
639.000000
511.000000
525.000000
445.000000
340.000000
316.000000
268.000000
285.000000
297.000000
369.000000
351.000000
507.000000
472.000000
493.000000
503.000000
497.000000
532.000000
520.000000
567.000000
551.000000
540.000000
507.000000
741.000000
1381.000000
860.000000
652.000000
584.000000
395.000000
350.000000
340.000000
316.000000
341.000000
383.000000
1058.000000
756.000000
812.000000
818.000000
816.000000
780.000000
743.000000
657.000000
712.000000
653.000000
679.000000
707.000000
654.000000
716.000000
827.000000
675.000000
612.000000
833.000000
482.000000
403.000000
445.000000
391.000000
378.000000
418.000000
534.000000
581.000000
776.000000
784.000000
854.000000
811.000000
783.000000
830.000000
793.000000
724.000000
880.000000
809.000000
741.000000
796.000000
978.000000
893.000000
759.000000
811.000000
665.000000
584.000000
569.000000
484.000000
460.000000
545.000000
651.000000
760.000000
1025.000000
1179.000000
1177.000000
1308.000000
1277.000000
1246.000000
1547.000000
1598.000000
1394.000000
1239.000000
1269.000000
1441.000000
1572.000000
1603.000000
1474.000000
1373.000000
1119.000000
931.000000
790.000000
807.000000
737.000000
925.000000
1053.000000
1334.000000
1586.000000
1760.000000
1879.000000
1997.000000
2030.000000
1996.000000
1925.000000
1828.000000
1704.000000
1740.000000
1680.000000
1756.000000
1843.000000
1877.000000
1853.000000
1696.000000
1531.000000
1129.000000
1041.000000
876.000000
785.000000
738.000000
883.000000
1118.000000
1308.000000
1477.000000
1584.000000
1583.000000
1597.000000
1717.000000
1596.000000
1639.000000
1605.000000
1618.000000
1588.000000
1460.000000
1725.000000
1749.000000
1753.000000
1558.000000
1291.000000
1005.000000
939.000000
779.000000
720.000000
729.000000
773.000000
915.000000
1094.000000
1192.000000
1395.000000
1490.000000
1552.000000
1589.000000
1612.000000
1579.000000
1492.000000
1491.000000
1631.000000
1624.000000
1693.000000
1683.000000
1458.000000
1387.000000
1137.000000
910.000000
859.000000
755.000000
831.000000
740.000000
894.000000
1082.000000
1189.000000
1325.000000
1435.000000
1269.000000
1152.000000
1255.000000
1182.000000
1100.000000
1038.000000
1047.000000
1119.000000
1003.000000
1144.000000
1113.000000
1142.000000
1025.000000
917.000000
828.000000
789.000000
660.000000
689.000000
700.000000
796.000000
843.000000
970.000000
1030.000000
1062.000000
1140.000000
973.000000
919.000000
969.000000
909.000000
911.000000
893.000000
887.000000
950.000000
1209.000000
1087.000000
1016.000000
1040.000000
861.000000
856.000000
777.000000
691.000000
782.000000
780.000000
911.000000
955.000000
1041.000000
1075.000000
1079.000000
965.000000
845.000000
811.000000
768.000000
760.000000
775.000000
757.000000
750.000000
836.000000
902.000000
885.000000
915.000000
911.000000
750.000000
704.000000
680.000000
641.000000
673.000000
784.000000
779.000000
830.000000
888.000000
935.000000
970.000000
911.000000
797.000000
738.000000
734.000000
681.000000
729.000000
584.000000
666.000000
773.000000
836.000000
750.000000
766.000000
786.000000
710.000000
764.000000
643.000000
638.000000
612.000000
676.000000
681.000000
768.000000
865.000000
948.000000
908.000000
863.000000
870.000000
