895.000000
1152.000000
916.000000
879.000000
587.000000
357.000000
284.000000
201.000000
160.000000
137.000000
193.000000
299.000000
312.000000
354.000000
344.000000
381.000000
400.000000
434.000000
477.000000
487.000000
455.000000
520.000000
861.000000
857.000000
802.000000
946.000000
1219.000000
854.000000
609.000000
358.000000
257.000000
218.000000
153.000000
156.000000
218.000000
256.000000
331.000000
427.000000
483.000000
579.000000
482.000000
520.000000
536.000000
534.000000
572.000000
626.000000
892.000000
936.000000
1541.000000
1388.000000
1309.000000
908.000000
732.000000
379.000000
297.000000
205.000000
163.000000
218.000000
241.000000
300.000000
361.000000
409.000000
480.000000
474.000000
490.000000
929.000000
886.000000
784.000000
809.000000
788.000000
811.000000
3311.000000
2003.000000
1952.000000
1526.000000
1031.000000
816.000000
534.000000
354.000000
324.000000
302.000000
255.000000
365.000000
469.000000
536.000000
536.000000
618.000000
1058.000000
1199.000000
1045.000000
1082.000000
940.000000
1173.000000
1152.000000
1574.000000
1469.000000
1905.000000
1446.000000
1533.000000
1340.000000
883.000000
694.000000
531.000000
424.000000
410.000000
412.000000
528.000000
698.000000
752.000000
798.000000
886.000000
939.000000
943.000000
995.000000
1015.000000
1053.000000
1079.000000
1085.000000
1188.000000
1471.000000
1321.000000
1626.000000
1603.000000
1234.000000
901.000000
607.000000
865.000000
671.000000
596.000000
646.000000
808.000000
1262.000000
1564.000000
1458.000000
1393.000000
1348.000000
1420.000000
1333.000000
1367.000000
1541.000000
1389.000000
1367.000000
1733.000000
2013.000000
2158.000000
2253.000000
2093.000000
1996.000000
1460.000000
1087.000000
802.000000
647.000000
645.000000
723.000000
1045.000000
1467.000000
1832.000000
2136.000000
2078.000000
2253.000000
2481.000000
2584.000000
2791.000000
2929.000000
2501.000000
3082.000000
3158.000000
3125.000000
3796.000000
3597.000000
3661.000000
3167.000000
2454.000000
1753.000000
1330.000000
999.000000
810.000000
786.000000
934.000000
1257.000000
1580.000000
1902.000000
2021.000000
2189.000000
2157.000000
2068.000000
2128.000000
2272.000000
2188.000000
2219.000000
2359.000000
2422.000000
2671.000000
2822.000000
2838.000000
2762.000000
2181.000000
1591.000000
1135.000000
849.000000
705.000000
706.000000
792.000000
1214.000000
1422.000000
1688.000000
1831.000000
1892.000000
1993.000000
2000.000000
1939.000000
2120.000000
1937.000000
1945.000000
2071.000000
2127.000000
2106.000000
2146.000000
1766.000000
1349.000000
1012.000000
887.000000
719.000000
540.000000
606.000000
726.000000
930.000000
1125.000000
1231.000000
1277.000000
1316.000000
1321.000000
1303.000000
1208.000000
1219.000000
1457.000000
1391.000000
1359.000000
1429.000000
1427.000000
1435.000000
1142.000000
1109.000000
841.000000
662.000000
534.000000
431.000000
377.000000
383.000000
457.000000
571.000000
682.000000
718.000000
864.000000
746.000000
872.000000
861.000000
925.000000
906.000000
812.000000
923.000000
1046.000000
1089.000000
1492.000000
1320.000000
1218.000000
1066.000000
756.000000
590.000000
475.000000
371.000000
330.000000
337.000000
367.000000
436.000000
555.000000
615.000000
613.000000
641.000000
648.000000
695.000000
732.000000
753.000000
692.000000
787.000000
749.000000
825.000000
834.000000
968.000000
883.000000
811.000000
653.000000
453.000000
440.000000
363.000000
330.000000
372.000000
436.000000
504.000000
574.000000
572.000000
614.000000
569.000000
591.000000
590.000000
567.000000
559.000000
567.000000
577.000000
707.000000
838.000000
853.000000
873.000000
865.000000
791.000000
590.000000
465.000000
414.000000
353.000000
364.000000
411.000000
421.000000
585.000000
656.000000
653.000000
732.000000
667.000000
692.000000
673.000000
655.000000
642.000000
752.000000
773.000000
803.000000
877.000000
987.000000
1162.000000
