366.000000
293.000000
366.000000
340.000000
291.000000
277.000000
270.000000
260.000000
172.000000
179.000000
180.000000
157.000000
149.000000
156.000000
153.000000
188.000000
229.000000
245.000000
313.000000
286.000000
426.000000
357.000000
348.000000
356.000000
453.000000
313.000000
280.000000
395.000000
541.000000
407.000000
309.000000
284.000000
265.000000
173.000000
161.000000
162.000000
146.000000
167.000000
186.000000
245.000000
250.000000
362.000000
357.000000
432.000000
543.000000
498.000000
513.000000
592.000000
525.000000
477.000000
371.000000
394.000000
959.000000
558.000000
455.000000
509.000000
278.000000
209.000000
226.000000
189.000000
183.000000
187.000000
236.000000
298.000000
340.000000
362.000000
410.000000
485.000000
575.000000
601.000000
579.000000
524.000000
595.000000
662.000000
613.000000
589.000000
807.000000
653.000000
635.000000
665.000000
455.000000
320.000000
312.000000
307.000000
298.000000
355.000000
413.000000
410.000000
502.000000
572.000000
586.000000
672.000000
669.000000
773.000000
745.000000
747.000000
729.000000
759.000000
735.000000
761.000000
831.000000
739.000000
706.000000
577.000000
467.000000
386.000000
377.000000
358.000000
366.000000
399.000000
535.000000
626.000000
878.000000
821.000000
700.000000
880.000000
1061.000000
1023.000000
1011.000000
926.000000
909.000000
812.000000
833.000000
915.000000
1375.000000
1119.000000
993.000000
791.000000
771.000000
614.000000
667.000000
586.000000
569.000000
719.000000
856.000000
1142.000000
1467.000000
1456.000000
1550.000000
1612.000000
1716.000000
1552.000000
1575.000000
1697.000000
1760.000000
1678.000000
1476.000000
1425.000000
1429.000000
1280.000000
1298.000000
1341.000000
986.000000
777.000000
725.000000
604.000000
560.000000
582.000000
673.000000
827.000000
997.000000
1043.000000
1122.000000
1111.000000
1207.000000
1191.000000
1167.000000
1361.000000
2184.000000
1653.000000
1552.000000
1344.000000
1195.000000
1170.000000
1164.000000
1009.000000
875.000000
726.000000
632.000000
492.000000
509.000000
454.000000
600.000000
720.000000
854.000000
887.000000
1011.000000
1385.000000
1310.000000
1480.000000
1643.000000
1510.000000
1522.000000
1639.000000
1468.000000
1602.000000
1572.000000
1370.000000
1376.000000
1179.000000
950.000000
790.000000
633.000000
566.000000
596.000000
718.000000
967.000000
1180.000000
1452.000000
1476.000000
1244.000000
1239.000000
1197.000000
1209.000000
1080.000000
1029.000000
946.000000
816.000000
780.000000
698.000000
759.000000
736.000000
607.000000
464.000000
424.000000
405.000000
339.000000
331.000000
301.000000
398.000000
430.000000
491.000000
500.000000
602.000000
785.000000
775.000000
742.000000
806.000000
774.000000
743.000000
624.000000
562.000000
545.000000
484.000000
509.000000
415.000000
475.000000
408.000000
338.000000
266.000000
281.000000
275.000000
237.000000
331.000000
312.000000
379.000000
461.000000
492.000000
482.000000
473.000000
503.000000
498.000000
580.000000
505.000000
504.000000
399.000000
361.000000
372.000000
387.000000
413.000000
356.000000
297.000000
281.000000
248.000000
226.000000
199.000000
205.000000
224.000000
271.000000
359.000000
332.000000
379.000000
413.000000
424.000000
423.000000
455.000000
449.000000
436.000000
426.000000
416.000000
353.000000
377.000000
378.000000
329.000000
348.000000
280.000000
237.000000
226.000000
207.000000
185.000000
182.000000
233.000000
252.000000
299.000000
310.000000
382.000000
423.000000
427.000000
446.000000
452.000000
435.000000
490.000000
390.000000
441.000000
368.000000
351.000000
384.000000
380.000000
319.000000
295.000000
304.000000
263.000000
226.000000
169.000000
180.000000
181.000000
218.000000
270.000000
343.000000
352.000000
393.000000
414.000000
538.000000
564.000000
533.000000
493.000000
522.000000
