321.000000
327.000000
383.000000
324.000000
382.000000
421.000000
391.000000
411.000000
326.000000
425.000000
414.000000
471.000000
468.000000
276.000000
274.000000
213.000000
156.000000
118.000000
127.000000
146.000000
218.000000
282.000000
274.000000
314.000000
328.000000
301.000000
458.000000
427.000000
400.000000
580.000000
426.000000
402.000000
510.000000
402.000000
548.000000
458.000000
514.000000
402.000000
334.000000
256.000000
247.000000
194.000000
184.000000
262.000000
266.000000
347.000000
369.000000
359.000000
344.000000
613.000000
523.000000
521.000000
564.000000
565.000000
553.000000
444.000000
487.000000
763.000000
619.000000
606.000000
580.000000
396.000000
296.000000
186.000000
222.000000
149.000000
225.000000
310.000000
481.000000
354.000000
443.000000
386.000000
433.000000
425.000000
452.000000
473.000000
575.000000
533.000000
573.000000
512.000000
619.000000
537.000000
716.000000
652.000000
530.000000
399.000000
312.000000
289.000000
217.000000
239.000000
214.000000
409.000000
401.000000
423.000000
420.000000
395.000000
463.000000
447.000000
469.000000
510.000000
496.000000
562.000000
465.000000
593.000000
528.000000
498.000000
652.000000
598.000000
518.000000
505.000000
372.000000
298.000000
261.000000
212.000000
289.000000
340.000000
384.000000
449.000000
508.000000
487.000000
531.000000
575.000000
601.000000
686.000000
1016.000000
1087.000000
967.000000
921.000000
776.000000
818.000000
1083.000000
1010.000000
757.000000
746.000000
530.000000
400.000000
353.000000
372.000000
339.000000
425.000000
585.000000
801.000000
980.000000
1086.000000
1160.000000
1063.000000
1107.000000
1221.000000
1224.000000
1265.000000
1104.000000
1074.000000
1405.000000
1564.000000
1655.000000
1755.000000
1557.000000
1510.000000
959.000000
858.000000
713.000000
693.000000
747.000000
946.000000
1373.000000
2003.000000
2242.000000
2445.000000
2683.000000
2463.000000
2389.000000
2424.000000
2370.000000
2595.000000
2168.000000
2271.000000
2143.000000
1913.000000
1898.000000
1910.000000
1626.000000
1343.000000
1261.000000
930.000000
805.000000
688.000000
540.000000
679.000000
883.000000
988.000000
1051.000000
1132.000000
1142.000000
1097.000000
1021.000000
1141.000000
1186.000000
1251.000000
1380.000000
1354.000000
1213.000000
1286.000000
1428.000000
1411.000000
1133.000000
992.000000
1019.000000
694.000000
574.000000
549.000000
525.000000
616.000000
716.000000
757.000000
825.000000
1027.000000
1015.000000
1172.000000
1113.000000
1128.000000
1267.000000
1266.000000
1271.000000
1231.000000
1091.000000
1098.000000
1225.000000
1111.000000
1001.000000
784.000000
650.000000
581.000000
537.000000
695.000000
485.000000
462.000000
632.000000
716.000000
838.000000
818.000000
869.000000
932.000000
977.000000
939.000000
940.000000
951.000000
753.000000
734.000000
686.000000
626.000000
635.000000
628.000000
731.000000
528.000000
453.000000
442.000000
334.000000
301.000000
368.000000
399.000000
424.000000
520.000000
554.000000
549.000000
637.000000
614.000000
630.000000
683.000000
794.000000
717.000000
673.000000
582.000000
613.000000
541.000000
598.000000
663.000000
602.000000
497.000000
443.000000
374.000000
371.000000
280.000000
431.000000
390.000000
444.000000
426.000000
533.000000
616.000000
651.000000
639.000000
623.000000
631.000000
686.000000
733.000000
765.000000
674.000000
588.000000
615.000000
676.000000
662.000000
602.000000
577.000000
544.000000
519.000000
444.000000
470.000000
471.000000
433.000000
485.000000
570.000000
590.000000
507.000000
532.000000
542.000000
605.000000
632.000000
650.000000
665.000000
602.000000
586.000000
592.000000
569.000000
617.000000
561.000000
491.000000
483.000000
419.000000
392.000000
309.000000
348.000000
370.000000
394.000000
478.000000
589.000000
709.000000
644.000000
610.000000
