276.000000
267.000000
249.000000
269.000000
259.000000
201.000000
225.000000
207.000000
168.000000
191.000000
189.000000
251.000000
291.000000
319.000000
323.000000
396.000000
362.000000
358.000000
455.000000
441.000000
431.000000
439.000000
451.000000
439.000000
486.000000
435.000000
461.000000
383.000000
299.000000
243.000000
285.000000
216.000000
254.000000
272.000000
273.000000
348.000000
332.000000
443.000000
473.000000
491.000000
462.000000
433.000000
758.000000
426.000000
499.000000
577.000000
445.000000
431.000000
476.000000
438.000000
371.000000
362.000000
261.000000
229.000000
237.000000
215.000000
227.000000
241.000000
252.000000
316.000000
339.000000
379.000000
395.000000
380.000000
404.000000
433.000000
448.000000
494.000000
454.000000
464.000000
475.000000
669.000000
571.000000
428.000000
375.000000
372.000000
267.000000
233.000000
204.000000
194.000000
185.000000
273.000000
234.000000
296.000000
335.000000
355.000000
366.000000
459.000000
411.000000
461.000000
518.000000
495.000000
465.000000
532.000000
466.000000
967.000000
580.000000
483.000000
531.000000
388.000000
417.000000
275.000000
273.000000
224.000000
241.000000
306.000000
302.000000
343.000000
443.000000
572.000000
449.000000
489.000000
471.000000
493.000000
524.000000
492.000000
472.000000
484.000000
550.000000
565.000000
602.000000
655.000000
492.000000
470.000000
370.000000
316.000000
299.000000
290.000000
275.000000
326.000000
522.000000
469.000000
478.000000
585.000000
582.000000
545.000000
554.000000
613.000000
671.000000
727.000000
757.000000
746.000000
844.000000
867.000000
804.000000
781.000000
1051.000000
737.000000
628.000000
496.000000
460.000000
399.000000
444.000000
561.000000
688.000000
788.000000
924.000000
1033.000000
1120.000000
1025.000000
1027.000000
1335.000000
1224.000000
1358.000000
1287.000000
1278.000000
1293.000000
1372.000000
1395.000000
1285.000000
1201.000000
1089.000000
734.000000
663.000000
593.000000
517.000000
495.000000
556.000000
543.000000
721.000000
863.000000
989.000000
1042.000000
1048.000000
1128.000000
1249.000000
1169.000000
1247.000000
1221.000000
1136.000000
1186.000000
1238.000000
1267.000000
1144.000000
1050.000000
911.000000
741.000000
660.000000
548.000000
477.000000
483.000000
437.000000
528.000000
629.000000
792.000000
926.000000
1122.000000
1305.000000
1250.000000
1187.000000
1270.000000
1158.000000
1145.000000
1172.000000
1161.000000
1211.000000
1119.000000
1042.000000
959.000000
803.000000
694.000000
561.000000
472.000000
466.000000
460.000000
477.000000
566.000000
602.000000
724.000000
813.000000
814.000000
827.000000
725.000000
755.000000
685.000000
747.000000
671.000000
730.000000
638.000000
626.000000
701.000000
677.000000
563.000000
562.000000
422.000000
420.000000
369.000000
332.000000
337.000000
358.000000
418.000000
436.000000
492.000000
440.000000
577.000000
555.000000
514.000000
548.000000
551.000000
590.000000
634.000000
616.000000
637.000000
740.000000
664.000000
636.000000
585.000000
502.000000
399.000000
382.000000
325.000000
303.000000
299.000000
346.000000
379.000000
448.000000
523.000000
494.000000
534.000000
500.000000
519.000000
494.000000
568.000000
556.000000
556.000000
556.000000
492.000000
541.000000
526.000000
531.000000
492.000000
454.000000
353.000000
349.000000
287.000000
297.000000
286.000000
295.000000
338.000000
382.000000
397.000000
470.000000
474.000000
448.000000
459.000000
464.000000
487.000000
547.000000
585.000000
486.000000
470.000000
508.000000
586.000000
501.000000
434.000000
409.000000
348.000000
318.000000
278.000000
274.000000
291.000000
330.000000
370.000000
456.000000
452.000000
436.000000
489.000000
549.000000
497.000000
566.000000
664.000000
620.000000
597.000000
616.000000
621.000000
689.000000
687.000000
