903.000000
838.000000
635.000000
470.000000
455.000000
350.000000
403.000000
396.000000
430.000000
434.000000
480.000000
566.000000
561.000000
522.000000
561.000000
584.000000
585.000000
612.000000
559.000000
591.000000
594.000000
575.000000
666.000000
580.000000
500.000000
413.000000
394.000000
335.000000
266.000000
306.000000
259.000000
268.000000
285.000000
318.000000
334.000000
364.000000
400.000000
441.000000
483.000000
537.000000
470.000000
488.000000
555.000000
550.000000
597.000000
560.000000
486.000000
498.000000
406.000000
405.000000
322.000000
294.000000
249.000000
301.000000
276.000000
301.000000
313.000000
329.000000
359.000000
365.000000
428.000000
463.000000
491.000000
537.000000
663.000000
670.000000
601.000000
595.000000
594.000000
613.000000
721.000000
1078.000000
939.000000
545.000000
452.000000
432.000000
339.000000
357.000000
344.000000
329.000000
364.000000
391.000000
438.000000
430.000000
413.000000
507.000000
718.000000
721.000000
613.000000
607.000000
718.000000
659.000000
637.000000
587.000000
614.000000
594.000000
497.000000
407.000000
335.000000
286.000000
285.000000
291.000000
304.000000
253.000000
273.000000
356.000000
294.000000
362.000000
381.000000
377.000000
478.000000
488.000000
483.000000
587.000000
512.000000
583.000000
545.000000
524.000000
559.000000
545.000000
490.000000
437.000000
382.000000
307.000000
241.000000
320.000000
261.000000
257.000000
322.000000
327.000000
300.000000
397.000000
397.000000
425.000000
494.000000
474.000000
485.000000
561.000000
552.000000
557.000000
583.000000
544.000000
624.000000
639.000000
745.000000
671.000000
478.000000
391.000000
333.000000
357.000000
370.000000
309.000000
349.000000
413.000000
399.000000
477.000000
524.000000
529.000000
589.000000
633.000000
651.000000
727.000000
676.000000
707.000000
838.000000
1089.000000
2428.000000
5015.000000
5094.000000
1642.000000
1016.000000
794.000000
583.000000
634.000000
585.000000
566.000000
640.000000
731.000000
728.000000
804.000000
821.000000
794.000000
838.000000
831.000000
883.000000
840.000000
797.000000
760.000000
747.000000
804.000000
657.000000
643.000000
610.000000
539.000000
399.000000
383.000000
279.000000
342.000000
290.000000
333.000000
353.000000
394.000000
396.000000
456.000000
500.000000
550.000000
997.000000
990.000000
842.000000
855.000000
782.000000
747.000000
745.000000
697.000000
679.000000
600.000000
494.000000
401.000000
376.000000
387.000000
318.000000
271.000000
294.000000
322.000000
327.000000
371.000000
346.000000
461.000000
416.000000
486.000000
482.000000
541.000000
590.000000
627.000000
530.000000
613.000000
546.000000
614.000000
566.000000
556.000000
464.000000
367.000000
391.000000
336.000000
306.000000
314.000000
277.000000
277.000000
339.000000
345.000000
389.000000
380.000000
451.000000
448.000000
515.000000
626.000000
618.000000
742.000000
1188.000000
1382.000000
1209.000000
862.000000
798.000000
750.000000
833.000000
656.000000
551.000000
447.000000
370.000000
363.000000
367.000000
374.000000
397.000000
417.000000
420.000000
441.000000
474.000000
433.000000
537.000000
569.000000
556.000000
585.000000
576.000000
588.000000
592.000000
530.000000
570.000000
519.000000
405.000000
374.000000
365.000000
302.000000
308.000000
257.000000
317.000000
250.000000
247.000000
583.000000
321.000000
335.000000
394.000000
403.000000
433.000000
460.000000
495.000000
515.000000
497.000000
476.000000
478.000000
546.000000
474.000000
465.000000
385.000000
334.000000
317.000000
313.000000
245.000000
256.000000
245.000000
252.000000
295.000000
315.000000
299.000000
309.000000
374.000000
364.000000
435.000000
454.000000
445.000000
462.000000
461.000000
472.000000
511.000000
478.000000
506.000000
462.000000
392.000000
