677.000000
626.000000
557.000000
489.000000
368.000000
392.000000
301.000000
351.000000
267.000000
348.000000
384.000000
446.000000
513.000000
500.000000
581.000000
645.000000
600.000000
601.000000
660.000000
613.000000
673.000000
563.000000
698.000000
614.000000
677.000000
578.000000
517.000000
410.000000
326.000000
314.000000
322.000000
327.000000
292.000000
341.000000
427.000000
493.000000
506.000000
660.000000
607.000000
725.000000
791.000000
736.000000
763.000000
730.000000
672.000000
808.000000
768.000000
846.000000
657.000000
763.000000
618.000000
441.000000
380.000000
344.000000
359.000000
323.000000
337.000000
368.000000
415.000000
492.000000
565.000000
584.000000
658.000000
730.000000
809.000000
765.000000
837.000000
744.000000
739.000000
663.000000
710.000000
727.000000
678.000000
979.000000
730.000000
736.000000
519.000000
333.000000
367.000000
334.000000
369.000000
388.000000
463.000000
501.000000
668.000000
708.000000
705.000000
816.000000
777.000000
838.000000
771.000000
728.000000
793.000000
778.000000
785.000000
701.000000
724.000000
645.000000
576.000000
456.000000
391.000000
384.000000
414.000000
389.000000
375.000000
414.000000
542.000000
624.000000
672.000000
739.000000
783.000000
872.000000
979.000000
969.000000
914.000000
871.000000
847.000000
916.000000
943.000000
901.000000
917.000000
904.000000
807.000000
567.000000
493.000000
475.000000
517.000000
463.000000
526.000000
545.000000
810.000000
826.000000
1033.000000
1124.000000
1125.000000
1220.000000
1192.000000
1214.000000
1443.000000
1278.000000
1284.000000
1379.000000
1463.000000
1370.000000
1316.000000
1366.000000
1107.000000
948.000000
738.000000
732.000000
751.000000
848.000000
904.000000
1040.000000
1296.000000
1557.000000
1706.000000
1980.000000
2082.000000
2272.000000
2506.000000
2631.000000
3100.000000
3568.000000
4073.000000
5677.000000
14369.000000
18960.000000
38883.000000
11766.000000
5647.000000
3570.000000
2852.000000
2295.000000
2261.000000
2300.000000
2216.000000
2312.000000
2580.000000
2808.000000
2960.000000
2902.000000
2893.000000
2754.000000
2544.000000
2374.000000
2312.000000
2464.000000
2469.000000
2176.000000
2092.000000
2014.000000
1709.000000
1595.000000
1335.000000
1141.000000
1155.000000
1138.000000
1110.000000
1054.000000
1069.000000
1069.000000
1094.000000
1289.000000
1304.000000
1310.000000
1289.000000
1288.000000
1340.000000
1300.000000
1320.000000
1255.000000
1162.000000
1190.000000
1168.000000
1593.000000
5000.000000
3660.000000
2192.000000
1785.000000
1518.000000
1294.000000
1285.000000
1260.000000
1325.000000
1381.000000
1493.000000
1568.000000
1719.000000
1672.000000
1709.000000
1787.000000
1764.000000
1697.000000
1605.000000
1622.000000
1408.000000
1391.000000
1321.000000
1137.000000
1097.000000
1143.000000
822.000000
678.000000
577.000000
576.000000
615.000000
494.000000
513.000000
503.000000
616.000000
616.000000
765.000000
809.000000
837.000000
762.000000
914.000000
878.000000
891.000000
835.000000
793.000000
776.000000
740.000000
723.000000
714.000000
695.000000
565.000000
464.000000
436.000000
389.000000
451.000000
363.000000
447.000000
446.000000
485.000000
518.000000
618.000000
633.000000
729.000000
803.000000
814.000000
768.000000
798.000000
750.000000
751.000000
687.000000
704.000000
673.000000
685.000000
646.000000
531.000000
457.000000
409.000000
333.000000
359.000000
310.000000
329.000000
350.000000
414.000000
447.000000
543.000000
539.000000
542.000000
602.000000
627.000000
612.000000
588.000000
636.000000
594.000000
569.000000
527.000000
524.000000
528.000000
512.000000
446.000000
394.000000
301.000000
303.000000
280.000000
316.000000
263.000000
330.000000
334.000000
379.000000
474.000000
504.000000
480.000000
517.000000
492.000000
527.000000
558.000000
568.000000
526.000000
632.000000
553.000000
545.000000
571.000000
