196.000000
182.000000
135.000000
109.000000
128.000000
142.000000
94.000000
87.000000
86.000000
105.000000
149.000000
113.000000
144.000000
156.000000
168.000000
216.000000
204.000000
209.000000
183.000000
178.000000
178.000000
177.000000
172.000000
184.000000
146.000000
125.000000
129.000000
120.000000
98.000000
111.000000
77.000000
92.000000
95.000000
95.000000
128.000000
165.000000
201.000000
165.000000
180.000000
219.000000
184.000000
258.000000
248.000000
226.000000
220.000000
237.000000
205.000000
200.000000
188.000000
187.000000
133.000000
111.000000
95.000000
96.000000
103.000000
106.000000
94.000000
83.000000
110.000000
138.000000
125.000000
164.000000
166.000000
142.000000
164.000000
190.000000
186.000000
168.000000
171.000000
160.000000
132.000000
151.000000
176.000000
143.000000
132.000000
106.000000
91.000000
80.000000
75.000000
86.000000
88.000000
92.000000
101.000000
104.000000
153.000000
163.000000
126.000000
153.000000
192.000000
226.000000
442.000000
380.000000
268.000000
199.000000
199.000000
206.000000
195.000000
167.000000
132.000000
97.000000
146.000000
113.000000
127.000000
74.000000
95.000000
97.000000
153.000000
133.000000
139.000000
146.000000
154.000000
176.000000
201.000000
161.000000
208.000000
184.000000
190.000000
216.000000
291.000000
141.000000
175.000000
175.000000
122.000000
106.000000
97.000000
94.000000
79.000000
85.000000
105.000000
116.000000
67.000000
119.000000
112.000000
161.000000
167.000000
170.000000
159.000000
184.000000
203.000000
234.000000
202.000000
200.000000
172.000000
242.000000
228.000000
173.000000
123.000000
114.000000
90.000000
97.000000
91.000000
104.000000
103.000000
117.000000
100.000000
166.000000
174.000000
186.000000
251.000000
239.000000
249.000000
255.000000
249.000000
278.000000
290.000000
305.000000
360.000000
435.000000
524.000000
322.000000
207.000000
162.000000
125.000000
132.000000
103.000000
95.000000
100.000000
125.000000
125.000000
161.000000
149.000000
167.000000
164.000000
160.000000
221.000000
211.000000
229.000000
246.000000
214.000000
203.000000
283.000000
276.000000
285.000000
202.000000
160.000000
117.000000
102.000000
106.000000
101.000000
94.000000
89.000000
98.000000
119.000000
152.000000
162.000000
126.000000
157.000000
157.000000
177.000000
191.000000
201.000000
197.000000
188.000000
247.000000
197.000000
217.000000
182.000000
176.000000
145.000000
141.000000
114.000000
104.000000
108.000000
89.000000
85.000000
93.000000
125.000000
133.000000
173.000000
229.000000
176.000000
236.000000
234.000000
208.000000
221.000000
195.000000
205.000000
188.000000
187.000000
165.000000
199.000000
165.000000
158.000000
118.000000
113.000000
110.000000
98.000000
99.000000
85.000000
128.000000
125.000000
174.000000
172.000000
225.000000
185.000000
260.000000
239.000000
263.000000
251.000000
246.000000
275.000000
345.000000
1148.000000
1443.000000
1526.000000
781.000000
645.000000
486.000000
401.000000
304.000000
369.000000
282.000000
325.000000
397.000000
439.000000
476.000000
573.000000
553.000000
511.000000
500.000000
400.000000
500.000000
370.000000
404.000000
383.000000
307.000000
335.000000
357.000000
328.000000
303.000000
217.000000
189.000000
126.000000
129.000000
139.000000
122.000000
125.000000
130.000000
162.000000
162.000000
177.000000
239.000000
348.000000
336.000000
301.000000
292.000000
394.000000
317.000000
299.000000
291.000000
294.000000
289.000000
255.000000
205.000000
169.000000
122.000000
128.000000
109.000000
124.000000
106.000000
131.000000
116.000000
141.000000
141.000000
170.000000
204.000000
190.000000
236.000000
228.000000
224.000000
248.000000
234.000000
227.000000
197.000000
207.000000
221.000000
201.000000
