321.000000
302.000000
215.000000
156.000000
179.000000
136.000000
152.000000
129.000000
147.000000
179.000000
253.000000
265.000000
274.000000
253.000000
278.000000
327.000000
267.000000
260.000000
313.000000
293.000000
345.000000
303.000000
290.000000
301.000000
249.000000
218.000000
184.000000
170.000000
150.000000
130.000000
170.000000
147.000000
137.000000
192.000000
186.000000
221.000000
225.000000
272.000000
273.000000
285.000000
295.000000
267.000000
272.000000
312.000000
287.000000
278.000000
311.000000
267.000000
232.000000
216.000000
151.000000
152.000000
139.000000
126.000000
143.000000
142.000000
128.000000
184.000000
182.000000
195.000000
259.000000
271.000000
346.000000
472.000000
694.000000
1074.000000
1003.000000
833.000000
604.000000
560.000000
449.000000
440.000000
610.000000
428.000000
310.000000
258.000000
226.000000
192.000000
202.000000
197.000000
202.000000
207.000000
355.000000
396.000000
393.000000
444.000000
368.000000
419.000000
456.000000
495.000000
423.000000
502.000000
538.000000
460.000000
400.000000
383.000000
356.000000
346.000000
302.000000
229.000000
220.000000
166.000000
165.000000
200.000000
189.000000
159.000000
252.000000
262.000000
266.000000
353.000000
340.000000
359.000000
378.000000
331.000000
350.000000
372.000000
361.000000
350.000000
377.000000
352.000000
350.000000
233.000000
210.000000
166.000000
167.000000
168.000000
155.000000
149.000000
151.000000
162.000000
218.000000
207.000000
231.000000
295.000000
320.000000
329.000000
352.000000
323.000000
311.000000
352.000000
301.000000
329.000000
358.000000
378.000000
366.000000
321.000000
232.000000
198.000000
169.000000
164.000000
156.000000
138.000000
120.000000
169.000000
193.000000
235.000000
244.000000
293.000000
253.000000
326.000000
351.000000
374.000000
399.000000
359.000000
405.000000
488.000000
646.000000
921.000000
1858.000000
1135.000000
806.000000
564.000000
427.000000
389.000000
406.000000
362.000000
363.000000
437.000000
612.000000
597.000000
592.000000
622.000000
611.000000
616.000000
659.000000
569.000000
544.000000
486.000000
451.000000
443.000000
452.000000
444.000000
361.000000
364.000000
260.000000
223.000000
238.000000
210.000000
200.000000
176.000000
177.000000
178.000000
227.000000
284.000000
289.000000
356.000000
376.000000
365.000000
431.000000
356.000000
407.000000
346.000000
352.000000
365.000000
380.000000
405.000000
335.000000
360.000000
278.000000
258.000000
236.000000
198.000000
185.000000
209.000000
187.000000
203.000000
254.000000
253.000000
321.000000
315.000000
382.000000
407.000000
404.000000
473.000000
421.000000
402.000000
468.000000
496.000000
433.000000
358.000000
396.000000
328.000000
300.000000
244.000000
219.000000
155.000000
222.000000
219.000000
201.000000
217.000000
242.000000
284.000000
325.000000
343.000000
472.000000
450.000000
699.000000
3451.000000
3154.000000
2223.000000
1245.000000
1151.000000
898.000000
665.000000
644.000000
745.000000
490.000000
452.000000
372.000000
377.000000
366.000000
353.000000
315.000000
385.000000
456.000000
388.000000
473.000000
436.000000
489.000000
523.000000
546.000000
557.000000
536.000000
592.000000
572.000000
505.000000
492.000000
387.000000
389.000000
364.000000
288.000000
202.000000
242.000000
267.000000
233.000000
194.000000
199.000000
244.000000
210.000000
289.000000
346.000000
334.000000
319.000000
425.000000
450.000000
410.000000
439.000000
364.000000
400.000000
381.000000
374.000000
352.000000
337.000000
325.000000
266.000000
173.000000
178.000000
185.000000
191.000000
176.000000
189.000000
193.000000
238.000000
245.000000
252.000000
267.000000
329.000000
341.000000
448.000000
340.000000
397.000000
433.000000
379.000000
420.000000
340.000000
339.000000
331.000000
