772.000000
567.000000
408.000000
313.000000
300.000000
301.000000
282.000000
314.000000
281.000000
307.000000
344.000000
373.000000
397.000000
406.000000
432.000000
461.000000
461.000000
512.000000
477.000000
489.000000
525.000000
458.000000
435.000000
420.000000
446.000000
334.000000
305.000000
221.000000
222.000000
225.000000
281.000000
223.000000
227.000000
242.000000
285.000000
319.000000
343.000000
358.000000
322.000000
358.000000
412.000000
456.000000
478.000000
413.000000
444.000000
424.000000
396.000000
491.000000
426.000000
371.000000
258.000000
219.000000
213.000000
240.000000
214.000000
208.000000
228.000000
232.000000
256.000000
318.000000
369.000000
329.000000
422.000000
321.000000
373.000000
451.000000
494.000000
432.000000
445.000000
393.000000
419.000000
400.000000
305.000000
270.000000
274.000000
165.000000
200.000000
265.000000
258.000000
199.000000
214.000000
296.000000
248.000000
324.000000
360.000000
346.000000
338.000000
356.000000
387.000000
447.000000
429.000000
431.000000
467.000000
539.000000
686.000000
978.000000
903.000000
572.000000
376.000000
388.000000
330.000000
308.000000
330.000000
301.000000
335.000000
354.000000
358.000000
362.000000
409.000000
432.000000
417.000000
445.000000
465.000000
516.000000
587.000000
690.000000
845.000000
609.000000
568.000000
493.000000
415.000000
387.000000
294.000000
268.000000
215.000000
252.000000
272.000000
271.000000
253.000000
272.000000
293.000000
372.000000
376.000000
392.000000
395.000000
450.000000
452.000000
536.000000
528.000000
508.000000
573.000000
644.000000
618.000000
602.000000
479.000000
526.000000
395.000000
353.000000
336.000000
349.000000
405.000000
401.000000
466.000000
507.000000
550.000000
610.000000
653.000000
764.000000
752.000000
783.000000
798.000000
859.000000
853.000000
928.000000
881.000000
1075.000000
1908.000000
3126.000000
4127.000000
1522.000000
899.000000
711.000000
583.000000
552.000000
561.000000
512.000000
552.000000
626.000000
685.000000
635.000000
727.000000
757.000000
745.000000
779.000000
751.000000
800.000000
691.000000
702.000000
690.000000
720.000000
700.000000
865.000000
945.000000
688.000000
515.000000
407.000000
310.000000
340.000000
321.000000
327.000000
408.000000
393.000000
457.000000
478.000000
516.000000
455.000000
583.000000
594.000000
500.000000
590.000000
576.000000
633.000000
594.000000
629.000000
645.000000
575.000000
461.000000
386.000000
409.000000
284.000000
243.000000
278.000000
286.000000
252.000000
309.000000
324.000000
350.000000
376.000000
463.000000
382.000000
410.000000
459.000000
402.000000
505.000000
503.000000
508.000000
508.000000
573.000000
451.000000
483.000000
448.000000
311.000000
291.000000
294.000000
234.000000
246.000000
259.000000
239.000000
256.000000
312.000000
323.000000
321.000000
377.000000
413.000000
471.000000
653.000000
838.000000
840.000000
736.000000
620.000000
675.000000
591.000000
514.000000
605.000000
500.000000
427.000000
357.000000
337.000000
272.000000
281.000000
282.000000
312.000000
361.000000
328.000000
335.000000
356.000000
331.000000
378.000000
487.000000
541.000000
467.000000
529.000000
579.000000
573.000000
545.000000
575.000000
522.000000
400.000000
408.000000
357.000000
374.000000
259.000000
234.000000
213.000000
233.000000
233.000000
264.000000
282.000000
338.000000
326.000000
338.000000
350.000000
404.000000
458.000000
378.000000
471.000000
464.000000
432.000000
477.000000
503.000000
423.000000
433.000000
413.000000
325.000000
326.000000
275.000000
214.000000
281.000000
220.000000
194.000000
265.000000
280.000000
298.000000
310.000000
344.000000
363.000000
415.000000
393.000000
420.000000
461.000000
484.000000
515.000000
505.000000
482.000000
500.000000
591.000000
704.000000
