276.000000
292.000000
184.000000
154.000000
162.000000
164.000000
164.000000
142.000000
159.000000
145.000000
154.000000
227.000000
219.000000
206.000000
211.000000
236.000000
240.000000
279.000000
295.000000
257.000000
268.000000
289.000000
236.000000
275.000000
226.000000
206.000000
204.000000
174.000000
139.000000
115.000000
112.000000
106.000000
132.000000
141.000000
116.000000
167.000000
158.000000
203.000000
184.000000
242.000000
266.000000
261.000000
307.000000
270.000000
229.000000
358.000000
317.000000
279.000000
255.000000
261.000000
228.000000
166.000000
158.000000
118.000000
145.000000
112.000000
122.000000
119.000000
130.000000
150.000000
179.000000
207.000000
278.000000
254.000000
253.000000
280.000000
277.000000
292.000000
260.000000
255.000000
259.000000
257.000000
259.000000
215.000000
219.000000
164.000000
124.000000
122.000000
120.000000
156.000000
127.000000
130.000000
137.000000
167.000000
149.000000
211.000000
235.000000
235.000000
372.000000
381.000000
543.000000
790.000000
1281.000000
1089.000000
879.000000
749.000000
710.000000
616.000000
1022.000000
577.000000
408.000000
357.000000
318.000000
340.000000
330.000000
317.000000
332.000000
392.000000
445.000000
499.000000
494.000000
528.000000
542.000000
565.000000
520.000000
575.000000
541.000000
521.000000
502.000000
429.000000
423.000000
364.000000
405.000000
416.000000
254.000000
263.000000
207.000000
226.000000
224.000000
205.000000
270.000000
260.000000
305.000000
350.000000
427.000000
393.000000
419.000000
398.000000
434.000000
410.000000
492.000000
433.000000
512.000000
504.000000
458.000000
440.000000
374.000000
281.000000
229.000000
223.000000
228.000000
205.000000
207.000000
206.000000
185.000000
265.000000
283.000000
345.000000
365.000000
408.000000
362.000000
450.000000
471.000000
426.000000
444.000000
481.000000
535.000000
803.000000
1569.000000
1062.000000
668.000000
446.000000
319.000000
291.000000
308.000000
286.000000
235.000000
257.000000
338.000000
323.000000
344.000000
386.000000
452.000000
500.000000
463.000000
437.000000
455.000000
459.000000
437.000000
423.000000
448.000000
442.000000
558.000000
605.000000
445.000000
314.000000
278.000000
213.000000
197.000000
192.000000
177.000000
190.000000
202.000000
244.000000
273.000000
280.000000
254.000000
392.000000
382.000000
403.000000
330.000000
381.000000
317.000000
382.000000
404.000000
350.000000
380.000000
304.000000
301.000000
222.000000
207.000000
165.000000
147.000000
145.000000
124.000000
133.000000
177.000000
185.000000
210.000000
306.000000
330.000000
310.000000
251.000000
313.000000
340.000000
363.000000
304.000000
286.000000
328.000000
310.000000
351.000000
360.000000
290.000000
221.000000
180.000000
170.000000
129.000000
158.000000
140.000000
165.000000
185.000000
182.000000
189.000000
255.000000
323.000000
269.000000
473.000000
498.000000
588.000000
1262.000000
1249.000000
1152.000000
878.000000
709.000000
659.000000
559.000000
549.000000
893.000000
477.000000
317.000000
287.000000
280.000000
233.000000
262.000000
327.000000
350.000000
438.000000
360.000000
463.000000
479.000000
466.000000
532.000000
549.000000
542.000000
589.000000
729.000000
589.000000
458.000000
431.000000
433.000000
395.000000
352.000000
259.000000
263.000000
218.000000
201.000000
198.000000
189.000000
241.000000
238.000000
272.000000
298.000000
342.000000
359.000000
392.000000
392.000000
437.000000
467.000000
425.000000
427.000000
469.000000
377.000000
356.000000
366.000000
316.000000
283.000000
217.000000
212.000000
170.000000
143.000000
166.000000
145.000000
183.000000
207.000000
223.000000
306.000000
324.000000
313.000000
325.000000
383.000000
336.000000
369.000000
385.000000
360.000000
376.000000
533.000000
690.000000
