424.000000
385.000000
355.000000
223.000000
198.000000
182.000000
184.000000
148.000000
159.000000
161.000000
196.000000
243.000000
217.000000
230.000000
233.000000
266.000000
235.000000
307.000000
278.000000
318.000000
306.000000
294.000000
364.000000
301.000000
306.000000
247.000000
258.000000
216.000000
182.000000
155.000000
150.000000
154.000000
137.000000
168.000000
170.000000
222.000000
227.000000
238.000000
404.000000
383.000000
371.000000
387.000000
390.000000
508.000000
336.000000
348.000000
358.000000
320.000000
350.000000
255.000000
270.000000
212.000000
193.000000
201.000000
147.000000
136.000000
134.000000
153.000000
204.000000
219.000000
212.000000
226.000000
235.000000
285.000000
269.000000
449.000000
707.000000
785.000000
753.000000
508.000000
582.000000
485.000000
410.000000
429.000000
347.000000
288.000000
267.000000
271.000000
224.000000
195.000000
181.000000
208.000000
223.000000
257.000000
268.000000
296.000000
258.000000
290.000000
335.000000
331.000000
302.000000
362.000000
362.000000
359.000000
403.000000
381.000000
321.000000
376.000000
261.000000
275.000000
245.000000
212.000000
175.000000
145.000000
145.000000
183.000000
189.000000
228.000000
220.000000
231.000000
308.000000
294.000000
300.000000
378.000000
379.000000
384.000000
378.000000
404.000000
386.000000
394.000000
347.000000
317.000000
887.000000
783.000000
700.000000
801.000000
849.000000
859.000000
962.000000
949.000000
931.000000
1007.000000
972.000000
1071.000000
1120.000000
1108.000000
1189.000000
1233.000000
1168.000000
1236.000000
1294.000000
1242.000000
1252.000000
1331.000000
1741.000000
2144.000000
1542.000000
1206.000000
956.000000
1095.000000
1000.000000
1048.000000
1113.000000
1133.000000
1090.000000
1257.000000
1254.000000
1317.000000
1295.000000
1349.000000
1402.000000
1515.000000
1621.000000
1650.000000
1614.000000
1794.000000
2116.000000
7352.000000
15296.000000
10335.000000
2578.000000
1720.000000
1306.000000
848.000000
693.000000
605.000000
613.000000
713.000000
714.000000
732.000000
772.000000
844.000000
711.000000
722.000000
711.000000
636.000000
619.000000
658.000000
564.000000
603.000000
532.000000
517.000000
479.000000
446.000000
368.000000
305.000000
220.000000
192.000000
149.000000
225.000000
195.000000
190.000000
195.000000
227.000000
254.000000
241.000000
303.000000
263.000000
261.000000
342.000000
309.000000
316.000000
334.000000
358.000000
306.000000
320.000000
272.000000
279.000000
220.000000
205.000000
180.000000
196.000000
155.000000
139.000000
155.000000
146.000000
131.000000
212.000000
175.000000
200.000000
237.000000
260.000000
288.000000
388.000000
778.000000
1029.000000
954.000000
612.000000
587.000000
538.000000
535.000000
421.000000
365.000000
281.000000
269.000000
291.000000
223.000000
197.000000
228.000000
190.000000
238.000000
241.000000
251.000000
278.000000
226.000000
299.000000
290.000000
305.000000
332.000000
350.000000
392.000000
416.000000
352.000000
375.000000
332.000000
331.000000
330.000000
299.000000
205.000000
215.000000
170.000000
163.000000
173.000000
201.000000
188.000000
216.000000
249.000000
292.000000
304.000000
293.000000
302.000000
321.000000
316.000000
312.000000
376.000000
349.000000
357.000000
410.000000
346.000000
350.000000
323.000000
217.000000
238.000000
211.000000
195.000000
258.000000
200.000000
256.000000
234.000000
292.000000
276.000000
354.000000
455.000000
356.000000
439.000000
539.000000
524.000000
532.000000
613.000000
656.000000
872.000000
3713.000000
8617.000000
10275.000000
2367.000000
1241.000000
941.000000
763.000000
721.000000
668.000000
691.000000
698.000000
774.000000
822.000000
819.000000
878.000000
911.000000
804.000000
774.000000
830.000000
836.000000
784.000000
764.000000
699.000000
687.000000
738.000000
990.000000
