446.000000
250.000000
204.000000
187.000000
141.000000
120.000000
122.000000
136.000000
159.000000
146.000000
156.000000
142.000000
164.000000
185.000000
239.000000
219.000000
221.000000
274.000000
232.000000
188.000000
307.000000
291.000000
341.000000
463.000000
547.000000
348.000000
237.000000
204.000000
191.000000
161.000000
123.000000
144.000000
140.000000
153.000000
177.000000
231.000000
192.000000
191.000000
246.000000
231.000000
273.000000
317.000000
263.000000
267.000000
242.000000
314.000000
315.000000
257.000000
286.000000
238.000000
179.000000
152.000000
164.000000
135.000000
156.000000
94.000000
119.000000
140.000000
127.000000
179.000000
149.000000
200.000000
182.000000
234.000000
258.000000
265.000000
249.000000
231.000000
183.000000
212.000000
266.000000
286.000000
205.000000
167.000000
162.000000
148.000000
108.000000
122.000000
121.000000
102.000000
134.000000
120.000000
153.000000
183.000000
174.000000
213.000000
180.000000
205.000000
265.000000
618.000000
827.000000
740.000000
453.000000
348.000000
335.000000
322.000000
295.000000
228.000000
243.000000
187.000000
194.000000
201.000000
153.000000
178.000000
148.000000
140.000000
161.000000
229.000000
210.000000
244.000000
212.000000
232.000000
256.000000
337.000000
266.000000
292.000000
282.000000
292.000000
277.000000
359.000000
267.000000
214.000000
201.000000
194.000000
149.000000
164.000000
135.000000
129.000000
137.000000
130.000000
174.000000
218.000000
216.000000
204.000000
238.000000
237.000000
223.000000
308.000000
306.000000
259.000000
261.000000
281.000000
301.000000
323.000000
284.000000
286.000000
198.000000
173.000000
178.000000
163.000000
133.000000
180.000000
179.000000
166.000000
222.000000
247.000000
271.000000
247.000000
312.000000
303.000000
345.000000
414.000000
439.000000
445.000000
368.000000
418.000000
1051.000000
1795.000000
2147.000000
1161.000000
629.000000
476.000000
371.000000
372.000000
410.000000
342.000000
351.000000
386.000000
432.000000
462.000000
428.000000
424.000000
407.000000
438.000000
441.000000
468.000000
368.000000
427.000000
388.000000
366.000000
404.000000
440.000000
408.000000
326.000000
222.000000
274.000000
177.000000
215.000000
163.000000
141.000000
156.000000
179.000000
221.000000
200.000000
212.000000
207.000000
228.000000
237.000000
237.000000
298.000000
280.000000
284.000000
258.000000
277.000000
267.000000
323.000000
283.000000
226.000000
172.000000
131.000000
114.000000
211.000000
196.000000
141.000000
114.000000
124.000000
156.000000
171.000000
158.000000
193.000000
228.000000
221.000000
218.000000
264.000000
292.000000
224.000000
202.000000
213.000000
229.000000
228.000000
217.000000
218.000000
177.000000
148.000000
158.000000
155.000000
141.000000
131.000000
119.000000
122.000000
138.000000
191.000000
142.000000
170.000000
224.000000
188.000000
230.000000
510.000000
529.000000
466.000000
294.000000
282.000000
295.000000
315.000000
265.000000
184.000000
192.000000
147.000000
159.000000
170.000000
152.000000
128.000000
127.000000
128.000000
150.000000
205.000000
176.000000
208.000000
204.000000
242.000000
247.000000
316.000000
330.000000
356.000000
339.000000
391.000000
293.000000
299.000000
246.000000
229.000000
181.000000
160.000000
153.000000
186.000000
171.000000
129.000000
158.000000
145.000000
171.000000
171.000000
189.000000
229.000000
225.000000
226.000000
249.000000
303.000000
277.000000
331.000000
285.000000
261.000000
341.000000
279.000000
340.000000
273.000000
202.000000
462.000000
491.000000
504.000000
441.000000
386.000000
425.000000
415.000000
460.000000
613.000000
693.000000
632.000000
669.000000
813.000000
893.000000
910.000000
799.000000
876.000000
764.000000
791.000000
727.000000
664.000000
655.000000
