268.000000
340.000000
171.000000
111.000000
75.000000
96.000000
106.000000
72.000000
69.000000
69.000000
68.000000
89.000000
109.000000
106.000000
115.000000
131.000000
151.000000
146.000000
122.000000
112.000000
151.000000
124.000000
122.000000
147.000000
170.000000
163.000000
121.000000
88.000000
80.000000
75.000000
64.000000
57.000000
58.000000
39.000000
68.000000
79.000000
98.000000
59.000000
117.000000
91.000000
97.000000
99.000000
110.000000
127.000000
117.000000
102.000000
110.000000
104.000000
108.000000
77.000000
74.000000
70.000000
41.000000
56.000000
55.000000
49.000000
43.000000
38.000000
36.000000
55.000000
77.000000
76.000000
96.000000
144.000000
231.000000
310.000000
162.000000
131.000000
124.000000
138.000000
178.000000
165.000000
126.000000
121.000000
109.000000
100.000000
76.000000
65.000000
56.000000
59.000000
65.000000
98.000000
61.000000
61.000000
77.000000
109.000000
93.000000
71.000000
99.000000
106.000000
134.000000
120.000000
132.000000
126.000000
157.000000
197.000000
329.000000
289.000000
148.000000
95.000000
96.000000
81.000000
82.000000
83.000000
59.000000
76.000000
80.000000
96.000000
97.000000
124.000000
159.000000
131.000000
151.000000
153.000000
132.000000
138.000000
135.000000
126.000000
165.000000
135.000000
149.000000
132.000000
109.000000
107.000000
106.000000
90.000000
76.000000
75.000000
85.000000
65.000000
82.000000
114.000000
116.000000
146.000000
156.000000
160.000000
182.000000
217.000000
252.000000
210.000000
226.000000
215.000000
272.000000
203.000000
314.000000
357.000000
306.000000
208.000000
193.000000
161.000000
165.000000
164.000000
191.000000
175.000000
208.000000
279.000000
378.000000
461.000000
497.000000
550.000000
622.000000
642.000000
681.000000
695.000000
749.000000
753.000000
1042.000000
4539.000000
7145.000000
5056.000000
817.000000
587.000000
406.000000
311.000000
307.000000
326.000000
320.000000
285.000000
265.000000
311.000000
388.000000
357.000000
326.000000
266.000000
286.000000
315.000000
305.000000
303.000000
225.000000
201.000000
204.000000
219.000000
200.000000
168.000000
147.000000
108.000000
95.000000
77.000000
81.000000
68.000000
90.000000
79.000000
81.000000
95.000000
112.000000
105.000000
77.000000
105.000000
123.000000
127.000000
129.000000
133.000000
109.000000
93.000000
115.000000
80.000000
108.000000
112.000000
81.000000
50.000000
55.000000
64.000000
53.000000
54.000000
50.000000
62.000000
43.000000
72.000000
76.000000
67.000000
65.000000
90.000000
100.000000
102.000000
110.000000
85.000000
85.000000
85.000000
94.000000
93.000000
126.000000
103.000000
97.000000
59.000000
56.000000
59.000000
61.000000
56.000000
54.000000
68.000000
63.000000
51.000000
71.000000
94.000000
88.000000
93.000000
88.000000
115.000000
112.000000
126.000000
99.000000
159.000000
161.000000
365.000000
424.000000
406.000000
149.000000
121.000000
97.000000
88.000000
101.000000
86.000000
61.000000
74.000000
54.000000
79.000000
85.000000
77.000000
123.000000
94.000000
88.000000
135.000000
106.000000
137.000000
107.000000
114.000000
146.000000
101.000000
121.000000
121.000000
61.000000
80.000000
61.000000
67.000000
56.000000
45.000000
45.000000
41.000000
48.000000
66.000000
86.000000
72.000000
75.000000
94.000000
77.000000
105.000000
101.000000
117.000000
101.000000
115.000000
140.000000
105.000000
100.000000
117.000000
99.000000
49.000000
65.000000
64.000000
58.000000
69.000000
50.000000
45.000000
48.000000
51.000000
99.000000
88.000000
86.000000
89.000000
97.000000
86.000000
110.000000
117.000000
90.000000
94.000000
138.000000
168.000000
148.000000
