257.000000
228.000000
214.000000
161.000000
138.000000
124.000000
141.000000
142.000000
139.000000
98.000000
98.000000
139.000000
155.000000
170.000000
166.000000
215.000000
176.000000
205.000000
217.000000
316.000000
213.000000
221.000000
239.000000
206.000000
225.000000
299.000000
197.000000
178.000000
142.000000
113.000000
117.000000
106.000000
102.000000
101.000000
115.000000
129.000000
146.000000
150.000000
190.000000
173.000000
194.000000
220.000000
210.000000
238.000000
226.000000
497.000000
331.000000
249.000000
289.000000
196.000000
205.000000
160.000000
110.000000
130.000000
84.000000
123.000000
125.000000
90.000000
124.000000
131.000000
143.000000
184.000000
152.000000
209.000000
216.000000
238.000000
243.000000
255.000000
274.000000
259.000000
220.000000
198.000000
242.000000
259.000000
200.000000
176.000000
148.000000
121.000000
118.000000
109.000000
119.000000
137.000000
124.000000
136.000000
151.000000
214.000000
211.000000
196.000000
257.000000
293.000000
433.000000
567.000000
574.000000
460.000000
387.000000
398.000000
313.000000
295.000000
276.000000
345.000000
175.000000
185.000000
136.000000
125.000000
156.000000
139.000000
125.000000
153.000000
199.000000
194.000000
205.000000
239.000000
256.000000
295.000000
293.000000
273.000000
290.000000
329.000000
280.000000
283.000000
270.000000
269.000000
232.000000
269.000000
182.000000
152.000000
127.000000
144.000000
122.000000
137.000000
129.000000
162.000000
202.000000
198.000000
232.000000
230.000000
261.000000
323.000000
339.000000
412.000000
389.000000
409.000000
364.000000
434.000000
402.000000
432.000000
266.000000
275.000000
210.000000
163.000000
201.000000
201.000000
179.000000
188.000000
162.000000
234.000000
269.000000
265.000000
329.000000
377.000000
421.000000
469.000000
428.000000
428.000000
465.000000
551.000000
685.000000
1668.000000
3062.000000
2796.000000
871.000000
507.000000
401.000000
330.000000
337.000000
352.000000
341.000000
297.000000
326.000000
373.000000
414.000000
384.000000
424.000000
451.000000
423.000000
438.000000
421.000000
439.000000
382.000000
415.000000
343.000000
434.000000
452.000000
414.000000
309.000000
248.000000
223.000000
158.000000
138.000000
132.000000
172.000000
150.000000
145.000000
174.000000
203.000000
229.000000
231.000000
218.000000
306.000000
297.000000
338.000000
285.000000
307.000000
324.000000
309.000000
332.000000
281.000000
279.000000
255.000000
230.000000
181.000000
114.000000
143.000000
129.000000
143.000000
126.000000
156.000000
168.000000
161.000000
227.000000
257.000000
216.000000
234.000000
291.000000
275.000000
291.000000
272.000000
326.000000
282.000000
283.000000
343.000000
322.000000
250.000000
206.000000
210.000000
182.000000
122.000000
132.000000
129.000000
108.000000
142.000000
151.000000
190.000000
208.000000
331.000000
264.000000
338.000000
348.000000
410.000000
355.000000
357.000000
386.000000
348.000000
335.000000
299.000000
293.000000
238.000000
247.000000
218.000000
172.000000
144.000000
152.000000
153.000000
154.000000
197.000000
182.000000
217.000000
238.000000
277.000000
313.000000
476.000000
418.000000
520.000000
1231.000000
4637.000000
5341.000000
1857.000000
1127.000000
913.000000
893.000000
1054.000000
668.000000
526.000000
436.000000
394.000000
443.000000
387.000000
396.000000
451.000000
431.000000
453.000000
524.000000
551.000000
585.000000
543.000000
592.000000
656.000000
660.000000
563.000000
590.000000
521.000000
471.000000
435.000000
469.000000
406.000000
357.000000
307.000000
272.000000
244.000000
207.000000
195.000000
211.000000
211.000000
253.000000
273.000000
347.000000
351.000000
415.000000
404.000000
420.000000
443.000000
442.000000
392.000000
389.000000
364.000000
453.000000
474.000000
