1184.000000
764.000000
592.000000
506.000000
395.000000
400.000000
391.000000
417.000000
404.000000
411.000000
491.000000
523.000000
566.000000
549.000000
642.000000
627.000000
672.000000
678.000000
682.000000
632.000000
693.000000
707.000000
681.000000
833.000000
922.000000
839.000000
632.000000
524.000000
415.000000
424.000000
350.000000
378.000000
366.000000
465.000000
475.000000
559.000000
585.000000
595.000000
614.000000
670.000000
771.000000
794.000000
781.000000
741.000000
729.000000
733.000000
719.000000
747.000000
621.000000
622.000000
532.000000
441.000000
398.000000
338.000000
363.000000
317.000000
364.000000
419.000000
447.000000
530.000000
554.000000
599.000000
611.000000
750.000000
734.000000
833.000000
828.000000
831.000000
744.000000
773.000000
774.000000
681.000000
655.000000
670.000000
568.000000
437.000000
402.000000
379.000000
328.000000
326.000000
387.000000
441.000000
498.000000
602.000000
640.000000
676.000000
712.000000
748.000000
828.000000
798.000000
756.000000
775.000000
767.000000
755.000000
829.000000
802.000000
760.000000
686.000000
573.000000
450.000000
446.000000
412.000000
382.000000
401.000000
413.000000
427.000000
569.000000
617.000000
659.000000
647.000000
723.000000
688.000000
807.000000
887.000000
774.000000
812.000000
875.000000
856.000000
833.000000
820.000000
745.000000
757.000000
572.000000
504.000000
459.000000
428.000000
445.000000
452.000000
463.000000
568.000000
611.000000
795.000000
785.000000
919.000000
894.000000
947.000000
1040.000000
1026.000000
1084.000000
1067.000000
1126.000000
1143.000000
1149.000000
1130.000000
1072.000000
992.000000
809.000000
656.000000
636.000000
587.000000
598.000000
697.000000
647.000000
896.000000
948.000000
1208.000000
1297.000000
1480.000000
1581.000000
1735.000000
1800.000000
1994.000000
2234.000000
2535.000000
2802.000000
3798.000000
9639.000000
14321.000000
40691.000000
19450.000000
8078.000000
5649.000000
4480.000000
3801.000000
3420.000000
3637.000000
3630.000000
3809.000000
3849.000000
4495.000000
4468.000000
4308.000000
4061.000000
3986.000000
3812.000000
3492.000000
3393.000000
3270.000000
3453.000000
3310.000000
3014.000000
2829.000000
2779.000000
2282.000000
2023.000000
1798.000000
1508.000000
1493.000000
1339.000000
1511.000000
1464.000000
1513.000000
1757.000000
1762.000000
1875.000000
1867.000000
1792.000000
1799.000000
1964.000000
1934.000000
1997.000000
1894.000000
1890.000000
1909.000000
1818.000000
1631.000000
1616.000000
1448.000000
1268.000000
1109.000000
982.000000
931.000000
917.000000
918.000000
952.000000
980.000000
1112.000000
1108.000000
1216.000000
1339.000000
1417.000000
1480.000000
1525.000000
1563.000000
1525.000000
1524.000000
1473.000000
1476.000000
1345.000000
1357.000000
1132.000000
1091.000000
967.000000
731.000000
713.000000
600.000000
667.000000
633.000000
647.000000
609.000000
756.000000
714.000000
845.000000
889.000000
850.000000
907.000000
1038.000000
1094.000000
1068.000000
1064.000000
946.000000
996.000000
973.000000
890.000000
826.000000
851.000000
715.000000
642.000000
544.000000
551.000000
571.000000
539.000000
546.000000
561.000000
581.000000
674.000000
665.000000
714.000000
964.000000
6344.000000
5454.000000
4544.000000
3908.000000
3432.000000
3180.000000
2825.000000
2423.000000
2207.000000
2105.000000
1981.000000
1513.000000
1264.000000
1115.000000
1049.000000
1076.000000
1010.000000
1040.000000
1112.000000
1198.000000
1188.000000
1346.000000
1271.000000
1362.000000
1265.000000
1258.000000
1351.000000
1354.000000
1267.000000
1184.000000
1267.000000
1111.000000
1088.000000
989.000000
885.000000
748.000000
691.000000
551.000000
515.000000
536.000000
559.000000
603.000000
539.000000
613.000000
716.000000
773.000000
760.000000
783.000000
802.000000
786.000000
885.000000
885.000000
886.000000
935.000000
950.000000
855.000000
864.000000
750.000000
