467.000000
298.000000
170.000000
189.000000
123.000000
159.000000
163.000000
170.000000
170.000000
165.000000
201.000000
176.000000
259.000000
299.000000
288.000000
272.000000
306.000000
365.000000
429.000000
449.000000
475.000000
613.000000
1803.000000
2799.000000
2183.000000
713.000000
485.000000
260.000000
288.000000
288.000000
268.000000
255.000000
286.000000
259.000000
282.000000
288.000000
272.000000
282.000000
275.000000
285.000000
345.000000
393.000000
388.000000
437.000000
387.000000
360.000000
417.000000
407.000000
379.000000
277.000000
218.000000
171.000000
134.000000
130.000000
130.000000
143.000000
124.000000
155.000000
177.000000
208.000000
189.000000
220.000000
233.000000
320.000000
319.000000
270.000000
283.000000
286.000000
273.000000
203.000000
253.000000
211.000000
179.000000
133.000000
116.000000
86.000000
74.000000
62.000000
84.000000
82.000000
143.000000
131.000000
128.000000
117.000000
127.000000
132.000000
147.000000
157.000000
191.000000
159.000000
189.000000
193.000000
295.000000
283.000000
205.000000
158.000000
183.000000
141.000000
139.000000
97.000000
87.000000
75.000000
83.000000
80.000000
81.000000
74.000000
94.000000
95.000000
113.000000
110.000000
112.000000
151.000000
146.000000
190.000000
133.000000
147.000000
146.000000
162.000000
164.000000
158.000000
142.000000
108.000000
94.000000
80.000000
77.000000
92.000000
62.000000
87.000000
80.000000
74.000000
83.000000
80.000000
108.000000
81.000000
133.000000
139.000000
141.000000
142.000000
165.000000
141.000000
146.000000
141.000000
145.000000
146.000000
159.000000
136.000000
116.000000
83.000000
104.000000
93.000000
97.000000
115.000000
101.000000
91.000000
116.000000
146.000000
140.000000
140.000000
182.000000
203.000000
196.000000
245.000000
241.000000
279.000000
238.000000
348.000000
1033.000000
2358.000000
18247.000000
9637.000000
4558.000000
3214.000000
2868.000000
2481.000000
2572.000000
2368.000000
2391.000000
2680.000000
3006.000000
3124.000000
3039.000000
2947.000000
2913.000000
2744.000000
2911.000000
2717.000000
2316.000000
2299.000000
2115.000000
1943.000000
1917.000000
1665.000000
1978.000000
1975.000000
1432.000000
968.000000
685.000000
600.000000
650.000000
762.000000
661.000000
677.000000
708.000000
713.000000
840.000000
804.000000
784.000000
832.000000
781.000000
764.000000
839.000000
708.000000
797.000000
669.000000
869.000000
752.000000
667.000000
628.000000
546.000000
390.000000
314.000000
339.000000
316.000000
291.000000
328.000000
350.000000
372.000000
415.000000
460.000000
559.000000
738.000000
5133.000000
3028.000000
2377.000000
2011.000000
1578.000000
1453.000000
1299.000000
1160.000000
1053.000000
955.000000
858.000000
674.000000
533.000000
504.000000
421.000000
349.000000
402.000000
418.000000
351.000000
432.000000
439.000000
491.000000
462.000000
469.000000
521.000000
474.000000
522.000000
497.000000
476.000000
544.000000
568.000000
555.000000
517.000000
457.000000
351.000000
339.000000
262.000000
217.000000
220.000000
221.000000
215.000000
173.000000
211.000000
219.000000
247.000000
271.000000
349.000000
325.000000
362.000000
348.000000
381.000000
401.000000
416.000000
410.000000
469.000000
712.000000
1098.000000
897.000000
372.000000
306.000000
289.000000
172.000000
193.000000
193.000000
171.000000
194.000000
204.000000
230.000000
293.000000
268.000000
295.000000
348.000000
374.000000
338.000000
355.000000
359.000000
328.000000
318.000000
362.000000
329.000000
318.000000
262.000000
219.000000
244.000000
166.000000
166.000000
119.000000
165.000000
136.000000
154.000000
148.000000
148.000000
189.000000
207.000000
232.000000
213.000000
254.000000
270.000000
257.000000
266.000000
283.000000
298.000000
377.000000
325.000000
275.000000
293.000000
