267.000000
262.000000
248.000000
193.000000
162.000000
151.000000
142.000000
175.000000
177.000000
140.000000
162.000000
163.000000
185.000000
185.000000
204.000000
217.000000
222.000000
225.000000
255.000000
250.000000
272.000000
217.000000
236.000000
272.000000
467.000000
581.000000
325.000000
220.000000
219.000000
173.000000
187.000000
178.000000
154.000000
160.000000
150.000000
176.000000
225.000000
233.000000
230.000000
223.000000
246.000000
280.000000
291.000000
298.000000
301.000000
267.000000
227.000000
248.000000
265.000000
270.000000
231.000000
179.000000
189.000000
112.000000
140.000000
148.000000
114.000000
99.000000
104.000000
133.000000
164.000000
194.000000
189.000000
170.000000
196.000000
237.000000
270.000000
217.000000
259.000000
246.000000
288.000000
284.000000
266.000000
240.000000
207.000000
170.000000
166.000000
134.000000
140.000000
145.000000
165.000000
134.000000
149.000000
185.000000
163.000000
175.000000
196.000000
182.000000
220.000000
242.000000
292.000000
294.000000
530.000000
638.000000
570.000000
421.000000
422.000000
372.000000
322.000000
273.000000
233.000000
198.000000
180.000000
171.000000
195.000000
185.000000
194.000000
196.000000
214.000000
214.000000
238.000000
238.000000
243.000000
235.000000
340.000000
283.000000
358.000000
333.000000
305.000000
303.000000
265.000000
217.000000
208.000000
212.000000
154.000000
158.000000
153.000000
168.000000
157.000000
126.000000
164.000000
158.000000
192.000000
233.000000
306.000000
371.000000
419.000000
438.000000
419.000000
372.000000
410.000000
417.000000
380.000000
338.000000
333.000000
293.000000
308.000000
212.000000
215.000000
220.000000
196.000000
212.000000
204.000000
238.000000
283.000000
307.000000
304.000000
387.000000
442.000000
489.000000
583.000000
546.000000
695.000000
674.000000
767.000000
728.000000
1005.000000
4173.000000
7942.000000
6927.000000
2023.000000
1102.000000
905.000000
656.000000
682.000000
676.000000
651.000000
566.000000
698.000000
819.000000
892.000000
847.000000
861.000000
839.000000
811.000000
849.000000
736.000000
764.000000
793.000000
691.000000
725.000000
709.000000
669.000000
608.000000
488.000000
429.000000
365.000000
278.000000
259.000000
228.000000
248.000000
231.000000
260.000000
246.000000
256.000000
294.000000
284.000000
313.000000
362.000000
345.000000
381.000000
353.000000
384.000000
390.000000
342.000000
377.000000
368.000000
304.000000
273.000000
228.000000
173.000000
174.000000
164.000000
157.000000
137.000000
145.000000
165.000000
208.000000
219.000000
213.000000
228.000000
244.000000
273.000000
268.000000
306.000000
323.000000
351.000000
301.000000
357.000000
295.000000
302.000000
248.000000
252.000000
199.000000
194.000000
168.000000
119.000000
140.000000
143.000000
147.000000
178.000000
210.000000
227.000000
230.000000
215.000000
218.000000
301.000000
274.000000
335.000000
341.000000
632.000000
692.000000
482.000000
424.000000
345.000000
319.000000
285.000000
226.000000
268.000000
225.000000
214.000000
195.000000
197.000000
185.000000
192.000000
209.000000
202.000000
244.000000
275.000000
232.000000
250.000000
326.000000
298.000000
244.000000
297.000000
273.000000
299.000000
306.000000
247.000000
210.000000
209.000000
160.000000
160.000000
164.000000
137.000000
153.000000
123.000000
152.000000
153.000000
150.000000
139.000000
219.000000
183.000000
218.000000
234.000000
203.000000
254.000000
258.000000
291.000000
294.000000
276.000000
222.000000
236.000000
197.000000
175.000000
156.000000
150.000000
147.000000
101.000000
139.000000
146.000000
148.000000
150.000000
178.000000
156.000000
162.000000
207.000000
213.000000
207.000000
224.000000
221.000000
232.000000
277.000000
209.000000
264.000000
252.000000
250.000000
