521.000000
592.000000
507.000000
352.000000
246.000000
206.000000
234.000000
207.000000
180.000000
218.000000
252.000000
241.000000
290.000000
334.000000
294.000000
373.000000
405.000000
377.000000
404.000000
427.000000
378.000000
410.000000
404.000000
446.000000
402.000000
348.000000
333.000000
274.000000
209.000000
166.000000
193.000000
160.000000
198.000000
185.000000
194.000000
215.000000
243.000000
299.000000
368.000000
378.000000
356.000000
352.000000
380.000000
368.000000
350.000000
392.000000
414.000000
400.000000
415.000000
377.000000
314.000000
298.000000
251.000000
211.000000
214.000000
227.000000
203.000000
246.000000
296.000000
327.000000
369.000000
468.000000
497.000000
540.000000
557.000000
684.000000
622.000000
584.000000
616.000000
1146.000000
1145.000000
947.000000
541.000000
482.000000
415.000000
436.000000
330.000000
259.000000
236.000000
237.000000
217.000000
284.000000
265.000000
287.000000
363.000000
345.000000
364.000000
415.000000
471.000000
412.000000
538.000000
552.000000
561.000000
479.000000
438.000000
433.000000
439.000000
417.000000
359.000000
293.000000
258.000000
231.000000
247.000000
196.000000
194.000000
179.000000
219.000000
231.000000
298.000000
277.000000
363.000000
341.000000
463.000000
461.000000
399.000000
368.000000
360.000000
385.000000
424.000000
366.000000
477.000000
487.000000
416.000000
312.000000
262.000000
225.000000
220.000000
191.000000
175.000000
211.000000
232.000000
273.000000
270.000000
306.000000
315.000000
368.000000
406.000000
382.000000
426.000000
393.000000
406.000000
425.000000
440.000000
526.000000
566.000000
705.000000
642.000000
443.000000
334.000000
272.000000
255.000000
267.000000
248.000000
263.000000
346.000000
371.000000
358.000000
465.000000
435.000000
550.000000
592.000000
626.000000
659.000000
645.000000
623.000000
706.000000
939.000000
2058.000000
3698.000000
3610.000000
1203.000000
686.000000
498.000000
398.000000
399.000000
372.000000
355.000000
447.000000
381.000000
474.000000
497.000000
556.000000
557.000000
585.000000
551.000000
566.000000
518.000000
530.000000
483.000000
492.000000
506.000000
438.000000
533.000000
517.000000
403.000000
336.000000
222.000000
234.000000
222.000000
213.000000
177.000000
180.000000
216.000000
281.000000
280.000000
313.000000
299.000000
411.000000
519.000000
483.000000
505.000000
370.000000
500.000000
383.000000
425.000000
367.000000
351.000000
382.000000
279.000000
225.000000
254.000000
189.000000
223.000000
183.000000
172.000000
202.000000
240.000000
212.000000
252.000000
273.000000
336.000000
359.000000
468.000000
402.000000
404.000000
401.000000
413.000000
443.000000
500.000000
605.000000
505.000000
481.000000
371.000000
367.000000
267.000000
260.000000
238.000000
205.000000
211.000000
213.000000
223.000000
269.000000
283.000000
378.000000
412.000000
384.000000
426.000000
449.000000
574.000000
578.000000
1577.000000
1637.000000
1643.000000
1029.000000
600.000000
483.000000
454.000000
381.000000
300.000000
230.000000
274.000000
218.000000
245.000000
246.000000
259.000000
283.000000
336.000000
377.000000
327.000000
457.000000
497.000000
416.000000
453.000000
409.000000
411.000000
386.000000
427.000000
394.000000
372.000000
351.000000
271.000000
280.000000
228.000000
183.000000
169.000000
206.000000
184.000000
154.000000
217.000000
204.000000
260.000000
302.000000
325.000000
395.000000
365.000000
357.000000
375.000000
397.000000
392.000000
376.000000
363.000000
371.000000
360.000000
277.000000
238.000000
232.000000
214.000000
184.000000
203.000000
149.000000
163.000000
186.000000
205.000000
216.000000
275.000000
255.000000
291.000000
257.000000
303.000000
327.000000
373.000000
428.000000
320.000000
290.000000
299.000000
333.000000
300.000000
