930.000000
651.000000
426.000000
359.000000
299.000000
350.000000
332.000000
317.000000
310.000000
302.000000
360.000000
425.000000
431.000000
465.000000
511.000000
527.000000
604.000000
601.000000
567.000000
594.000000
587.000000
566.000000
613.000000
804.000000
774.000000
632.000000
481.000000
331.000000
289.000000
286.000000
264.000000
271.000000
291.000000
347.000000
360.000000
431.000000
463.000000
436.000000
461.000000
566.000000
643.000000
597.000000
571.000000
531.000000
618.000000
635.000000
682.000000
566.000000
519.000000
452.000000
400.000000
294.000000
277.000000
382.000000
267.000000
245.000000
281.000000
337.000000
341.000000
426.000000
505.000000
479.000000
569.000000
542.000000
586.000000
648.000000
578.000000
528.000000
518.000000
568.000000
493.000000
610.000000
508.000000
465.000000
384.000000
298.000000
265.000000
309.000000
267.000000
291.000000
283.000000
397.000000
411.000000
534.000000
580.000000
728.000000
946.000000
2060.000000
3248.000000
2801.000000
1389.000000
1147.000000
1129.000000
1017.000000
905.000000
739.000000
752.000000
823.000000
733.000000
571.000000
441.000000
473.000000
451.000000
429.000000
438.000000
455.000000
508.000000
541.000000
604.000000
633.000000
638.000000
713.000000
762.000000
744.000000
862.000000
768.000000
733.000000
661.000000
692.000000
646.000000
524.000000
485.000000
478.000000
385.000000
341.000000
320.000000
332.000000
334.000000
328.000000
328.000000
401.000000
465.000000
546.000000
561.000000
604.000000
610.000000
711.000000
771.000000
856.000000
753.000000
761.000000
711.000000
672.000000
754.000000
751.000000
628.000000
528.000000
409.000000
393.000000
354.000000
340.000000
330.000000
344.000000
391.000000
477.000000
510.000000
566.000000
601.000000
578.000000
727.000000
732.000000
729.000000
743.000000
777.000000
798.000000
916.000000
1883.000000
2529.000000
3678.000000
2031.000000
1248.000000
876.000000
733.000000
697.000000
648.000000
576.000000
578.000000
678.000000
819.000000
842.000000
983.000000
929.000000
921.000000
966.000000
935.000000
890.000000
882.000000
849.000000
816.000000
825.000000
806.000000
1033.000000
1047.000000
733.000000
548.000000
440.000000
353.000000
374.000000
355.000000
368.000000
368.000000
385.000000
455.000000
472.000000
541.000000
607.000000
585.000000
646.000000
688.000000
733.000000
613.000000
614.000000
626.000000
641.000000
565.000000
661.000000
607.000000
475.000000
384.000000
338.000000
282.000000
279.000000
281.000000
250.000000
271.000000
312.000000
359.000000
429.000000
466.000000
498.000000
679.000000
738.000000
749.000000
709.000000
706.000000
743.000000
725.000000
667.000000
650.000000
661.000000
516.000000
525.000000
409.000000
429.000000
335.000000
295.000000
258.000000
280.000000
334.000000
334.000000
364.000000
459.000000
483.000000
541.000000
592.000000
651.000000
631.000000
680.000000
680.000000
574.000000
691.000000
711.000000
1042.000000
1501.000000
1413.000000
724.000000
660.000000
518.000000
352.000000
397.000000
342.000000
354.000000
379.000000
388.000000
410.000000
527.000000
529.000000
583.000000
580.000000
643.000000
737.000000
851.000000
770.000000
777.000000
779.000000
781.000000
813.000000
623.000000
530.000000
536.000000
463.000000
339.000000
316.000000
344.000000
258.000000
304.000000
290.000000
317.000000
375.000000
412.000000
526.000000
502.000000
512.000000
550.000000
591.000000
618.000000
589.000000
585.000000
572.000000
582.000000
577.000000
591.000000
505.000000
444.000000
421.000000
343.000000
274.000000
239.000000
297.000000
233.000000
265.000000
286.000000
361.000000
376.000000
488.000000
439.000000
487.000000
511.000000
544.000000
570.000000
566.000000
487.000000
495.000000
490.000000
478.000000
498.000000
395.000000
