1678.000000
1898.000000
1076.000000
821.000000
582.000000
451.000000
488.000000
455.000000
455.000000
454.000000
481.000000
543.000000
628.000000
652.000000
710.000000
706.000000
754.000000
760.000000
769.000000
774.000000
747.000000
753.000000
638.000000
575.000000
625.000000
579.000000
533.000000
421.000000
338.000000
342.000000
316.000000
317.000000
333.000000
381.000000
343.000000
370.000000
460.000000
510.000000
548.000000
529.000000
525.000000
603.000000
614.000000
578.000000
668.000000
587.000000
610.000000
588.000000
593.000000
487.000000
437.000000
374.000000
340.000000
305.000000
290.000000
300.000000
303.000000
312.000000
347.000000
353.000000
357.000000
466.000000
470.000000
533.000000
567.000000
676.000000
824.000000
1400.000000
1249.000000
1081.000000
839.000000
780.000000
652.000000
581.000000
573.000000
651.000000
354.000000
374.000000
332.000000
339.000000
341.000000
349.000000
383.000000
410.000000
480.000000
479.000000
562.000000
571.000000
602.000000
544.000000
629.000000
644.000000
680.000000
699.000000
623.000000
592.000000
575.000000
535.000000
462.000000
421.000000
319.000000
294.000000
309.000000
281.000000
283.000000
285.000000
320.000000
347.000000
417.000000
482.000000
438.000000
484.000000
563.000000
590.000000
567.000000
557.000000
540.000000
598.000000
513.000000
570.000000
599.000000
605.000000
432.000000
407.000000
338.000000
298.000000
335.000000
274.000000
317.000000
284.000000
288.000000
323.000000
368.000000
585.000000
521.000000
514.000000
518.000000
548.000000
591.000000
585.000000
561.000000
598.000000
546.000000
615.000000
660.000000
671.000000
515.000000
406.000000
339.000000
280.000000
272.000000
290.000000
302.000000
260.000000
312.000000
400.000000
405.000000
503.000000
512.000000
493.000000
509.000000
544.000000
602.000000
611.000000
582.000000
608.000000
630.000000
987.000000
1674.000000
1601.000000
1089.000000
769.000000
540.000000
453.000000
449.000000
452.000000
433.000000
464.000000
491.000000
578.000000
592.000000
674.000000
612.000000
631.000000
647.000000
719.000000
731.000000
724.000000
703.000000
662.000000
641.000000
612.000000
567.000000
571.000000
534.000000
413.000000
270.000000
280.000000
248.000000
288.000000
244.000000
314.000000
325.000000
327.000000
416.000000
405.000000
476.000000
554.000000
482.000000
491.000000
579.000000
567.000000
527.000000
520.000000
452.000000
441.000000
499.000000
472.000000
426.000000
347.000000
259.000000
222.000000
235.000000
263.000000
235.000000
231.000000
276.000000
323.000000
355.000000
412.000000
467.000000
503.000000
557.000000
597.000000
809.000000
1624.000000
1758.000000
1472.000000
1229.000000
1199.000000
877.000000
813.000000
846.000000
668.000000
506.000000
419.000000
390.000000
394.000000
411.000000
451.000000
397.000000
503.000000
501.000000
516.000000
601.000000
623.000000
655.000000
681.000000
692.000000
723.000000
799.000000
776.000000
740.000000
635.000000
557.000000
573.000000
509.000000
462.000000
329.000000
302.000000
278.000000
295.000000
262.000000
251.000000
327.000000
374.000000
442.000000
480.000000
422.000000
498.000000
540.000000
522.000000
582.000000
582.000000
579.000000
592.000000
470.000000
519.000000
487.000000
477.000000
405.000000
365.000000
254.000000
240.000000
231.000000
214.000000
251.000000
241.000000
303.000000
284.000000
344.000000
424.000000
464.000000
479.000000
488.000000
512.000000
561.000000
521.000000
494.000000
568.000000
531.000000
491.000000
523.000000
463.000000
437.000000
332.000000
307.000000
193.000000
266.000000
256.000000
254.000000
284.000000
254.000000
317.000000
326.000000
407.000000
422.000000
416.000000
447.000000
499.000000
551.000000
541.000000
480.000000
523.000000
481.000000
537.000000
499.000000
