174.000000
141.000000
118.000000
137.000000
121.000000
109.000000
108.000000
105.000000
110.000000
131.000000
119.000000
116.000000
130.000000
158.000000
184.000000
153.000000
172.000000
192.000000
215.000000
229.000000
232.000000
246.000000
225.000000
206.000000
191.000000
163.000000
142.000000
120.000000
129.000000
126.000000
113.000000
108.000000
115.000000
118.000000
134.000000
118.000000
111.000000
147.000000
183.000000
159.000000
168.000000
226.000000
195.000000
203.000000
208.000000
224.000000
192.000000
188.000000
180.000000
160.000000
144.000000
125.000000
111.000000
105.000000
116.000000
116.000000
90.000000
93.000000
142.000000
144.000000
158.000000
148.000000
166.000000
175.000000
178.000000
247.000000
248.000000
266.000000
471.000000
610.000000
381.000000
356.000000
336.000000
283.000000
273.000000
198.000000
184.000000
176.000000
172.000000
203.000000
194.000000
182.000000
166.000000
182.000000
192.000000
202.000000
231.000000
249.000000
238.000000
293.000000
264.000000
280.000000
277.000000
282.000000
215.000000
266.000000
250.000000
229.000000
204.000000
204.000000
150.000000
153.000000
135.000000
116.000000
117.000000
124.000000
128.000000
129.000000
113.000000
135.000000
182.000000
188.000000
219.000000
196.000000
243.000000
212.000000
252.000000
231.000000
238.000000
223.000000
213.000000
181.000000
171.000000
143.000000
136.000000
118.000000
118.000000
104.000000
96.000000
107.000000
118.000000
140.000000
129.000000
159.000000
197.000000
206.000000
169.000000
211.000000
222.000000
243.000000
208.000000
237.000000
243.000000
252.000000
273.000000
295.000000
194.000000
206.000000
182.000000
138.000000
160.000000
138.000000
132.000000
148.000000
139.000000
169.000000
192.000000
226.000000
218.000000
261.000000
319.000000
299.000000
378.000000
317.000000
321.000000
302.000000
411.000000
876.000000
2141.000000
2135.000000
1023.000000
880.000000
486.000000
410.000000
420.000000
415.000000
303.000000
382.000000
383.000000
450.000000
444.000000
512.000000
517.000000
507.000000
580.000000
510.000000
491.000000
541.000000
419.000000
446.000000
430.000000
392.000000
400.000000
339.000000
282.000000
269.000000
188.000000
198.000000
203.000000
230.000000
178.000000
156.000000
203.000000
216.000000
213.000000
215.000000
246.000000
286.000000
242.000000
246.000000
314.000000
286.000000
336.000000
298.000000
254.000000
238.000000
254.000000
278.000000
241.000000
200.000000
182.000000
163.000000
159.000000
142.000000
129.000000
129.000000
156.000000
155.000000
199.000000
222.000000
195.000000
239.000000
243.000000
267.000000
324.000000
286.000000
341.000000
343.000000
340.000000
276.000000
284.000000
237.000000
193.000000
167.000000
148.000000
172.000000
176.000000
171.000000
146.000000
171.000000
184.000000
185.000000
157.000000
205.000000
228.000000
244.000000
244.000000
276.000000
343.000000
371.000000
334.000000
368.000000
352.000000
395.000000
895.000000
835.000000
495.000000
317.000000
299.000000
237.000000
232.000000
214.000000
281.000000
233.000000
251.000000
311.000000
239.000000
259.000000
247.000000
289.000000
318.000000
324.000000
310.000000
298.000000
350.000000
315.000000
245.000000
274.000000
242.000000
249.000000
200.000000
154.000000
149.000000
128.000000
141.000000
171.000000
154.000000
129.000000
134.000000
152.000000
171.000000
187.000000
196.000000
224.000000
217.000000
232.000000
280.000000
247.000000
237.000000
215.000000
276.000000
214.000000
292.000000
200.000000
197.000000
169.000000
132.000000
134.000000
124.000000
126.000000
141.000000
131.000000
133.000000
157.000000
146.000000
189.000000
178.000000
208.000000
226.000000
223.000000
247.000000
264.000000
232.000000
257.000000
279.000000
255.000000
444.000000
