832.000000
743.000000
431.000000
355.000000
289.000000
310.000000
268.000000
288.000000
303.000000
333.000000
348.000000
409.000000
414.000000
483.000000
465.000000
476.000000
424.000000
513.000000
484.000000
482.000000
464.000000
539.000000
504.000000
527.000000
464.000000
378.000000
360.000000
350.000000
279.000000
249.000000
264.000000
261.000000
278.000000
311.000000
329.000000
318.000000
368.000000
461.000000
485.000000
506.000000
530.000000
490.000000
500.000000
492.000000
455.000000
479.000000
494.000000
438.000000
412.000000
327.000000
311.000000
313.000000
229.000000
234.000000
248.000000
210.000000
254.000000
298.000000
313.000000
347.000000
357.000000
366.000000
419.000000
525.000000
478.000000
478.000000
478.000000
496.000000
518.000000
628.000000
615.000000
673.000000
896.000000
1169.000000
732.000000
531.000000
436.000000
356.000000
363.000000
378.000000
437.000000
488.000000
544.000000
516.000000
529.000000
585.000000
568.000000
533.000000
598.000000
592.000000
612.000000
640.000000
635.000000
643.000000
580.000000
566.000000
578.000000
471.000000
371.000000
331.000000
366.000000
264.000000
275.000000
261.000000
288.000000
329.000000
359.000000
387.000000
386.000000
452.000000
472.000000
496.000000
515.000000
613.000000
548.000000
579.000000
605.000000
583.000000
583.000000
567.000000
477.000000
985.000000
853.000000
793.000000
927.000000
921.000000
930.000000
1000.000000
1038.000000
1077.000000
1079.000000
1113.000000
1165.000000
1218.000000
1271.000000
1289.000000
1308.000000
1322.000000
1372.000000
1295.000000
1397.000000
1384.000000
1431.000000
1893.000000
2150.000000
1597.000000
1193.000000
1055.000000
1069.000000
1044.000000
1049.000000
1125.000000
1212.000000
1087.000000
1165.000000
1212.000000
1277.000000
1370.000000
1331.000000
1351.000000
1428.000000
1467.000000
1448.000000
1532.000000
1647.000000
1816.000000
3739.000000
6688.000000
8257.000000
2811.000000
1795.000000
1349.000000
913.000000
710.000000
697.000000
657.000000
820.000000
942.000000
945.000000
1044.000000
913.000000
891.000000
868.000000
909.000000
925.000000
917.000000
922.000000
839.000000
776.000000
775.000000
774.000000
878.000000
787.000000
573.000000
456.000000
374.000000
319.000000
348.000000
302.000000
321.000000
328.000000
369.000000
384.000000
405.000000
399.000000
443.000000
496.000000
485.000000
593.000000
630.000000
602.000000
599.000000
548.000000
499.000000
555.000000
527.000000
479.000000
379.000000
356.000000
296.000000
274.000000
224.000000
247.000000
243.000000
272.000000
305.000000
332.000000
293.000000
371.000000
379.000000
443.000000
448.000000
538.000000
485.000000
466.000000
524.000000
844.000000
884.000000
898.000000
609.000000
515.000000
447.000000
372.000000
321.000000
264.000000
257.000000
286.000000
282.000000
286.000000
382.000000
401.000000
398.000000
439.000000
385.000000
415.000000
491.000000
487.000000
464.000000
569.000000
589.000000
652.000000
625.000000
614.000000
722.000000
1605.000000
1368.000000
855.000000
650.000000
505.000000
469.000000
503.000000
539.000000
541.000000
611.000000
594.000000
669.000000
671.000000
695.000000
649.000000
733.000000
712.000000
784.000000
782.000000
750.000000
762.000000
775.000000
770.000000
753.000000
737.000000
599.000000
471.000000
456.000000
454.000000
401.000000
404.000000
402.000000
422.000000
498.000000
545.000000
550.000000
637.000000
649.000000
637.000000
739.000000
854.000000
827.000000
848.000000
905.000000
967.000000
1203.000000
3106.000000
5647.000000
8519.000000
3847.000000
1831.000000
1266.000000
957.000000
922.000000
856.000000
990.000000
987.000000
1012.000000
1208.000000
1279.000000
1421.000000
1352.000000
1312.000000
1273.000000
1295.000000
1309.000000
1276.000000
1255.000000
1143.000000
1209.000000
1252.000000
2383.000000
3073.000000
