371.000000
337.000000
233.000000
245.000000
209.000000
186.000000
193.000000
160.000000
188.000000
298.000000
260.000000
301.000000
282.000000
321.000000
298.000000
334.000000
397.000000
390.000000
455.000000
448.000000
394.000000
399.000000
391.000000
361.000000
343.000000
297.000000
248.000000
231.000000
204.000000
181.000000
180.000000
178.000000
190.000000
216.000000
262.000000
282.000000
316.000000
329.000000
293.000000
332.000000
355.000000
379.000000
391.000000
351.000000
399.000000
378.000000
400.000000
374.000000
408.000000
321.000000
282.000000
235.000000
216.000000
194.000000
228.000000
253.000000
224.000000
240.000000
310.000000
273.000000
281.000000
315.000000
360.000000
362.000000
412.000000
416.000000
400.000000
425.000000
488.000000
539.000000
657.000000
819.000000
951.000000
764.000000
475.000000
483.000000
383.000000
362.000000
374.000000
413.000000
379.000000
427.000000
431.000000
439.000000
365.000000
430.000000
436.000000
442.000000
473.000000
494.000000
496.000000
526.000000
602.000000
577.000000
543.000000
534.000000
501.000000
448.000000
346.000000
318.000000
306.000000
291.000000
261.000000
228.000000
281.000000
323.000000
385.000000
348.000000
401.000000
385.000000
361.000000
400.000000
463.000000
493.000000
458.000000
517.000000
439.000000
478.000000
507.000000
506.000000
486.000000
385.000000
299.000000
278.000000
252.000000
270.000000
244.000000
218.000000
254.000000
271.000000
264.000000
352.000000
392.000000
391.000000
432.000000
424.000000
535.000000
528.000000
485.000000
530.000000
514.000000
555.000000
616.000000
990.000000
1355.000000
762.000000
525.000000
459.000000
404.000000
366.000000
378.000000
312.000000
349.000000
445.000000
432.000000
491.000000
448.000000
583.000000
601.000000
606.000000
656.000000
689.000000
611.000000
717.000000
709.000000
841.000000
1359.000000
1984.000000
2310.000000
1104.000000
770.000000
544.000000
411.000000
433.000000
450.000000
420.000000
520.000000
440.000000
506.000000
521.000000
570.000000
561.000000
620.000000
603.000000
600.000000
591.000000
547.000000
601.000000
633.000000
608.000000
622.000000
621.000000
600.000000
402.000000
307.000000
321.000000
301.000000
304.000000
263.000000
262.000000
258.000000
287.000000
330.000000
362.000000
362.000000
389.000000
387.000000
512.000000
523.000000
522.000000
515.000000
468.000000
478.000000
462.000000
504.000000
497.000000
449.000000
350.000000
308.000000
337.000000
254.000000
273.000000
237.000000
235.000000
238.000000
322.000000
280.000000
369.000000
386.000000
379.000000
382.000000
477.000000
431.000000
551.000000
474.000000
548.000000
715.000000
1008.000000
970.000000
1193.000000
1253.000000
817.000000
705.000000
572.000000
435.000000
411.000000
391.000000
423.000000
390.000000
494.000000
439.000000
434.000000
480.000000
520.000000
461.000000
559.000000
529.000000
549.000000
623.000000
764.000000
903.000000
678.000000
698.000000
603.000000
515.000000
478.000000
386.000000
326.000000
310.000000
302.000000
319.000000
368.000000
269.000000
328.000000
372.000000
371.000000
340.000000
427.000000
486.000000
518.000000
493.000000
508.000000
547.000000
537.000000
577.000000
553.000000
580.000000
563.000000
454.000000
456.000000
356.000000
299.000000
279.000000
263.000000
280.000000
237.000000
247.000000
310.000000
305.000000
389.000000
438.000000
486.000000
479.000000
496.000000
510.000000
562.000000
552.000000
610.000000
625.000000
733.000000
1018.000000
1430.000000
4012.000000
2681.000000
1416.000000
1072.000000
864.000000
752.000000
792.000000
797.000000
785.000000
888.000000
1015.000000
1003.000000
936.000000
1041.000000
988.000000
1097.000000
1125.000000
1159.000000
1047.000000
1064.000000
1041.000000
985.000000
977.000000
1114.000000
1212.000000
