725.000000
499.000000
402.000000
358.000000
299.000000
247.000000
210.000000
225.000000
237.000000
312.000000
315.000000
368.000000
432.000000
493.000000
530.000000
512.000000
651.000000
615.000000
681.000000
659.000000
682.000000
987.000000
2421.000000
6947.000000
6441.000000
2738.000000
1760.000000
1244.000000
1060.000000
878.000000
902.000000
771.000000
856.000000
1004.000000
1168.000000
1108.000000
1244.000000
1229.000000
1147.000000
1220.000000
1132.000000
1183.000000
1182.000000
1023.000000
974.000000
1020.000000
948.000000
811.000000
871.000000
649.000000
575.000000
516.000000
459.000000
361.000000
423.000000
349.000000
330.000000
409.000000
449.000000
506.000000
564.000000
611.000000
613.000000
734.000000
704.000000
760.000000
675.000000
700.000000
606.000000
620.000000
515.000000
538.000000
535.000000
479.000000
394.000000
367.000000
305.000000
259.000000
276.000000
265.000000
322.000000
318.000000
323.000000
369.000000
473.000000
458.000000
831.000000
1853.000000
2202.000000
1618.000000
709.000000
672.000000
815.000000
1144.000000
954.000000
728.000000
656.000000
523.000000
471.000000
425.000000
363.000000
318.000000
324.000000
328.000000
246.000000
324.000000
278.000000
292.000000
394.000000
424.000000
401.000000
487.000000
515.000000
554.000000
514.000000
561.000000
563.000000
573.000000
525.000000
494.000000
436.000000
375.000000
318.000000
338.000000
311.000000
238.000000
203.000000
224.000000
215.000000
264.000000
298.000000
271.000000
353.000000
391.000000
422.000000
464.000000
571.000000
568.000000
573.000000
628.000000
641.000000
560.000000
566.000000
494.000000
506.000000
418.000000
404.000000
331.000000
291.000000
305.000000
283.000000
272.000000
275.000000
300.000000
332.000000
349.000000
499.000000
557.000000
475.000000
624.000000
712.000000
773.000000
676.000000
719.000000
700.000000
826.000000
1765.000000
3315.000000
6328.000000
3746.000000
2061.000000
1475.000000
1177.000000
1051.000000
1048.000000
939.000000
934.000000
985.000000
1202.000000
1208.000000
1373.000000
1429.000000
1306.000000
1339.000000
1405.000000
1363.000000
1301.000000
1343.000000
1319.000000
1225.000000
1160.000000
1187.000000
1499.000000
1537.000000
1130.000000
767.000000
629.000000
567.000000
565.000000
534.000000
538.000000
584.000000
633.000000
666.000000
692.000000
758.000000
737.000000
828.000000
896.000000
947.000000
860.000000
822.000000
768.000000
665.000000
755.000000
868.000000
749.000000
789.000000
592.000000
485.000000
433.000000
418.000000
384.000000
359.000000
354.000000
410.000000
483.000000
575.000000
581.000000
601.000000
865.000000
2652.000000
2058.000000
1706.000000
1504.000000
1242.000000
1207.000000
1101.000000
995.000000
926.000000
843.000000
758.000000
601.000000
522.000000
463.000000
448.000000
379.000000
374.000000
358.000000
443.000000
470.000000
511.000000
496.000000
553.000000
564.000000
701.000000
641.000000
700.000000
674.000000
796.000000
1809.000000
2244.000000
3045.000000
1407.000000
1358.000000
1112.000000
1115.000000
789.000000
685.000000
586.000000
500.000000
490.000000
527.000000
506.000000
560.000000
653.000000
697.000000
778.000000
791.000000
867.000000
841.000000
1034.000000
1039.000000
988.000000
1078.000000
1379.000000
1074.000000
1014.000000
913.000000
815.000000
689.000000
622.000000
430.000000
443.000000
388.000000
392.000000
391.000000
447.000000
534.000000
632.000000
565.000000
696.000000
671.000000
757.000000
789.000000
887.000000
746.000000
866.000000
798.000000
744.000000
722.000000
672.000000
678.000000
549.000000
480.000000
400.000000
332.000000
311.000000
302.000000
340.000000
339.000000
343.000000
394.000000
406.000000
486.000000
556.000000
583.000000
535.000000
673.000000
643.000000
728.000000
631.000000
641.000000
645.000000
674.000000
674.000000
746.000000
