676.000000
708.000000
598.000000
401.000000
285.000000
213.000000
200.000000
249.000000
245.000000
201.000000
242.000000
265.000000
284.000000
324.000000
287.000000
326.000000
308.000000
291.000000
333.000000
322.000000
307.000000
293.000000
275.000000
291.000000
322.000000
267.000000
270.000000
233.000000
165.000000
129.000000
101.000000
139.000000
127.000000
113.000000
128.000000
184.000000
167.000000
194.000000
196.000000
177.000000
213.000000
217.000000
243.000000
237.000000
215.000000
206.000000
224.000000
202.000000
218.000000
161.000000
149.000000
147.000000
120.000000
116.000000
100.000000
80.000000
97.000000
104.000000
92.000000
113.000000
151.000000
142.000000
154.000000
155.000000
174.000000
217.000000
185.000000
189.000000
225.000000
353.000000
361.000000
312.000000
338.000000
278.000000
276.000000
274.000000
208.000000
136.000000
132.000000
129.000000
122.000000
126.000000
113.000000
136.000000
148.000000
186.000000
165.000000
181.000000
193.000000
193.000000
184.000000
204.000000
203.000000
233.000000
227.000000
226.000000
195.000000
218.000000
188.000000
185.000000
147.000000
111.000000
101.000000
95.000000
92.000000
118.000000
112.000000
104.000000
112.000000
155.000000
192.000000
140.000000
171.000000
190.000000
243.000000
214.000000
228.000000
183.000000
208.000000
186.000000
190.000000
195.000000
151.000000
134.000000
137.000000
85.000000
81.000000
90.000000
105.000000
111.000000
111.000000
102.000000
170.000000
164.000000
175.000000
208.000000
231.000000
281.000000
304.000000
314.000000
315.000000
385.000000
416.000000
362.000000
498.000000
758.000000
630.000000
361.000000
249.000000
221.000000
196.000000
191.000000
207.000000
223.000000
239.000000
364.000000
408.000000
428.000000
450.000000
518.000000
652.000000
770.000000
691.000000
768.000000
820.000000
793.000000
1334.000000
5884.000000
10000.000000
9861.000000
2099.000000
1253.000000
805.000000
673.000000
565.000000
604.000000
568.000000
611.000000
724.000000
707.000000
711.000000
657.000000
657.000000
619.000000
679.000000
603.000000
587.000000
529.000000
533.000000
458.000000
488.000000
497.000000
427.000000
345.000000
347.000000
273.000000
195.000000
173.000000
154.000000
171.000000
169.000000
144.000000
156.000000
191.000000
171.000000
199.000000
200.000000
210.000000
222.000000
227.000000
255.000000
219.000000
218.000000
202.000000
201.000000
195.000000
197.000000
188.000000
178.000000
132.000000
124.000000
560.000000
88.000000
82.000000
94.000000
103.000000
79.000000
115.000000
119.000000
122.000000
126.000000
140.000000
150.000000
158.000000
160.000000
154.000000
164.000000
183.000000
179.000000
176.000000
187.000000
151.000000
154.000000
85.000000
94.000000
91.000000
95.000000
97.000000
67.000000
91.000000
122.000000
99.000000
111.000000
122.000000
142.000000
126.000000
134.000000
174.000000
155.000000
153.000000
236.000000
174.000000
200.000000
207.000000
284.000000
296.000000
196.000000
167.000000
128.000000
119.000000
97.000000
104.000000
88.000000
96.000000
100.000000
68.000000
109.000000
104.000000
145.000000
141.000000
152.000000
165.000000
165.000000
162.000000
171.000000
157.000000
197.000000
114.000000
145.000000
159.000000
147.000000
105.000000
108.000000
88.000000
91.000000
55.000000
74.000000
71.000000
72.000000
81.000000
76.000000
107.000000
123.000000
99.000000
128.000000
130.000000
122.000000
126.000000
173.000000
158.000000
156.000000
179.000000
161.000000
120.000000
117.000000
103.000000
80.000000
66.000000
80.000000
60.000000
79.000000
60.000000
79.000000
102.000000
85.000000
97.000000
108.000000
98.000000
114.000000
135.000000
153.000000
125.000000
144.000000
145.000000
126.000000
135.000000
161.000000
