321.000000
305.000000
215.000000
209.000000
160.000000
183.000000
214.000000
191.000000
171.000000
204.000000
237.000000
254.000000
321.000000
315.000000
492.000000
384.000000
390.000000
441.000000
411.000000
444.000000
400.000000
410.000000
387.000000
348.000000
339.000000
305.000000
228.000000
198.000000
195.000000
178.000000
206.000000
183.000000
203.000000
202.000000
235.000000
280.000000
361.000000
342.000000
427.000000
376.000000
371.000000
494.000000
513.000000
462.000000
449.000000
379.000000
356.000000
403.000000
371.000000
249.000000
243.000000
228.000000
193.000000
151.000000
190.000000
190.000000
210.000000
223.000000
272.000000
262.000000
293.000000
376.000000
399.000000
399.000000
536.000000
540.000000
561.000000
745.000000
1183.000000
1523.000000
1680.000000
762.000000
631.000000
609.000000
515.000000
398.000000
327.000000
306.000000
365.000000
361.000000
335.000000
362.000000
407.000000
439.000000
433.000000
435.000000
567.000000
505.000000
546.000000
532.000000
561.000000
655.000000
651.000000
511.000000
504.000000
461.000000
446.000000
419.000000
313.000000
313.000000
250.000000
216.000000
242.000000
220.000000
252.000000
259.000000
321.000000
321.000000
388.000000
375.000000
412.000000
482.000000
492.000000
504.000000
499.000000
478.000000
444.000000
525.000000
480.000000
431.000000
457.000000
392.000000
302.000000
251.000000
219.000000
227.000000
209.000000
245.000000
233.000000
234.000000
277.000000
307.000000
433.000000
384.000000
359.000000
471.000000
432.000000
468.000000
465.000000
440.000000
394.000000
427.000000
472.000000
514.000000
573.000000
521.000000
323.000000
257.000000
232.000000
230.000000
261.000000
236.000000
251.000000
292.000000
282.000000
293.000000
390.000000
416.000000
379.000000
430.000000
494.000000
516.000000
536.000000
490.000000
479.000000
554.000000
730.000000
978.000000
1004.000000
576.000000
367.000000
304.000000
235.000000
232.000000
208.000000
276.000000
293.000000
352.000000
331.000000
351.000000
360.000000
440.000000
392.000000
392.000000
442.000000
545.000000
569.000000
558.000000
483.000000
515.000000
469.000000
387.000000
346.000000
389.000000
270.000000
218.000000
203.000000
209.000000
219.000000
226.000000
254.000000
301.000000
292.000000
333.000000
372.000000
343.000000
328.000000
408.000000
401.000000
425.000000
438.000000
404.000000
396.000000
379.000000
333.000000
420.000000
381.000000
313.000000
278.000000
228.000000
219.000000
198.000000
222.000000
242.000000
205.000000
258.000000
228.000000
309.000000
338.000000
346.000000
374.000000
420.000000
431.000000
558.000000
954.000000
1001.000000
832.000000
699.000000
678.000000
508.000000
455.000000
413.000000
404.000000
307.000000
264.000000
247.000000
273.000000
252.000000
258.000000
271.000000
270.000000
289.000000
338.000000
377.000000
373.000000
466.000000
455.000000
493.000000
517.000000
645.000000
657.000000
585.000000
458.000000
426.000000
377.000000
351.000000
290.000000
267.000000
235.000000
230.000000
220.000000
243.000000
243.000000
252.000000
272.000000
245.000000
351.000000
354.000000
460.000000
396.000000
417.000000
415.000000
414.000000
427.000000
429.000000
437.000000
415.000000
417.000000
373.000000
327.000000
252.000000
225.000000
206.000000
168.000000
200.000000
234.000000
197.000000
232.000000
248.000000
252.000000
343.000000
383.000000
371.000000
374.000000
445.000000
419.000000
459.000000
442.000000
452.000000
429.000000
552.000000
1259.000000
1060.000000
835.000000
580.000000
408.000000
375.000000
306.000000
292.000000
329.000000
337.000000
412.000000
414.000000
466.000000
516.000000
538.000000
498.000000
520.000000
514.000000
589.000000
502.000000
523.000000
506.000000
473.000000
529.000000
584.000000
617.000000
