374.000000
330.000000
321.000000
240.000000
277.000000
307.000000
312.000000
370.000000
403.000000
384.000000
435.000000
464.000000
557.000000
557.000000
523.000000
565.000000
608.000000
620.000000
582.000000
638.000000
591.000000
775.000000
790.000000
778.000000
592.000000
534.000000
327.000000
285.000000
383.000000
324.000000
326.000000
313.000000
305.000000
295.000000
332.000000
366.000000
364.000000
351.000000
410.000000
427.000000
433.000000
464.000000
425.000000
428.000000
441.000000
383.000000
396.000000
371.000000
351.000000
302.000000
234.000000
204.000000
282.000000
225.000000
237.000000
204.000000
207.000000
206.000000
256.000000
245.000000
276.000000
318.000000
354.000000
310.000000
310.000000
432.000000
364.000000
401.000000
397.000000
421.000000
386.000000
340.000000
291.000000
232.000000
263.000000
223.000000
179.000000
196.000000
167.000000
156.000000
207.000000
215.000000
191.000000
327.000000
262.000000
280.000000
367.000000
610.000000
839.000000
650.000000
528.000000
570.000000
508.000000
487.000000
466.000000
462.000000
539.000000
377.000000
331.000000
323.000000
240.000000
221.000000
210.000000
313.000000
361.000000
220.000000
286.000000
269.000000
301.000000
338.000000
309.000000
375.000000
334.000000
391.000000
395.000000
462.000000
480.000000
482.000000
453.000000
350.000000
362.000000
324.000000
272.000000
203.000000
265.000000
193.000000
180.000000
236.000000
191.000000
225.000000
239.000000
273.000000
288.000000
273.000000
316.000000
364.000000
364.000000
367.000000
385.000000
428.000000
422.000000
446.000000
355.000000
365.000000
334.000000
303.000000
307.000000
252.000000
226.000000
204.000000
236.000000
200.000000
258.000000
274.000000
235.000000
344.000000
254.000000
323.000000
331.000000
342.000000
354.000000
389.000000
442.000000
439.000000
430.000000
563.000000
571.000000
762.000000
839.000000
536.000000
362.000000
368.000000
290.000000
274.000000
337.000000
331.000000
274.000000
261.000000
273.000000
300.000000
327.000000
303.000000
311.000000
340.000000
421.000000
407.000000
427.000000
435.000000
476.000000
449.000000
413.000000
501.000000
511.000000
420.000000
310.000000
261.000000
229.000000
233.000000
260.000000
229.000000
207.000000
276.000000
266.000000
288.000000
390.000000
313.000000
374.000000
385.000000
399.000000
345.000000
423.000000
406.000000
408.000000
411.000000
565.000000
482.000000
444.000000
327.000000
289.000000
284.000000
230.000000
201.000000
242.000000
263.000000
233.000000
268.000000
259.000000
313.000000
339.000000
275.000000
363.000000
419.000000
415.000000
431.000000
431.000000
443.000000
424.000000
488.000000
427.000000
410.000000
362.000000
259.000000
245.000000
244.000000
241.000000
181.000000
174.000000
196.000000
220.000000
211.000000
215.000000
256.000000
332.000000
287.000000
343.000000
367.000000
361.000000
388.000000
432.000000
527.000000
487.000000
457.000000
439.000000
384.000000
458.000000
347.000000
483.000000
273.000000
259.000000
251.000000
231.000000
232.000000
241.000000
257.000000
262.000000
290.000000
296.000000
362.000000
350.000000
374.000000
406.000000
443.000000
482.000000
598.000000
721.000000
770.000000
803.000000
952.000000
941.000000
556.000000
436.000000
347.000000
309.000000
331.000000
265.000000
273.000000
315.000000
287.000000
370.000000
363.000000
435.000000
526.000000
864.000000
888.000000
828.000000
671.000000
688.000000
613.000000
665.000000
669.000000
599.000000
520.000000
516.000000
392.000000
326.000000
277.000000
286.000000
259.000000
227.000000
240.000000
240.000000
328.000000
281.000000
328.000000
308.000000
345.000000
398.000000
467.000000
451.000000
460.000000
455.000000
465.000000
522.000000
441.000000
479.000000
505.000000
411.000000
