253.000000
333.000000
251.000000
220.000000
188.000000
130.000000
120.000000
98.000000
134.000000
127.000000
150.000000
184.000000
205.000000
233.000000
257.000000
286.000000
288.000000
263.000000
247.000000
296.000000
310.000000
292.000000
253.000000
273.000000
284.000000
279.000000
234.000000
179.000000
170.000000
135.000000
121.000000
108.000000
124.000000
149.000000
130.000000
173.000000
176.000000
214.000000
231.000000
271.000000
211.000000
282.000000
294.000000
316.000000
271.000000
250.000000
327.000000
331.000000
253.000000
285.000000
217.000000
187.000000
141.000000
143.000000
117.000000
133.000000
114.000000
153.000000
129.000000
190.000000
186.000000
222.000000
230.000000
272.000000
299.000000
321.000000
399.000000
388.000000
510.000000
1221.000000
1432.000000
1283.000000
625.000000
549.000000
594.000000
356.000000
339.000000
307.000000
271.000000
269.000000
257.000000
208.000000
264.000000
259.000000
300.000000
369.000000
407.000000
432.000000
415.000000
518.000000
426.000000
501.000000
589.000000
644.000000
559.000000
419.000000
457.000000
381.000000
356.000000
361.000000
327.000000
253.000000
218.000000
276.000000
209.000000
185.000000
262.000000
228.000000
275.000000
369.000000
335.000000
401.000000
454.000000
443.000000
417.000000
496.000000
463.000000
450.000000
414.000000
421.000000
404.000000
405.000000
340.000000
268.000000
259.000000
249.000000
196.000000
202.000000
172.000000
172.000000
178.000000
232.000000
272.000000
352.000000
333.000000
382.000000
454.000000
485.000000
469.000000
477.000000
453.000000
499.000000
448.000000
467.000000
605.000000
638.000000
502.000000
371.000000
238.000000
251.000000
233.000000
209.000000
218.000000
203.000000
245.000000
316.000000
330.000000
414.000000
442.000000
486.000000
555.000000
623.000000
585.000000
582.000000
582.000000
629.000000
757.000000
1740.000000
3484.000000
2982.000000
1238.000000
765.000000
573.000000
443.000000
392.000000
357.000000
358.000000
385.000000
467.000000
512.000000
533.000000
573.000000
626.000000
616.000000
578.000000
621.000000
576.000000
548.000000
534.000000
539.000000
586.000000
435.000000
486.000000
449.000000
381.000000
265.000000
237.000000
231.000000
211.000000
194.000000
187.000000
143.000000
193.000000
247.000000
266.000000
307.000000
345.000000
387.000000
394.000000
434.000000
418.000000
498.000000
385.000000
404.000000
435.000000
404.000000
371.000000
327.000000
354.000000
321.000000
240.000000
271.000000
183.000000
191.000000
213.000000
200.000000
275.000000
298.000000
358.000000
429.000000
475.000000
561.000000
719.000000
741.000000
779.000000
638.000000
869.000000
4591.000000
8445.000000
4348.000000
1669.000000
1174.000000
1224.000000
785.000000
609.000000
525.000000
395.000000
446.000000
413.000000
439.000000
434.000000
471.000000
542.000000
616.000000
560.000000
591.000000
599.000000
642.000000
591.000000
589.000000
713.000000
665.000000
698.000000
586.000000
440.000000
481.000000
386.000000
363.000000
296.000000
231.000000
217.000000
214.000000
377.000000
432.000000
435.000000
519.000000
491.000000
525.000000
551.000000
471.000000
469.000000
510.000000
476.000000
527.000000
490.000000
443.000000
490.000000
381.000000
393.000000
354.000000
362.000000
315.000000
238.000000
246.000000
216.000000
228.000000
217.000000
203.000000
229.000000
297.000000
360.000000
358.000000
421.000000
429.000000
441.000000
538.000000
599.000000
590.000000
582.000000
561.000000
738.000000
1975.000000
4197.000000
3776.000000
1652.000000
851.000000
660.000000
508.000000
479.000000
460.000000
408.000000
435.000000
455.000000
609.000000
583.000000
618.000000
643.000000
607.000000
582.000000
602.000000
638.000000
580.000000
607.000000
525.000000
543.000000
561.000000
573.000000
