526.000000
471.000000
384.000000
304.000000
227.000000
216.000000
251.000000
219.000000
251.000000
222.000000
305.000000
304.000000
377.000000
408.000000
448.000000
479.000000
479.000000
545.000000
476.000000
450.000000
517.000000
462.000000
452.000000
451.000000
442.000000
412.000000
358.000000
266.000000
233.000000
224.000000
227.000000
243.000000
199.000000
227.000000
264.000000
400.000000
369.000000
383.000000
415.000000
414.000000
473.000000
584.000000
451.000000
559.000000
485.000000
526.000000
478.000000
515.000000
437.000000
407.000000
362.000000
243.000000
234.000000
230.000000
246.000000
233.000000
208.000000
251.000000
324.000000
353.000000
342.000000
386.000000
384.000000
447.000000
509.000000
513.000000
514.000000
553.000000
485.000000
479.000000
463.000000
477.000000
405.000000
342.000000
362.000000
384.000000
243.000000
207.000000
293.000000
225.000000
263.000000
241.000000
305.000000
385.000000
438.000000
438.000000
461.000000
538.000000
645.000000
974.000000
1016.000000
1192.000000
939.000000
789.000000
787.000000
569.000000
525.000000
497.000000
621.000000
352.000000
353.000000
309.000000
265.000000
317.000000
334.000000
351.000000
350.000000
448.000000
467.000000
451.000000
438.000000
488.000000
455.000000
542.000000
634.000000
600.000000
554.000000
521.000000
457.000000
430.000000
426.000000
386.000000
335.000000
280.000000
246.000000
229.000000
251.000000
237.000000
268.000000
239.000000
286.000000
337.000000
390.000000
374.000000
428.000000
447.000000
467.000000
526.000000
483.000000
584.000000
513.000000
502.000000
473.000000
482.000000
508.000000
381.000000
338.000000
246.000000
290.000000
215.000000
242.000000
249.000000
217.000000
263.000000
328.000000
341.000000
433.000000
442.000000
504.000000
599.000000
553.000000
594.000000
567.000000
525.000000
627.000000
589.000000
841.000000
1564.000000
1597.000000
1109.000000
789.000000
629.000000
481.000000
457.000000
490.000000
463.000000
481.000000
445.000000
647.000000
630.000000
608.000000
642.000000
657.000000
597.000000
723.000000
813.000000
733.000000
729.000000
666.000000
645.000000
604.000000
675.000000
634.000000
579.000000
417.000000
318.000000
306.000000
284.000000
288.000000
254.000000
284.000000
273.000000
311.000000
340.000000
453.000000
365.000000
427.000000
448.000000
488.000000
470.000000
523.000000
555.000000
517.000000
457.000000
547.000000
488.000000
473.000000
417.000000
341.000000
256.000000
235.000000
229.000000
213.000000
208.000000
210.000000
209.000000
320.000000
297.000000
337.000000
408.000000
391.000000
456.000000
445.000000
483.000000
479.000000
484.000000
454.000000
451.000000
438.000000
454.000000
444.000000
424.000000
310.000000
297.000000
227.000000
214.000000
228.000000
203.000000
215.000000
275.000000
238.000000
309.000000
363.000000
393.000000
344.000000
441.000000
548.000000
533.000000
566.000000
564.000000
612.000000
570.000000
559.000000
466.000000
463.000000
441.000000
410.000000
306.000000
238.000000
215.000000
228.000000
256.000000
237.000000
289.000000
343.000000
347.000000
418.000000
465.000000
488.000000
759.000000
1814.000000
2106.000000
1465.000000
810.000000
725.000000
634.000000
546.000000
505.000000
372.000000
417.000000
353.000000
255.000000
216.000000
227.000000
220.000000
227.000000
224.000000
251.000000
251.000000
281.000000
315.000000
339.000000
356.000000
372.000000
412.000000
469.000000
462.000000
476.000000
433.000000
420.000000
404.000000
397.000000
385.000000
290.000000
274.000000
223.000000
207.000000
176.000000
194.000000
215.000000
211.000000
212.000000
242.000000
256.000000
331.000000
375.000000
340.000000
358.000000
380.000000
409.000000
409.000000
464.000000
389.000000
359.000000
420.000000
390.000000
440.000000
