2144.000000
1542.000000
1206.000000
956.000000
1095.000000
1000.000000
1048.000000
1113.000000
1133.000000
1090.000000
1257.000000
1254.000000
1317.000000
1295.000000
1349.000000
1402.000000
1515.000000
1621.000000
1650.000000
1614.000000
1794.000000
2116.000000
7352.000000
15296.000000
10335.000000
2578.000000
1720.000000
1306.000000
848.000000
693.000000
605.000000
613.000000
713.000000
714.000000
732.000000
772.000000
844.000000
711.000000
722.000000
711.000000
636.000000
619.000000
658.000000
564.000000
603.000000
532.000000
517.000000
479.000000
446.000000
368.000000
305.000000
220.000000
192.000000
149.000000
225.000000
195.000000
190.000000
195.000000
227.000000
254.000000
241.000000
303.000000
263.000000
261.000000
342.000000
309.000000
316.000000
334.000000
358.000000
306.000000
320.000000
272.000000
279.000000
220.000000
205.000000
180.000000
196.000000
155.000000
139.000000
155.000000
146.000000
131.000000
212.000000
175.000000
200.000000
237.000000
260.000000
288.000000
388.000000
778.000000
1029.000000
954.000000
612.000000
587.000000
538.000000
535.000000
421.000000
365.000000
281.000000
269.000000
291.000000
223.000000
197.000000
228.000000
190.000000
238.000000
241.000000
251.000000
278.000000
226.000000
299.000000
290.000000
305.000000
332.000000
350.000000
392.000000
416.000000
352.000000
375.000000
332.000000
331.000000
330.000000
299.000000
205.000000
215.000000
170.000000
163.000000
173.000000
201.000000
188.000000
216.000000
249.000000
292.000000
304.000000
293.000000
302.000000
321.000000
316.000000
312.000000
376.000000
349.000000
357.000000
410.000000
346.000000
350.000000
323.000000
217.000000
238.000000
211.000000
195.000000
258.000000
200.000000
256.000000
234.000000
292.000000
276.000000
354.000000
455.000000
356.000000
439.000000
539.000000
524.000000
532.000000
613.000000
656.000000
872.000000
3713.000000
8617.000000
10275.000000
2367.000000
1241.000000
941.000000
763.000000
721.000000
668.000000
691.000000
698.000000
774.000000
822.000000
819.000000
878.000000
911.000000
804.000000
774.000000
830.000000
836.000000
784.000000
764.000000
699.000000
687.000000
738.000000
990.000000
990.000000
670.000000
470.000000
386.000000
321.000000
249.000000
264.000000
263.000000
264.000000
267.000000
345.000000
360.000000
337.000000
353.000000
410.000000
402.000000
353.000000
348.000000
364.000000
376.000000
397.000000
347.000000
399.000000
436.000000
417.000000
382.000000
264.000000
199.000000
191.000000
173.000000
126.000000
172.000000
151.000000
174.000000
234.000000
199.000000
240.000000
269.000000
303.000000
277.000000
309.000000
265.000000
286.000000
305.000000
311.000000
271.000000
318.000000
285.000000
250.000000
214.000000
233.000000
148.000000
147.000000
141.000000
121.000000
116.000000
144.000000
153.000000
163.000000
171.000000
191.000000
183.000000
242.000000
241.000000
294.000000
448.000000
474.000000
473.000000
401.000000
383.000000
361.000000
340.000000
306.000000
264.000000
259.000000
248.000000
210.000000
169.000000
162.000000
134.000000
140.000000
179.000000
186.000000
207.000000
185.000000
223.000000
253.000000
310.000000
266.000000
276.000000
272.000000
360.000000
381.000000
331.000000
354.000000
419.000000
370.000000
318.000000
246.000000
220.000000
168.000000
162.000000
130.000000
139.000000
159.000000
166.000000
162.000000
210.000000
222.000000
200.000000
225.000000
245.000000
278.000000
391.000000
349.000000
300.000000
329.000000
329.000000
308.000000
266.000000
238.000000
189.000000
237.000000
182.000000
153.000000
133.000000
112.000000
99.000000
168.000000
119.000000
187.000000
176.000000
214.000000
195.000000
240.000000
265.000000
288.000000
273.000000
250.000000
210.000000
243.000000
248.000000
291.000000
296.000000
236.000000
