143.000000
119.000000
91.000000
37.000000
45.000000
39.000000
37.000000
49.000000
28.000000
37.000000
33.000000
41.000000
48.000000
56.000000
42.000000
66.000000
72.000000
65.000000
69.000000
58.000000
57.000000
59.000000
59.000000
45.000000
87.000000
52.000000
57.000000
40.000000
18.000000
26.000000
12.000000
20.000000
31.000000
26.000000
18.000000
23.000000
31.000000
66.000000
68.000000
54.000000
66.000000
42.000000
80.000000
80.000000
68.000000
54.000000
43.000000
55.000000
61.000000
64.000000
40.000000
33.000000
28.000000
22.000000
48.000000
19.000000
24.000000
17.000000
18.000000
31.000000
43.000000
29.000000
54.000000
36.000000
39.000000
65.000000
93.000000
95.000000
100.000000
83.000000
85.000000
101.000000
95.000000
132.000000
63.000000
67.000000
67.000000
28.000000
22.000000
50.000000
39.000000
33.000000
29.000000
26.000000
42.000000
55.000000
58.000000
65.000000
94.000000
70.000000
75.000000
118.000000
111.000000
84.000000
80.000000
83.000000
87.000000
79.000000
70.000000
63.000000
36.000000
35.000000
39.000000
30.000000
21.000000
29.000000
40.000000
36.000000
71.000000
84.000000
103.000000
112.000000
97.000000
69.000000
131.000000
115.000000
95.000000
78.000000
84.000000
94.000000
86.000000
85.000000
84.000000
64.000000
38.000000
42.000000
28.000000
36.000000
32.000000
26.000000
43.000000
52.000000
65.000000
89.000000
93.000000
115.000000
112.000000
118.000000
124.000000
165.000000
108.000000
118.000000
139.000000
153.000000
199.000000
229.000000
140.000000
99.000000
95.000000
49.000000
45.000000
34.000000
51.000000
38.000000
65.000000
90.000000
141.000000
139.000000
213.000000
169.000000
247.000000
216.000000
219.000000
298.000000
254.000000
252.000000
391.000000
1151.000000
1493.000000
1427.000000
536.000000
451.000000
182.000000
125.000000
81.000000
82.000000
71.000000
74.000000
92.000000
151.000000
166.000000
197.000000
160.000000
152.000000
178.000000
152.000000
167.000000
134.000000
138.000000
151.000000
131.000000
128.000000
126.000000
87.000000
67.000000
57.000000
48.000000
40.000000
45.000000
48.000000
32.000000
26.000000
29.000000
39.000000
44.000000
57.000000
61.000000
98.000000
181.000000
694.000000
842.000000
834.000000
848.000000
858.000000
846.000000
829.000000
832.000000
823.000000
820.000000
818.000000
811.000000
811.000000
807.000000
775.000000
817.000000
805.000000
817.000000
817.000000
818.000000
831.000000
809.000000
834.000000
836.000000
832.000000
877.000000
852.000000
859.000000
864.000000
859.000000
854.000000
855.000000
867.000000
844.000000
844.000000
816.000000
821.000000
822.000000
718.000000
747.000000
835.000000
819.000000
821.000000
833.000000
833.000000
834.000000
901.000000
847.000000
855.000000
849.000000
865.000000
891.000000
896.000000
906.000000
888.000000
846.000000
853.000000
853.000000
832.000000
818.000000
804.000000
798.000000
780.000000
816.000000
811.000000
801.000000
805.000000
809.000000
820.000000
821.000000
818.000000
807.000000
823.000000
858.000000
796.000000
826.000000
834.000000
810.000000
806.000000
826.000000
805.000000
805.000000
789.000000
784.000000
786.000000
786.000000
723.000000
758.000000
762.000000
780.000000
780.000000
755.000000
795.000000
801.000000
806.000000
823.000000
867.000000
822.000000
807.000000
789.000000
799.000000
825.000000
835.000000
788.000000
796.000000
816.000000
814.000000
795.000000
794.000000
800.000000
755.000000
817.000000
435.000000
387.000000
781.000000
789.000000
817.000000
809.000000
819.000000
827.000000
824.000000
852.000000
828.000000
822.000000
822.000000
820.000000
833.000000
818.000000
