222.000000
204.000000
164.000000
135.000000
158.000000
145.000000
128.000000
117.000000
113.000000
110.000000
141.000000
184.000000
172.000000
219.000000
147.000000
178.000000
241.000000
229.000000
248.000000
255.000000
212.000000
208.000000
193.000000
229.000000
190.000000
176.000000
143.000000
135.000000
103.000000
129.000000
113.000000
81.000000
109.000000
132.000000
138.000000
156.000000
167.000000
153.000000
174.000000
238.000000
209.000000
187.000000
239.000000
199.000000
167.000000
177.000000
160.000000
183.000000
184.000000
182.000000
151.000000
123.000000
121.000000
109.000000
85.000000
106.000000
117.000000
107.000000
137.000000
119.000000
199.000000
183.000000
199.000000
187.000000
235.000000
259.000000
241.000000
279.000000
220.000000
249.000000
394.000000
479.000000
736.000000
358.000000
287.000000
198.000000
177.000000
180.000000
180.000000
181.000000
145.000000
180.000000
194.000000
202.000000
188.000000
241.000000
228.000000
329.000000
306.000000
317.000000
298.000000
285.000000
274.000000
261.000000
274.000000
311.000000
280.000000
211.000000
200.000000
165.000000
158.000000
136.000000
127.000000
125.000000
131.000000
149.000000
124.000000
158.000000
181.000000
174.000000
221.000000
212.000000
226.000000
285.000000
299.000000
288.000000
339.000000
278.000000
291.000000
252.000000
268.000000
253.000000
185.000000
168.000000
170.000000
147.000000
146.000000
131.000000
164.000000
138.000000
183.000000
235.000000
213.000000
250.000000
275.000000
314.000000
306.000000
312.000000
378.000000
336.000000
368.000000
439.000000
412.000000
386.000000
360.000000
366.000000
272.000000
222.000000
217.000000
181.000000
250.000000
202.000000
239.000000
223.000000
299.000000
397.000000
402.000000
497.000000
555.000000
559.000000
639.000000
630.000000
697.000000
740.000000
835.000000
1067.000000
4736.000000
6780.000000
7201.000000
1358.000000
811.000000
610.000000
498.000000
454.000000
498.000000
426.000000
438.000000
439.000000
515.000000
583.000000
655.000000
535.000000
556.000000
611.000000
650.000000
526.000000
519.000000
492.000000
510.000000
561.000000
509.000000
595.000000
494.000000
406.000000
367.000000
206.000000
184.000000
178.000000
149.000000
126.000000
175.000000
161.000000
170.000000
232.000000
242.000000
225.000000
259.000000
334.000000
304.000000
289.000000
304.000000
279.000000
287.000000
269.000000
310.000000
276.000000
280.000000
248.000000
177.000000
150.000000
171.000000
136.000000
134.000000
116.000000
138.000000
157.000000
154.000000
193.000000
201.000000
215.000000
204.000000
252.000000
309.000000
322.000000
284.000000
332.000000
327.000000
293.000000
326.000000
305.000000
274.000000
275.000000
264.000000
209.000000
210.000000
216.000000
249.000000
210.000000
193.000000
171.000000
187.000000
224.000000
238.000000
206.000000
239.000000
275.000000
263.000000
315.000000
337.000000
349.000000
343.000000
351.000000
329.000000
298.000000
357.000000
308.000000
293.000000
264.000000
285.000000
255.000000
208.000000
214.000000
238.000000
220.000000
206.000000
191.000000
273.000000
289.000000
598.000000
800.000000
721.000000
492.000000
480.000000
493.000000
440.000000
423.000000
459.000000
449.000000
442.000000
402.000000
317.000000
329.000000
278.000000
279.000000
223.000000
202.000000
225.000000
210.000000
198.000000
199.000000
200.000000
212.000000
237.000000
242.000000
288.000000
328.000000
321.000000
304.000000
306.000000
363.000000
334.000000
392.000000
344.000000
319.000000
284.000000
246.000000
242.000000
254.000000
237.000000
251.000000
222.000000
167.000000
181.000000
202.000000
211.000000
205.000000
266.000000
258.000000
294.000000
315.000000
324.000000
312.000000
314.000000
312.000000
369.000000
505.000000
471.000000
