202.000000
199.000000
167.000000
85.000000
57.000000
52.000000
61.000000
49.000000
45.000000
54.000000
64.000000
62.000000
77.000000
75.000000
87.000000
114.000000
79.000000
88.000000
117.000000
105.000000
114.000000
119.000000
88.000000
83.000000
77.000000
105.000000
70.000000
63.000000
44.000000
58.000000
44.000000
49.000000
41.000000
48.000000
42.000000
48.000000
53.000000
73.000000
72.000000
75.000000
86.000000
78.000000
123.000000
86.000000
108.000000
103.000000
91.000000
72.000000
95.000000
77.000000
68.000000
70.000000
55.000000
38.000000
54.000000
54.000000
28.000000
56.000000
45.000000
35.000000
51.000000
67.000000
79.000000
96.000000
67.000000
113.000000
113.000000
113.000000
91.000000
127.000000
115.000000
93.000000
94.000000
95.000000
111.000000
101.000000
66.000000
54.000000
52.000000
47.000000
39.000000
54.000000
42.000000
77.000000
68.000000
90.000000
83.000000
106.000000
90.000000
112.000000
110.000000
151.000000
217.000000
300.000000
345.000000
239.000000
205.000000
219.000000
142.000000
128.000000
141.000000
130.000000
94.000000
101.000000
90.000000
91.000000
101.000000
86.000000
134.000000
180.000000
147.000000
194.000000
194.000000
195.000000
221.000000
199.000000
195.000000
174.000000
187.000000
150.000000
154.000000
144.000000
186.000000
118.000000
106.000000
108.000000
88.000000
121.000000
86.000000
105.000000
80.000000
110.000000
154.000000
180.000000
169.000000
217.000000
193.000000
238.000000
287.000000
284.000000
261.000000
296.000000
349.000000
290.000000
375.000000
421.000000
343.000000
276.000000
242.000000
197.000000
182.000000
203.000000
216.000000
183.000000
231.000000
305.000000
335.000000
429.000000
437.000000
507.000000
518.000000
546.000000
543.000000
622.000000
704.000000
668.000000
989.000000
2834.000000
3539.000000
3328.000000
1315.000000
819.000000
593.000000
458.000000
418.000000
388.000000
365.000000
378.000000
408.000000
416.000000
467.000000
442.000000
424.000000
411.000000
427.000000
600.000000
394.000000
329.000000
341.000000
316.000000
294.000000
217.000000
189.000000
203.000000
170.000000
129.000000
104.000000
101.000000
92.000000
99.000000
105.000000
76.000000
91.000000
87.000000
103.000000
104.000000
108.000000
104.000000
117.000000
126.000000
167.000000
128.000000
166.000000
122.000000
105.000000
129.000000
104.000000
91.000000
92.000000
68.000000
83.000000
67.000000
79.000000
76.000000
62.000000
61.000000
54.000000
73.000000
80.000000
85.000000
73.000000
80.000000
87.000000
125.000000
112.000000
113.000000
105.000000
123.000000
140.000000
108.000000
116.000000
151.000000
96.000000
98.000000
96.000000
69.000000
64.000000
58.000000
56.000000
54.000000
49.000000
51.000000
60.000000
90.000000
59.000000
75.000000
103.000000
104.000000
108.000000
100.000000
101.000000
91.000000
160.000000
198.000000
192.000000
169.000000
104.000000
96.000000
77.000000
75.000000
71.000000
66.000000
55.000000
89.000000
60.000000
89.000000
74.000000
77.000000
56.000000
68.000000
92.000000
87.000000
87.000000
104.000000
95.000000
77.000000
98.000000
90.000000
110.000000
96.000000
127.000000
71.000000
64.000000
77.000000
74.000000
60.000000
60.000000
50.000000
49.000000
63.000000
66.000000
52.000000
78.000000
85.000000
75.000000
78.000000
110.000000
116.000000
87.000000
101.000000
94.000000
119.000000
156.000000
160.000000
115.000000
82.000000
51.000000
60.000000
61.000000
45.000000
62.000000
52.000000
60.000000
79.000000
83.000000
73.000000
65.000000
83.000000
105.000000
100.000000
112.000000
111.000000
93.000000
115.000000
177.000000
254.000000
255.000000
