404.000000
395.000000
520.000000
259.000000
191.000000
234.000000
218.000000
264.000000
223.000000
210.000000
215.000000
235.000000
245.000000
324.000000
348.000000
291.000000
304.000000
354.000000
410.000000
367.000000
387.000000
334.000000
385.000000
336.000000
359.000000
356.000000
282.000000
234.000000
216.000000
207.000000
190.000000
176.000000
172.000000
177.000000
193.000000
212.000000
243.000000
252.000000
236.000000
301.000000
299.000000
307.000000
355.000000
344.000000
368.000000
347.000000
345.000000
339.000000
347.000000
308.000000
228.000000
233.000000
221.000000
192.000000
184.000000
158.000000
161.000000
169.000000
217.000000
215.000000
235.000000
257.000000
275.000000
286.000000
300.000000
280.000000
340.000000
369.000000
322.000000
310.000000
345.000000
346.000000
321.000000
363.000000
309.000000
231.000000
212.000000
163.000000
162.000000
189.000000
164.000000
187.000000
234.000000
231.000000
237.000000
289.000000
250.000000
282.000000
356.000000
395.000000
564.000000
858.000000
834.000000
853.000000
619.000000
567.000000
698.000000
709.000000
523.000000
337.000000
258.000000
243.000000
244.000000
222.000000
273.000000
292.000000
303.000000
319.000000
323.000000
344.000000
342.000000
396.000000
356.000000
420.000000
382.000000
430.000000
520.000000
467.000000
412.000000
460.000000
480.000000
416.000000
382.000000
301.000000
226.000000
258.000000
220.000000
272.000000
201.000000
217.000000
246.000000
256.000000
259.000000
335.000000
317.000000
352.000000
386.000000
408.000000
429.000000
416.000000
446.000000
454.000000
410.000000
416.000000
499.000000
362.000000
343.000000
284.000000
253.000000
208.000000
230.000000
241.000000
238.000000
234.000000
289.000000
292.000000
336.000000
348.000000
408.000000
396.000000
447.000000
481.000000
507.000000
493.000000
538.000000
589.000000
814.000000
2027.000000
3126.000000
2323.000000
761.000000
422.000000
373.000000
288.000000
344.000000
317.000000
349.000000
399.000000
391.000000
375.000000
376.000000
445.000000
437.000000
434.000000
419.000000
497.000000
476.000000
462.000000
582.000000
443.000000
530.000000
557.000000
731.000000
605.000000
464.000000
317.000000
292.000000
214.000000
236.000000
256.000000
252.000000
248.000000
283.000000
245.000000
314.000000
385.000000
336.000000
365.000000
381.000000
414.000000
385.000000
369.000000
399.000000
364.000000
407.000000
394.000000
412.000000
366.000000
304.000000
260.000000
202.000000
199.000000
185.000000
206.000000
204.000000
238.000000
194.000000
206.000000
295.000000
311.000000
366.000000
354.000000
392.000000
363.000000
377.000000
403.000000
383.000000
379.000000
349.000000
383.000000
309.000000
342.000000
277.000000
252.000000
181.000000
173.000000
156.000000
175.000000
189.000000
197.000000
214.000000
264.000000
237.000000
271.000000
320.000000
293.000000
349.000000
357.000000
414.000000
371.000000
421.000000
485.000000
419.000000
441.000000
432.000000
428.000000
340.000000
300.000000
226.000000
187.000000
187.000000
211.000000
196.000000
240.000000
227.000000
249.000000
281.000000
265.000000
269.000000
358.000000
323.000000
374.000000
453.000000
437.000000
489.000000
550.000000
529.000000
723.000000
976.000000
920.000000
510.000000
433.000000
284.000000
243.000000
232.000000
248.000000
244.000000
240.000000
257.000000
288.000000
333.000000
299.000000
342.000000
355.000000
353.000000
389.000000
395.000000
437.000000
476.000000
482.000000
490.000000
452.000000
511.000000
586.000000
465.000000
394.000000
285.000000
268.000000
243.000000
269.000000
272.000000
290.000000
310.000000
301.000000
302.000000
396.000000
419.000000
374.000000
435.000000
483.000000
482.000000
466.000000
521.000000
500.000000
473.000000
492.000000
443.000000
