858.000000
1255.000000
688.000000
394.000000
296.000000
289.000000
235.000000
233.000000
206.000000
224.000000
220.000000
301.000000
333.000000
404.000000
421.000000
367.000000
365.000000
420.000000
430.000000
450.000000
372.000000
347.000000
324.000000
347.000000
430.000000
401.000000
310.000000
251.000000
214.000000
173.000000
161.000000
157.000000
157.000000
168.000000
166.000000
196.000000
257.000000
224.000000
298.000000
335.000000
355.000000
327.000000
347.000000
385.000000
341.000000
289.000000
261.000000
279.000000
286.000000
262.000000
242.000000
210.000000
182.000000
124.000000
133.000000
134.000000
149.000000
138.000000
157.000000
165.000000
179.000000
223.000000
243.000000
282.000000
278.000000
270.000000
306.000000
318.000000
265.000000
283.000000
302.000000
270.000000
319.000000
266.000000
260.000000
185.000000
205.000000
148.000000
139.000000
150.000000
143.000000
141.000000
170.000000
191.000000
186.000000
205.000000
253.000000
280.000000
398.000000
404.000000
344.000000
380.000000
426.000000
990.000000
1149.000000
1057.000000
496.000000
456.000000
498.000000
376.000000
249.000000
232.000000
226.000000
226.000000
250.000000
215.000000
215.000000
237.000000
270.000000
247.000000
336.000000
296.000000
398.000000
347.000000
399.000000
350.000000
399.000000
459.000000
349.000000
316.000000
312.000000
312.000000
278.000000
254.000000
198.000000
169.000000
154.000000
172.000000
148.000000
145.000000
158.000000
218.000000
216.000000
251.000000
239.000000
318.000000
355.000000
336.000000
329.000000
329.000000
317.000000
326.000000
326.000000
333.000000
361.000000
363.000000
264.000000
198.000000
172.000000
164.000000
161.000000
152.000000
180.000000
213.000000
169.000000
208.000000
211.000000
262.000000
330.000000
262.000000
322.000000
313.000000
389.000000
400.000000
314.000000
317.000000
402.000000
538.000000
794.000000
761.000000
521.000000
262.000000
222.000000
179.000000
161.000000
170.000000
188.000000
188.000000
186.000000
249.000000
249.000000
324.000000
279.000000
299.000000
297.000000
330.000000
312.000000
334.000000
374.000000
298.000000
295.000000
318.000000
384.000000
376.000000
319.000000
238.000000
191.000000
153.000000
131.000000
142.000000
141.000000
154.000000
155.000000
197.000000
170.000000
296.000000
242.000000
259.000000
282.000000
346.000000
330.000000
388.000000
391.000000
294.000000
304.000000
288.000000
371.000000
323.000000
240.000000
190.000000
156.000000
138.000000
123.000000
122.000000
133.000000
140.000000
157.000000
156.000000
183.000000
244.000000
238.000000
286.000000
294.000000
276.000000
309.000000
275.000000
263.000000
277.000000
264.000000
298.000000
283.000000
257.000000
206.000000
193.000000
179.000000
143.000000
152.000000
135.000000
132.000000
118.000000
136.000000
170.000000
188.000000
202.000000
220.000000
225.000000
281.000000
311.000000
314.000000
384.000000
377.000000
374.000000
381.000000
453.000000
503.000000
300.000000
253.000000
267.000000
224.000000
188.000000
151.000000
152.000000
151.000000
166.000000
185.000000
176.000000
242.000000
228.000000
275.000000
284.000000
285.000000
334.000000
412.000000
480.000000
1300.000000
1496.000000
1384.000000
520.000000
409.000000
381.000000
350.000000
337.000000
206.000000
198.000000
173.000000
165.000000
199.000000
178.000000
180.000000
193.000000
222.000000
258.000000
268.000000
267.000000
389.000000
330.000000
1248.000000
401.000000
355.000000
334.000000
354.000000
285.000000
282.000000
285.000000
213.000000
213.000000
165.000000
174.000000
133.000000
153.000000
154.000000
131.000000
145.000000
155.000000
170.000000
211.000000
247.000000
237.000000
257.000000
283.000000
308.000000
278.000000
311.000000
299.000000
265.000000
244.000000
286.000000
