359.000000
341.000000
221.000000
210.000000
233.000000
254.000000
245.000000
208.000000
244.000000
219.000000
270.000000
280.000000
275.000000
316.000000
311.000000
341.000000
357.000000
387.000000
367.000000
366.000000
363.000000
350.000000
331.000000
332.000000
283.000000
280.000000
185.000000
185.000000
187.000000
216.000000
194.000000
153.000000
186.000000
173.000000
208.000000
261.000000
230.000000
288.000000
289.000000
301.000000
327.000000
375.000000
354.000000
423.000000
383.000000
317.000000
331.000000
356.000000
293.000000
255.000000
205.000000
206.000000
171.000000
176.000000
160.000000
190.000000
207.000000
240.000000
223.000000
279.000000
274.000000
258.000000
304.000000
367.000000
417.000000
474.000000
404.000000
440.000000
387.000000
477.000000
640.000000
805.000000
808.000000
456.000000
297.000000
252.000000
270.000000
229.000000
213.000000
242.000000
229.000000
236.000000
286.000000
287.000000
283.000000
321.000000
314.000000
310.000000
352.000000
314.000000
405.000000
432.000000
484.000000
459.000000
377.000000
323.000000
327.000000
309.000000
269.000000
233.000000
233.000000
201.000000
191.000000
176.000000
216.000000
228.000000
243.000000
264.000000
222.000000
305.000000
349.000000
375.000000
385.000000
414.000000
414.000000
387.000000
424.000000
371.000000
380.000000
345.000000
315.000000
280.000000
212.000000
195.000000
194.000000
177.000000
187.000000
177.000000
226.000000
216.000000
222.000000
245.000000
345.000000
327.000000
314.000000
366.000000
401.000000
401.000000
431.000000
449.000000
441.000000
426.000000
430.000000
543.000000
576.000000
379.000000
328.000000
224.000000
202.000000
184.000000
209.000000
240.000000
226.000000
248.000000
267.000000
260.000000
302.000000
357.000000
327.000000
362.000000
417.000000
445.000000
447.000000
435.000000
425.000000
511.000000
737.000000
1151.000000
1222.000000
630.000000
434.000000
369.000000
315.000000
350.000000
341.000000
335.000000
340.000000
357.000000
404.000000
409.000000
425.000000
372.000000
405.000000
438.000000
416.000000
477.000000
440.000000
460.000000
442.000000
469.000000
760.000000
632.000000
497.000000
445.000000
347.000000
340.000000
259.000000
261.000000
274.000000
243.000000
281.000000
344.000000
301.000000
385.000000
399.000000
348.000000
419.000000
385.000000
463.000000
434.000000
484.000000
481.000000
494.000000
431.000000
430.000000
409.000000
329.000000
358.000000
278.000000
267.000000
256.000000
258.000000
221.000000
216.000000
258.000000
248.000000
274.000000
280.000000
320.000000
335.000000
345.000000
461.000000
475.000000
531.000000
936.000000
1639.000000
1143.000000
831.000000
672.000000
601.000000
603.000000
472.000000
421.000000
328.000000
332.000000
342.000000
367.000000
339.000000
371.000000
342.000000
398.000000
361.000000
376.000000
393.000000
399.000000
456.000000
512.000000
511.000000
559.000000
594.000000
647.000000
663.000000
534.000000
552.000000
509.000000
382.000000
292.000000
300.000000
238.000000
226.000000
244.000000
258.000000
322.000000
310.000000
336.000000
356.000000
413.000000
413.000000
829.000000
799.000000
763.000000
743.000000
952.000000
715.000000
657.000000
671.000000
601.000000
557.000000
510.000000
392.000000
352.000000
309.000000
281.000000
283.000000
275.000000
279.000000
255.000000
348.000000
351.000000
353.000000
388.000000
450.000000
466.000000
440.000000
485.000000
488.000000
515.000000
573.000000
521.000000
627.000000
601.000000
467.000000
480.000000
395.000000
313.000000
290.000000
239.000000
213.000000
256.000000
290.000000
279.000000
334.000000
355.000000
318.000000
369.000000
424.000000
456.000000
450.000000
495.000000
592.000000
596.000000
634.000000
1119.000000
1306.000000
1036.000000
679.000000
534.000000
