1316.000000
799.000000
568.000000
438.000000
366.000000
342.000000
359.000000
314.000000
367.000000
340.000000
369.000000
419.000000
536.000000
483.000000
488.000000
486.000000
570.000000
610.000000
764.000000
764.000000
699.000000
617.000000
624.000000
554.000000
538.000000
440.000000
397.000000
270.000000
251.000000
254.000000
280.000000
223.000000
610.000000
279.000000
324.000000
365.000000
427.000000
430.000000
415.000000
478.000000
440.000000
527.000000
526.000000
499.000000
450.000000
500.000000
431.000000
412.000000
421.000000
423.000000
359.000000
275.000000
231.000000
207.000000
235.000000
240.000000
208.000000
215.000000
272.000000
300.000000
317.000000
349.000000
363.000000
479.000000
549.000000
610.000000
1016.000000
1200.000000
1240.000000
896.000000
774.000000
636.000000
591.000000
515.000000
713.000000
370.000000
323.000000
305.000000
318.000000
311.000000
347.000000
362.000000
423.000000
420.000000
461.000000
415.000000
532.000000
549.000000
523.000000
527.000000
578.000000
537.000000
580.000000
511.000000
476.000000
433.000000
404.000000
368.000000
429.000000
243.000000
237.000000
240.000000
216.000000
245.000000
193.000000
272.000000
266.000000
265.000000
388.000000
366.000000
396.000000
340.000000
412.000000
461.000000
505.000000
469.000000
506.000000
430.000000
463.000000
473.000000
466.000000
396.000000
328.000000
275.000000
251.000000
234.000000
204.000000
277.000000
258.000000
216.000000
277.000000
313.000000
323.000000
378.000000
381.000000
432.000000
394.000000
501.000000
469.000000
460.000000
471.000000
447.000000
480.000000
628.000000
586.000000
503.000000
369.000000
310.000000
203.000000
287.000000
211.000000
230.000000
234.000000
242.000000
303.000000
342.000000
381.000000
393.000000
378.000000
469.000000
482.000000
493.000000
494.000000
523.000000
536.000000
535.000000
789.000000
1082.000000
1612.000000
1173.000000
717.000000
529.000000
398.000000
382.000000
370.000000
369.000000
425.000000
430.000000
519.000000
460.000000
589.000000
633.000000
558.000000
605.000000
631.000000
689.000000
622.000000
632.000000
584.000000
621.000000
560.000000
592.000000
558.000000
438.000000
378.000000
354.000000
267.000000
273.000000
221.000000
232.000000
223.000000
276.000000
289.000000
349.000000
362.000000
382.000000
446.000000
459.000000
474.000000
524.000000
486.000000
449.000000
461.000000
429.000000
407.000000
449.000000
400.000000
388.000000
345.000000
236.000000
255.000000
209.000000
237.000000
228.000000
238.000000
283.000000
268.000000
315.000000
345.000000
410.000000
450.000000
513.000000
533.000000
613.000000
598.000000
800.000000
1879.000000
2407.000000
1953.000000
674.000000
594.000000
625.000000
445.000000
382.000000
293.000000
276.000000
248.000000
279.000000
265.000000
283.000000
338.000000
357.000000
336.000000
398.000000
420.000000
479.000000
447.000000
524.000000
441.000000
514.000000
542.000000
520.000000
421.000000
370.000000
364.000000
353.000000
299.000000
201.000000
194.000000
185.000000
172.000000
214.000000
207.000000
215.000000
227.000000
253.000000
296.000000
290.000000
368.000000
337.000000
333.000000
409.000000
374.000000
389.000000
333.000000
318.000000
352.000000
371.000000
369.000000
328.000000
286.000000
213.000000
172.000000
152.000000
181.000000
186.000000
208.000000
185.000000
224.000000
264.000000
293.000000
314.000000
313.000000
327.000000
350.000000
384.000000
405.000000
443.000000
396.000000
380.000000
308.000000
355.000000
305.000000
262.000000
250.000000
213.000000
175.000000
193.000000
161.000000
158.000000
163.000000
152.000000
238.000000
219.000000
247.000000
289.000000
282.000000
317.000000
324.000000
354.000000
341.000000
372.000000
359.000000
328.000000
362.000000
317.000000
287.000000
