1186.000000
681.000000
478.000000
349.000000
311.000000
272.000000
307.000000
285.000000
257.000000
289.000000
373.000000
338.000000
439.000000
402.000000
490.000000
556.000000
513.000000
499.000000
416.000000
502.000000
424.000000
477.000000
472.000000
534.000000
441.000000
458.000000
379.000000
268.000000
250.000000
230.000000
222.000000
300.000000
221.000000
222.000000
280.000000
304.000000
327.000000
339.000000
377.000000
432.000000
455.000000
465.000000
417.000000
435.000000
535.000000
512.000000
485.000000
437.000000
383.000000
360.000000
279.000000
284.000000
223.000000
206.000000
224.000000
207.000000
222.000000
227.000000
367.000000
333.000000
405.000000
388.000000
434.000000
428.000000
416.000000
485.000000
477.000000
490.000000
491.000000
499.000000
436.000000
439.000000
400.000000
378.000000
310.000000
234.000000
261.000000
227.000000
209.000000
249.000000
207.000000
228.000000
305.000000
335.000000
361.000000
363.000000
578.000000
1182.000000
1589.000000
1802.000000
933.000000
780.000000
826.000000
756.000000
667.000000
579.000000
563.000000
488.000000
523.000000
338.000000
321.000000
293.000000
292.000000
314.000000
314.000000
279.000000
311.000000
330.000000
420.000000
506.000000
481.000000
521.000000
611.000000
638.000000
573.000000
575.000000
684.000000
685.000000
583.000000
498.000000
541.000000
517.000000
421.000000
350.000000
297.000000
286.000000
307.000000
248.000000
275.000000
257.000000
314.000000
327.000000
341.000000
401.000000
379.000000
454.000000
481.000000
481.000000
592.000000
551.000000
507.000000
493.000000
474.000000
464.000000
503.000000
430.000000
389.000000
297.000000
266.000000
230.000000
225.000000
237.000000
224.000000
248.000000
234.000000
299.000000
368.000000
447.000000
453.000000
430.000000
471.000000
465.000000
517.000000
513.000000
502.000000
503.000000
609.000000
1012.000000
1160.000000
1126.000000
724.000000
451.000000
364.000000
363.000000
331.000000
301.000000
286.000000
316.000000
347.000000
365.000000
463.000000
491.000000
526.000000
582.000000
563.000000
583.000000
614.000000
563.000000
541.000000
539.000000
511.000000
531.000000
690.000000
820.000000
607.000000
427.000000
338.000000
253.000000
273.000000
256.000000
270.000000
261.000000
336.000000
364.000000
412.000000
451.000000
480.000000
499.000000
509.000000
505.000000
587.000000
523.000000
528.000000
520.000000
568.000000
510.000000
600.000000
449.000000
414.000000
304.000000
271.000000
236.000000
248.000000
235.000000
218.000000
253.000000
256.000000
274.000000
362.000000
392.000000
442.000000
452.000000
457.000000
484.000000
487.000000
529.000000
444.000000
445.000000
446.000000
405.000000
386.000000
384.000000
378.000000
293.000000
257.000000
242.000000
227.000000
231.000000
244.000000
227.000000
232.000000
280.000000
305.000000
357.000000
434.000000
446.000000
473.000000
534.000000
553.000000
483.000000
498.000000
568.000000
592.000000
470.000000
443.000000
393.000000
414.000000
348.000000
272.000000
241.000000
216.000000
221.000000
217.000000
213.000000
260.000000
298.000000
332.000000
401.000000
429.000000
524.000000
629.000000
687.000000
885.000000
933.000000
1986.000000
2249.000000
1552.000000
823.000000
645.000000
684.000000
532.000000
426.000000
356.000000
302.000000
337.000000
324.000000
293.000000
308.000000
339.000000
378.000000
409.000000
385.000000
452.000000
550.000000
534.000000
543.000000
551.000000
535.000000
540.000000
544.000000
507.000000
520.000000
515.000000
397.000000
395.000000
296.000000
281.000000
254.000000
278.000000
256.000000
206.000000
213.000000
248.000000
258.000000
371.000000
484.000000
460.000000
475.000000
533.000000
517.000000
592.000000
566.000000
498.000000
557.000000
491.000000
479.000000
475.000000
