31.000000
19.000000
13.000000
14.000000
5.000000
8.000000
11.000000
5.000000
7.000000
9.000000
6.000000
6.000000
11.000000
3.000000
20.000000
21.000000
17.000000
17.000000
8.000000
15.000000
19.000000
30.000000
33.000000
24.000000
24.000000
20.000000
16.000000
12.000000
7.000000
9.000000
2.000000
2.000000
7.000000
8.000000
4.000000
7.000000
27.000000
22.000000
12.000000
22.000000
51.000000
16.000000
17.000000
23.000000
20.000000
21.000000
21.000000
30.000000
20.000000
25.000000
18.000000
18.000000
11.000000
12.000000
6.000000
14.000000
8.000000
8.000000
4.000000
10.000000
10.000000
36.000000
17.000000
27.000000
33.000000
26.000000
20.000000
19.000000
20.000000
23.000000
32.000000
31.000000
30.000000
27.000000
27.000000
14.000000
4.000000
10.000000
6.000000
3.000000
10.000000
6.000000
12.000000
15.000000
8.000000
28.000000
33.000000
31.000000
33.000000
53.000000
102.000000
64.000000
52.000000
97.000000
127.000000
80.000000
78.000000
74.000000
44.000000
41.000000
20.000000
21.000000
34.000000
18.000000
15.000000
14.000000
15.000000
32.000000
33.000000
53.000000
52.000000
53.000000
69.000000
69.000000
69.000000
81.000000
88.000000
74.000000
103.000000
94.000000
94.000000
75.000000
68.000000
47.000000
32.000000
29.000000
31.000000
33.000000
36.000000
34.000000
38.000000
67.000000
71.000000
109.000000
131.000000
123.000000
148.000000
182.000000
152.000000
174.000000
184.000000
209.000000
198.000000
185.000000
216.000000
184.000000
156.000000
127.000000
97.000000
89.000000
105.000000
102.000000
148.000000
129.000000
170.000000
225.000000
294.000000
413.000000
380.000000
426.000000
473.000000
493.000000
490.000000
519.000000
625.000000
655.000000
1014.000000
4968.000000
10460.000000
8880.000000
2962.000000
1763.000000
1102.000000
1465.000000
1442.000000
1031.000000
974.000000
954.000000
1133.000000
1338.000000
1345.000000
1226.000000
1040.000000
832.000000
956.000000
797.000000
689.000000
677.000000
642.000000
601.000000
572.000000
605.000000
566.000000
484.000000
311.000000
211.000000
334.000000
194.000000
151.000000
181.000000
129.000000
147.000000
153.000000
177.000000
152.000000
186.000000
204.000000
190.000000
230.000000
183.000000
173.000000
158.000000
169.000000
156.000000
122.000000
155.000000
134.000000
123.000000
103.000000
71.000000
60.000000
69.000000
63.000000
56.000000
34.000000
56.000000
57.000000
65.000000
65.000000
91.000000
71.000000
75.000000
77.000000
107.000000
70.000000
63.000000
56.000000
81.000000
89.000000
51.000000
53.000000
81.000000
59.000000
42.000000
42.000000
34.000000
24.000000
33.000000
38.000000
41.000000
61.000000
47.000000
43.000000
56.000000
56.000000
58.000000
51.000000
62.000000
67.000000
66.000000
51.000000
64.000000
41.000000
52.000000
64.000000
28.000000
41.000000
30.000000
24.000000
22.000000
19.000000
18.000000
18.000000
17.000000
21.000000
33.000000
33.000000
28.000000
30.000000
37.000000
41.000000
52.000000
54.000000
85.000000
107.000000
107.000000
69.000000
45.000000
34.000000
33.000000
17.000000
33.000000
19.000000
12.000000
20.000000
14.000000
18.000000
16.000000
11.000000
17.000000
29.000000
19.000000
25.000000
24.000000
33.000000
24.000000
37.000000
24.000000
35.000000
28.000000
23.000000
21.000000
16.000000
30.000000
16.000000
13.000000
18.000000
5.000000
23.000000
14.000000
8.000000
11.000000
15.000000
20.000000
14.000000
19.000000
20.000000
22.000000
17.000000
18.000000
13.000000
31.000000
19.000000
25.000000
21.000000
26.000000
24.000000
