62.000000
55.000000
39.000000
45.000000
32.000000
29.000000
20.000000
32.000000
31.000000
24.000000
31.000000
26.000000
32.000000
39.000000
73.000000
37.000000
37.000000
61.000000
56.000000
64.000000
81.000000
62.000000
47.000000
54.000000
52.000000
49.000000
57.000000
52.000000
30.000000
22.000000
25.000000
39.000000
28.000000
40.000000
44.000000
44.000000
46.000000
50.000000
42.000000
50.000000
63.000000
44.000000
96.000000
61.000000
47.000000
52.000000
55.000000
52.000000
69.000000
64.000000
40.000000
51.000000
22.000000
29.000000
27.000000
30.000000
28.000000
23.000000
25.000000
34.000000
31.000000
36.000000
27.000000
55.000000
42.000000
62.000000
69.000000
76.000000
84.000000
113.000000
110.000000
100.000000
85.000000
105.000000
73.000000
59.000000
43.000000
47.000000
47.000000
76.000000
42.000000
32.000000
44.000000
44.000000
50.000000
63.000000
64.000000
83.000000
68.000000
85.000000
109.000000
95.000000
84.000000
94.000000
86.000000
88.000000
85.000000
79.000000
81.000000
65.000000
48.000000
46.000000
36.000000
47.000000
23.000000
41.000000
49.000000
76.000000
57.000000
93.000000
79.000000
66.000000
137.000000
112.000000
154.000000
150.000000
152.000000
130.000000
149.000000
136.000000
127.000000
116.000000
106.000000
107.000000
101.000000
85.000000
68.000000
85.000000
92.000000
93.000000
100.000000
89.000000
101.000000
127.000000
137.000000
152.000000
167.000000
187.000000
243.000000
237.000000
240.000000
278.000000
272.000000
304.000000
382.000000
650.000000
380.000000
297.000000
223.000000
213.000000
200.000000
228.000000
232.000000
245.000000
272.000000
310.000000
331.000000
395.000000
318.000000
395.000000
440.000000
474.000000
589.000000
618.000000
690.000000
779.000000
1016.000000
4238.000000
5743.000000
4530.000000
1135.000000
767.000000
479.000000
679.000000
576.000000
407.000000
461.000000
420.000000
326.000000
369.000000
330.000000
299.000000
290.000000
316.000000
312.000000
339.000000
346.000000
314.000000
336.000000
284.000000
271.000000
304.000000
266.000000
245.000000
249.000000
179.000000
139.000000
102.000000
119.000000
108.000000
109.000000
128.000000
109.000000
107.000000
135.000000
115.000000
142.000000
164.000000
148.000000
154.000000
127.000000
143.000000
136.000000
146.000000
136.000000
110.000000
115.000000
101.000000
82.000000
70.000000
45.000000
40.000000
63.000000
41.000000
38.000000
49.000000
59.000000
63.000000
62.000000
45.000000
82.000000
61.000000
76.000000
67.000000
85.000000
62.000000
83.000000
87.000000
75.000000
117.000000
98.000000
76.000000
59.000000
57.000000
62.000000
40.000000
35.000000
27.000000
25.000000
25.000000
28.000000
21.000000
40.000000
42.000000
49.000000
56.000000
34.000000
55.000000
64.000000
68.000000
51.000000
56.000000
47.000000
69.000000
62.000000
61.000000
34.000000
38.000000
32.000000
69.000000
45.000000
27.000000
27.000000
22.000000
22.000000
37.000000
37.000000
50.000000
60.000000
71.000000
71.000000
63.000000
65.000000
64.000000
82.000000
116.000000
97.000000
61.000000
57.000000
71.000000
79.000000
39.000000
34.000000
30.000000
25.000000
21.000000
25.000000
28.000000
28.000000
26.000000
33.000000
40.000000
25.000000
29.000000
36.000000
28.000000
46.000000
50.000000
41.000000
50.000000
43.000000
41.000000
45.000000
67.000000
64.000000
44.000000
42.000000
24.000000
27.000000
18.000000
24.000000
21.000000
27.000000
40.000000
97.000000
44.000000
59.000000
34.000000
28.000000
70.000000
39.000000
46.000000
49.000000
61.000000
67.000000
47.000000
40.000000
