856.000000
869.000000
845.000000
843.000000
842.000000
841.000000
841.000000
800.000000
853.000000
834.000000
831.000000
839.000000
843.000000
813.000000
841.000000
846.000000
852.000000
845.000000
41.000000
48.000000
53.000000
45.000000
32.000000
36.000000
838.000000
829.000000
839.000000
834.000000
840.000000
835.000000
832.000000
788.000000
844.000000
843.000000
770.000000
797.000000
841.000000
843.000000
832.000000
805.000000
846.000000
857.000000
818.000000
825.000000
836.000000
812.000000
826.000000
835.000000
864.000000
852.000000
811.000000
834.000000
837.000000
826.000000
823.000000
781.000000
819.000000
814.000000
812.000000
807.000000
737.000000
854.000000
823.000000
838.000000
849.000000
851.000000
833.000000
855.000000
859.000000
853.000000
834.000000
821.000000
807.000000
801.000000
815.000000
833.000000
817.000000
818.000000
819.000000
782.000000
819.000000
823.000000
809.000000
821.000000
831.000000
833.000000
816.000000
829.000000
837.000000
811.000000
844.000000
845.000000
817.000000
834.000000
841.000000
823.000000
844.000000
828.000000
837.000000
840.000000
823.000000
827.000000
192.000000
621.000000
819.000000
839.000000
831.000000
831.000000
832.000000
824.000000
834.000000
229.000000
641.000000
838.000000
838.000000
847.000000
836.000000
819.000000
837.000000
842.000000
838.000000
844.000000
834.000000
819.000000
830.000000
818.000000
842.000000
787.000000
830.000000
824.000000
820.000000
824.000000
636.000000
776.000000
823.000000
853.000000
823.000000
828.000000
836.000000
838.000000
865.000000
862.000000
841.000000
876.000000
940.000000
924.000000
914.000000
850.000000
845.000000
838.000000
841.000000
797.000000
845.000000
824.000000
843.000000
838.000000
856.000000
866.000000
870.000000
865.000000
847.000000
877.000000
890.000000
412.000000
627.000000
444.000000
642.000000
1332.000000
1568.000000
1370.000000
1065.000000
944.000000
907.000000
890.000000
896.000000
868.000000
897.000000
910.000000
931.000000
906.000000
916.000000
932.000000
913.000000
912.000000
907.000000
893.000000
856.000000
924.000000
893.000000
873.000000
870.000000
858.000000
445.000000
504.000000
838.000000
824.000000
838.000000
839.000000
828.000000
786.000000
819.000000
812.000000
817.000000
820.000000
823.000000
787.000000
839.000000
822.000000
832.000000
831.000000
808.000000
869.000000
870.000000
840.000000
822.000000
830.000000
851.000000
863.000000
842.000000
830.000000
803.000000
849.000000
814.000000
786.000000
836.000000
819.000000
824.000000
818.000000
818.000000
817.000000
816.000000
820.000000
821.000000
837.000000
838.000000
822.000000
835.000000
815.000000
813.000000
804.000000
843.000000
841.000000
829.000000
808.000000
821.000000
807.000000
788.000000
726.000000
790.000000
779.000000
765.000000
790.000000
785.000000
776.000000
776.000000
811.000000
783.000000
783.000000
792.000000
825.000000
845.000000
902.000000
902.000000
812.000000
812.000000
762.000000
782.000000
357.000000
43.000000
29.000000
39.000000
33.000000
35.000000
26.000000
26.000000
50.000000
40.000000
39.000000
46.000000
50.000000
47.000000
63.000000
68.000000
69.000000
51.000000
58.000000
58.000000
42.000000
57.000000
36.000000
45.000000
33.000000
34.000000
25.000000
19.000000
17.000000
20.000000
14.000000
20.000000
19.000000
25.000000
37.000000
30.000000
31.000000
32.000000
38.000000
51.000000
54.000000
48.000000
74.000000
73.000000
42.000000
40.000000
53.000000
45.000000
40.000000
30.000000
23.000000
19.000000
24.000000
19.000000
17.000000
31.000000
32.000000
29.000000
33.000000
29.000000
44.000000
53.000000
54.000000
66.000000
71.000000
34.000000
49.000000
61.000000
98.000000
90.000000
