28.000000
20.000000
37.000000
39.000000
22.000000
29.000000
18.000000
29.000000
13.000000
20.000000
5.000000
9.000000
11.000000
11.000000
12.000000
17.000000
14.000000
28.000000
27.000000
29.000000
18.000000
32.000000
32.000000
44.000000
23.000000
45.000000
27.000000
30.000000
21.000000
24.000000
13.000000
18.000000
6.000000
9.000000
12.000000
13.000000
15.000000
12.000000
21.000000
22.000000
31.000000
25.000000
23.000000
31.000000
45.000000
46.000000
49.000000
30.000000
36.000000
31.000000
31.000000
22.000000
16.000000
23.000000
8.000000
14.000000
8.000000
12.000000
13.000000
6.000000
12.000000
6.000000
10.000000
28.000000
21.000000
23.000000
24.000000
27.000000
34.000000
37.000000
25.000000
48.000000
70.000000
87.000000
63.000000
63.000000
45.000000
29.000000
36.000000
21.000000
20.000000
29.000000
18.000000
22.000000
19.000000
23.000000
33.000000
48.000000
45.000000
60.000000
46.000000
49.000000
54.000000
50.000000
72.000000
59.000000
77.000000
57.000000
61.000000
54.000000
48.000000
39.000000
29.000000
38.000000
16.000000
19.000000
25.000000
28.000000
39.000000
31.000000
35.000000
48.000000
43.000000
72.000000
66.000000
76.000000
87.000000
101.000000
113.000000
115.000000
68.000000
84.000000
81.000000
85.000000
68.000000
68.000000
45.000000
56.000000
32.000000
29.000000
41.000000
32.000000
54.000000
52.000000
48.000000
68.000000
84.000000
86.000000
93.000000
123.000000
140.000000
179.000000
177.000000
168.000000
146.000000
161.000000
176.000000
399.000000
389.000000
206.000000
126.000000
127.000000
75.000000
89.000000
109.000000
86.000000
136.000000
173.000000
162.000000
231.000000
258.000000
242.000000
300.000000
340.000000
392.000000
396.000000
585.000000
2162.000000
9984.000000
6417.000000
1721.000000
1282.000000
1035.000000
809.000000
1099.000000
415.000000
335.000000
284.000000
274.000000
320.000000
275.000000
306.000000
415.000000
431.000000
357.000000
320.000000
264.000000
289.000000
289.000000
204.000000
197.000000
240.000000
214.000000
186.000000
172.000000
125.000000
124.000000
94.000000
70.000000
88.000000
55.000000
42.000000
55.000000
47.000000
73.000000
46.000000
55.000000
69.000000
59.000000
70.000000
78.000000
71.000000
86.000000
83.000000
96.000000
62.000000
74.000000
73.000000
66.000000
68.000000
48.000000
56.000000
44.000000
29.000000
29.000000
27.000000
24.000000
30.000000
23.000000
32.000000
28.000000
32.000000
40.000000
66.000000
43.000000
46.000000
70.000000
55.000000
64.000000
57.000000
130.000000
82.000000
101.000000
44.000000
61.000000
65.000000
47.000000
25.000000
27.000000
24.000000
16.000000
17.000000
19.000000
28.000000
27.000000
26.000000
34.000000
38.000000
34.000000
26.000000
62.000000
52.000000
42.000000
48.000000
47.000000
30.000000
37.000000
38.000000
29.000000
26.000000
33.000000
21.000000
17.000000
6.000000
17.000000
15.000000
14.000000
16.000000
21.000000
20.000000
21.000000
17.000000
27.000000
34.000000
28.000000
31.000000
52.000000
36.000000
49.000000
30.000000
50.000000
40.000000
54.000000
26.000000
27.000000
20.000000
19.000000
13.000000
18.000000
10.000000
12.000000
9.000000
13.000000
30.000000
25.000000
36.000000
24.000000
66.000000
60.000000
44.000000
46.000000
32.000000
36.000000
24.000000
32.000000
30.000000
16.000000
25.000000
25.000000
15.000000
9.000000
14.000000
13.000000
7.000000
19.000000
11.000000
24.000000
17.000000
18.000000
20.000000
18.000000
31.000000
33.000000
20.000000
35.000000
26.000000
32.000000
