740.000000
908.000000
635.000000
396.000000
322.000000
284.000000
256.000000
236.000000
252.000000
268.000000
294.000000
340.000000
336.000000
354.000000
429.000000
404.000000
410.000000
385.000000
342.000000
317.000000
307.000000
296.000000
364.000000
305.000000
263.000000
263.000000
215.000000
189.000000
135.000000
135.000000
171.000000
147.000000
161.000000
146.000000
162.000000
181.000000
201.000000
247.000000
292.000000
312.000000
283.000000
318.000000
236.000000
320.000000
306.000000
298.000000
284.000000
273.000000
236.000000
245.000000
205.000000
139.000000
120.000000
153.000000
130.000000
122.000000
136.000000
162.000000
162.000000
171.000000
213.000000
249.000000
246.000000
332.000000
405.000000
470.000000
818.000000
883.000000
686.000000
531.000000
546.000000
466.000000
392.000000
507.000000
450.000000
319.000000
229.000000
213.000000
186.000000
195.000000
198.000000
204.000000
218.000000
236.000000
286.000000
327.000000
387.000000
324.000000
345.000000
369.000000
392.000000
406.000000
426.000000
374.000000
337.000000
279.000000
295.000000
300.000000
318.000000
200.000000
191.000000
161.000000
157.000000
170.000000
166.000000
183.000000
181.000000
229.000000
251.000000
336.000000
356.000000
312.000000
340.000000
312.000000
315.000000
303.000000
285.000000
302.000000
358.000000
395.000000
315.000000
300.000000
232.000000
183.000000
159.000000
145.000000
160.000000
150.000000
152.000000
141.000000
157.000000
204.000000
245.000000
255.000000
284.000000
319.000000
329.000000
352.000000
329.000000
331.000000
304.000000
323.000000
267.000000
350.000000
345.000000
320.000000
221.000000
171.000000
202.000000
153.000000
173.000000
160.000000
148.000000
175.000000
199.000000
190.000000
270.000000
272.000000
267.000000
286.000000
327.000000
346.000000
335.000000
345.000000
348.000000
404.000000
867.000000
1429.000000
1777.000000
1168.000000
868.000000
609.000000
491.000000
420.000000
373.000000
404.000000
354.000000
402.000000
472.000000
510.000000
587.000000
588.000000
557.000000
645.000000
616.000000
586.000000
593.000000
516.000000
465.000000
434.000000
419.000000
495.000000
478.000000
408.000000
303.000000
250.000000
199.000000
191.000000
226.000000
224.000000
180.000000
191.000000
249.000000
289.000000
342.000000
374.000000
341.000000
399.000000
410.000000
422.000000
387.000000
419.000000
353.000000
367.000000
354.000000
351.000000
278.000000
306.000000
245.000000
236.000000
187.000000
185.000000
164.000000
144.000000
145.000000
218.000000
182.000000
231.000000
263.000000
294.000000
318.000000
349.000000
385.000000
420.000000
412.000000
417.000000
464.000000
420.000000
412.000000
325.000000
331.000000
333.000000
328.000000
267.000000
209.000000
198.000000
198.000000
148.000000
161.000000
208.000000
182.000000
218.000000
287.000000
372.000000
376.000000
516.000000
767.000000
2648.000000
2631.000000
1352.000000
812.000000
707.000000
535.000000
488.000000
382.000000
400.000000
371.000000
256.000000
247.000000
221.000000
196.000000
212.000000
230.000000
235.000000
258.000000
232.000000
292.000000
358.000000
533.000000
545.000000
467.000000
473.000000
449.000000
467.000000
394.000000
407.000000
459.000000
440.000000
407.000000
382.000000
268.000000
222.000000
197.000000
195.000000
175.000000
186.000000
196.000000
214.000000
189.000000
241.000000
247.000000
310.000000
348.000000
489.000000
397.000000
323.000000
363.000000
343.000000
322.000000
378.000000
371.000000
367.000000
408.000000
335.000000
259.000000
216.000000
190.000000
161.000000
151.000000
148.000000
185.000000
174.000000
173.000000
219.000000
305.000000
276.000000
263.000000
367.000000
289.000000
334.000000
375.000000
293.000000
346.000000
313.000000
463.000000
436.000000
492.000000
