89.000000
62.000000
58.000000
37.000000
26.000000
22.000000
32.000000
23.000000
29.000000
29.000000
50.000000
65.000000
72.000000
74.000000
102.000000
78.000000
80.000000
87.000000
88.000000
97.000000
100.000000
92.000000
72.000000
67.000000
74.000000
68.000000
54.000000
43.000000
29.000000
25.000000
19.000000
24.000000
18.000000
25.000000
40.000000
70.000000
81.000000
86.000000
78.000000
104.000000
111.000000
117.000000
109.000000
152.000000
73.000000
98.000000
88.000000
70.000000
97.000000
78.000000
73.000000
52.000000
46.000000
30.000000
31.000000
53.000000
36.000000
37.000000
55.000000
62.000000
70.000000
89.000000
106.000000
103.000000
95.000000
72.000000
90.000000
87.000000
62.000000
75.000000
66.000000
76.000000
84.000000
80.000000
54.000000
37.000000
48.000000
35.000000
43.000000
36.000000
42.000000
34.000000
38.000000
48.000000
56.000000
59.000000
80.000000
81.000000
84.000000
119.000000
111.000000
125.000000
229.000000
182.000000
126.000000
151.000000
161.000000
102.000000
97.000000
59.000000
86.000000
70.000000
68.000000
52.000000
70.000000
58.000000
99.000000
114.000000
102.000000
126.000000
149.000000
167.000000
142.000000
196.000000
204.000000
196.000000
204.000000
183.000000
166.000000
253.000000
195.000000
145.000000
146.000000
114.000000
86.000000
83.000000
86.000000
77.000000
81.000000
128.000000
165.000000
229.000000
289.000000
303.000000
342.000000
356.000000
536.000000
543.000000
533.000000
489.000000
479.000000
515.000000
449.000000
397.000000
454.000000
371.000000
291.000000
258.000000
241.000000
233.000000
235.000000
258.000000
266.000000
363.000000
499.000000
572.000000
778.000000
838.000000
891.000000
921.000000
1022.000000
1046.000000
1257.000000
1236.000000
1365.000000
1698.000000
4451.000000
6730.000000
10419.000000
3225.000000
1720.000000
1105.000000
1008.000000
943.000000
880.000000
792.000000
923.000000
1043.000000
1181.000000
1262.000000
1169.000000
966.000000
863.000000
904.000000
892.000000
771.000000
696.000000
666.000000
545.000000
547.000000
622.000000
622.000000
712.000000
434.000000
354.000000
228.000000
172.000000
178.000000
159.000000
156.000000
192.000000
169.000000
178.000000
208.000000
201.000000
254.000000
179.000000
219.000000
243.000000
213.000000
194.000000
189.000000
182.000000
201.000000
204.000000
198.000000
169.000000
141.000000
123.000000
77.000000
62.000000
69.000000
61.000000
63.000000
70.000000
69.000000
64.000000
106.000000
91.000000
73.000000
102.000000
114.000000
107.000000
120.000000
115.000000
146.000000
120.000000
141.000000
99.000000
89.000000
108.000000
80.000000
79.000000
64.000000
55.000000
80.000000
67.000000
61.000000
75.000000
95.000000
67.000000
82.000000
66.000000
122.000000
95.000000
102.000000
132.000000
105.000000
73.000000
76.000000
90.000000
93.000000
101.000000
77.000000
58.000000
51.000000
39.000000
52.000000
49.000000
46.000000
30.000000
49.000000
49.000000
40.000000
56.000000
65.000000
72.000000
45.000000
64.000000
78.000000
107.000000
114.000000
92.000000
96.000000
79.000000
136.000000
85.000000
81.000000
64.000000
48.000000
66.000000
87.000000
33.000000
32.000000
37.000000
27.000000
30.000000
39.000000
40.000000
41.000000
53.000000
39.000000
53.000000
49.000000
63.000000
87.000000
78.000000
79.000000
47.000000
78.000000
48.000000
68.000000
57.000000
62.000000
110.000000
44.000000
38.000000
19.000000
32.000000
19.000000
24.000000
24.000000
39.000000
30.000000
46.000000
41.000000
34.000000
34.000000
65.000000
80.000000
70.000000
69.000000
96.000000
77.000000
50.000000
56.000000
62.000000
