605.000000
638.000000
502.000000
371.000000
238.000000
251.000000
233.000000
209.000000
218.000000
203.000000
245.000000
316.000000
330.000000
414.000000
442.000000
486.000000
555.000000
623.000000
585.000000
582.000000
582.000000
629.000000
757.000000
1740.000000
3484.000000
2982.000000
1238.000000
765.000000
573.000000
443.000000
392.000000
357.000000
358.000000
385.000000
467.000000
512.000000
533.000000
573.000000
626.000000
616.000000
578.000000
621.000000
576.000000
548.000000
534.000000
539.000000
586.000000
435.000000
486.000000
449.000000
381.000000
265.000000
237.000000
231.000000
211.000000
194.000000
187.000000
143.000000
193.000000
247.000000
266.000000
307.000000
345.000000
387.000000
394.000000
434.000000
418.000000
498.000000
385.000000
404.000000
435.000000
404.000000
371.000000
327.000000
354.000000
321.000000
240.000000
271.000000
183.000000
191.000000
213.000000
200.000000
275.000000
298.000000
358.000000
429.000000
475.000000
561.000000
719.000000
741.000000
779.000000
638.000000
869.000000
4591.000000
8445.000000
4348.000000
1669.000000
1174.000000
1224.000000
785.000000
609.000000
525.000000
395.000000
446.000000
413.000000
439.000000
434.000000
471.000000
542.000000
616.000000
560.000000
591.000000
599.000000
642.000000
591.000000
589.000000
713.000000
665.000000
698.000000
586.000000
440.000000
481.000000
386.000000
363.000000
296.000000
231.000000
217.000000
214.000000
377.000000
432.000000
435.000000
519.000000
491.000000
525.000000
551.000000
471.000000
469.000000
510.000000
476.000000
527.000000
490.000000
443.000000
490.000000
381.000000
393.000000
354.000000
362.000000
315.000000
238.000000
246.000000
216.000000
228.000000
217.000000
203.000000
229.000000
297.000000
360.000000
358.000000
421.000000
429.000000
441.000000
538.000000
599.000000
590.000000
582.000000
561.000000
738.000000
1975.000000
4197.000000
3776.000000
1652.000000
851.000000
660.000000
508.000000
479.000000
460.000000
408.000000
435.000000
455.000000
609.000000
583.000000
618.000000
643.000000
607.000000
582.000000
602.000000
638.000000
580.000000
607.000000
525.000000
543.000000
561.000000
573.000000
511.000000
484.000000
394.000000
327.000000
224.000000
234.000000
221.000000
196.000000
220.000000
236.000000
251.000000
304.000000
301.000000
317.000000
351.000000
417.000000
380.000000
420.000000
397.000000
386.000000
380.000000
383.000000
360.000000
425.000000
312.000000
323.000000
253.000000
196.000000
176.000000
155.000000
142.000000
177.000000
151.000000
147.000000
209.000000
228.000000
225.000000
298.000000
330.000000
420.000000
441.000000
435.000000
450.000000
428.000000
416.000000
384.000000
381.000000
357.000000
301.000000
315.000000
316.000000
223.000000
199.000000
175.000000
156.000000
146.000000
158.000000
191.000000
210.000000
305.000000
244.000000
280.000000
315.000000
402.000000
383.000000
410.000000
369.000000
388.000000
473.000000
515.000000
1106.000000
1962.000000
2725.000000
1071.000000
616.000000
476.000000
360.000000
326.000000
321.000000
317.000000
329.000000
313.000000
394.000000
395.000000
363.000000
442.000000
576.000000
458.000000
477.000000
569.000000
597.000000
578.000000
3170.000000
6564.000000
3802.000000
2634.000000
2356.000000
2269.000000
1615.000000
1135.000000
941.000000
895.000000
774.000000
703.000000
799.000000
929.000000
1099.000000
1192.000000
1279.000000
1367.000000
1194.000000
1358.000000
1315.000000
1324.000000
1171.000000
1156.000000
1089.000000
1037.000000
1018.000000
995.000000
919.000000
794.000000
555.000000
476.000000
380.000000
330.000000
316.000000
302.000000
361.000000
400.000000
491.000000
488.000000
544.000000
588.000000
669.000000
672.000000
641.000000
685.000000
635.000000
661.000000
616.000000
649.000000
641.000000
530.000000
