211.000000
111.000000
84.000000
73.000000
70.000000
56.000000
50.000000
60.000000
73.000000
52.000000
55.000000
75.000000
72.000000
76.000000
86.000000
100.000000
76.000000
117.000000
105.000000
74.000000
106.000000
125.000000
104.000000
153.000000
127.000000
102.000000
71.000000
65.000000
71.000000
44.000000
40.000000
38.000000
33.000000
42.000000
41.000000
56.000000
54.000000
66.000000
79.000000
71.000000
80.000000
89.000000
79.000000
80.000000
124.000000
108.000000
88.000000
195.000000
117.000000
68.000000
65.000000
77.000000
37.000000
42.000000
39.000000
38.000000
47.000000
39.000000
43.000000
49.000000
46.000000
53.000000
42.000000
88.000000
63.000000
60.000000
96.000000
72.000000
67.000000
72.000000
98.000000
70.000000
71.000000
71.000000
82.000000
55.000000
37.000000
44.000000
25.000000
25.000000
28.000000
22.000000
31.000000
72.000000
51.000000
50.000000
50.000000
64.000000
73.000000
67.000000
92.000000
74.000000
70.000000
80.000000
84.000000
88.000000
62.000000
65.000000
71.000000
60.000000
37.000000
35.000000
40.000000
23.000000
54.000000
50.000000
44.000000
50.000000
38.000000
69.000000
95.000000
110.000000
106.000000
128.000000
107.000000
85.000000
103.000000
117.000000
102.000000
110.000000
116.000000
88.000000
78.000000
69.000000
56.000000
49.000000
37.000000
68.000000
51.000000
50.000000
61.000000
85.000000
82.000000
101.000000
132.000000
110.000000
159.000000
144.000000
149.000000
141.000000
150.000000
159.000000
259.000000
644.000000
834.000000
414.000000
320.000000
236.000000
174.000000
159.000000
179.000000
152.000000
169.000000
172.000000
253.000000
307.000000
267.000000
321.000000
358.000000
380.000000
395.000000
489.000000
510.000000
492.000000
556.000000
720.000000
2372.000000
4179.000000
6608.000000
2435.000000
1283.000000
1130.000000
796.000000
716.000000
646.000000
641.000000
675.000000
638.000000
691.000000
700.000000
662.000000
629.000000
613.000000
564.000000
620.000000
512.000000
536.000000
409.000000
370.000000
396.000000
376.000000
350.000000
290.000000
269.000000
209.000000
166.000000
136.000000
142.000000
124.000000
114.000000
83.000000
116.000000
118.000000
141.000000
124.000000
155.000000
139.000000
163.000000
159.000000
168.000000
155.000000
149.000000
115.000000
105.000000
133.000000
125.000000
166.000000
111.000000
90.000000
136.000000
121.000000
97.000000
78.000000
98.000000
69.000000
94.000000
83.000000
70.000000
82.000000
103.000000
92.000000
97.000000
92.000000
93.000000
97.000000
126.000000
80.000000
102.000000
94.000000
95.000000
73.000000
61.000000
63.000000
80.000000
46.000000
37.000000
36.000000
32.000000
46.000000
42.000000
61.000000
54.000000
47.000000
66.000000
81.000000
75.000000
128.000000
274.000000
258.000000
165.000000
208.000000
126.000000
103.000000
109.000000
92.000000
130.000000
71.000000
67.000000
65.000000
53.000000
78.000000
47.000000
57.000000
48.000000
47.000000
41.000000
66.000000
57.000000
76.000000
76.000000
79.000000
51.000000
83.000000
92.000000
98.000000
94.000000
81.000000
73.000000
69.000000
65.000000
76.000000
52.000000
39.000000
47.000000
36.000000
43.000000
43.000000
36.000000
56.000000
55.000000
74.000000
75.000000
70.000000
71.000000
87.000000
63.000000
57.000000
87.000000
77.000000
80.000000
80.000000
73.000000
61.000000
49.000000
52.000000
42.000000
38.000000
40.000000
40.000000
38.000000
37.000000
37.000000
41.000000
55.000000
68.000000
57.000000
53.000000
78.000000
61.000000
75.000000
80.000000
65.000000
58.000000
70.000000
57.000000
54.000000
73.000000
