749.000000
862.000000
604.000000
440.000000
322.000000
287.000000
295.000000
238.000000
227.000000
297.000000
306.000000
371.000000
399.000000
491.000000
505.000000
468.000000
579.000000
535.000000
567.000000
485.000000
541.000000
521.000000
594.000000
571.000000
559.000000
493.000000
419.000000
368.000000
296.000000
226.000000
255.000000
220.000000
215.000000
202.000000
245.000000
267.000000
355.000000
411.000000
412.000000
411.000000
495.000000
449.000000
498.000000
498.000000
461.000000
394.000000
401.000000
455.000000
480.000000
1463.000000
377.000000
282.000000
255.000000
235.000000
237.000000
223.000000
216.000000
220.000000
217.000000
274.000000
321.000000
403.000000
354.000000
367.000000
434.000000
477.000000
534.000000
513.000000
728.000000
1218.000000
1237.000000
1095.000000
790.000000
585.000000
573.000000
489.000000
352.000000
351.000000
298.000000
296.000000
267.000000
267.000000
292.000000
378.000000
412.000000
388.000000
448.000000
469.000000
477.000000
454.000000
517.000000
583.000000
585.000000
608.000000
484.000000
524.000000
557.000000
433.000000
359.000000
305.000000
276.000000
295.000000
280.000000
302.000000
258.000000
266.000000
289.000000
308.000000
368.000000
394.000000
379.000000
469.000000
479.000000
560.000000
660.000000
592.000000
603.000000
546.000000
540.000000
555.000000
705.000000
778.000000
694.000000
486.000000
345.000000
313.000000
330.000000
296.000000
354.000000
355.000000
324.000000
351.000000
477.000000
486.000000
490.000000
514.000000
558.000000
510.000000
681.000000
671.000000
584.000000
545.000000
568.000000
653.000000
922.000000
853.000000
610.000000
395.000000
301.000000
269.000000
329.000000
281.000000
271.000000
264.000000
325.000000
380.000000
426.000000
497.000000
484.000000
541.000000
592.000000
558.000000
628.000000
659.000000
653.000000
700.000000
855.000000
1941.000000
3424.000000
2466.000000
856.000000
587.000000
486.000000
338.000000
370.000000
370.000000
330.000000
346.000000
421.000000
421.000000
588.000000
611.000000
557.000000
563.000000
644.000000
694.000000
655.000000
636.000000
644.000000
582.000000
534.000000
536.000000
577.000000
509.000000
457.000000
354.000000
263.000000
226.000000
301.000000
243.000000
218.000000
281.000000
275.000000
355.000000
384.000000
475.000000
467.000000
427.000000
483.000000
505.000000
561.000000
555.000000
553.000000
509.000000
416.000000
451.000000
479.000000
402.000000
366.000000
270.000000
322.000000
254.000000
247.000000
222.000000
271.000000
260.000000
261.000000
321.000000
342.000000
370.000000
415.000000
405.000000
446.000000
468.000000
510.000000
584.000000
602.000000
631.000000
494.000000
506.000000
486.000000
446.000000
350.000000
396.000000
269.000000
264.000000
261.000000
276.000000
253.000000
257.000000
266.000000
304.000000
413.000000
395.000000
537.000000
555.000000
649.000000
968.000000
2460.000000
2629.000000
2623.000000
1516.000000
1679.000000
1090.000000
951.000000
780.000000
894.000000
620.000000
537.000000
489.000000
463.000000
432.000000
409.000000
376.000000
453.000000
452.000000
544.000000
590.000000
629.000000
624.000000
693.000000
765.000000
774.000000
772.000000
706.000000
658.000000
673.000000
681.000000
608.000000
531.000000
479.000000
450.000000
310.000000
296.000000
332.000000
294.000000
303.000000
316.000000
316.000000
339.000000
452.000000
493.000000
562.000000
508.000000
540.000000
574.000000
678.000000
530.000000
547.000000
522.000000
536.000000
463.000000
526.000000
576.000000
443.000000
351.000000
275.000000
268.000000
267.000000
262.000000
286.000000
247.000000
249.000000
311.000000
344.000000
438.000000
465.000000
497.000000
429.000000
514.000000
574.000000
529.000000
499.000000
528.000000
452.000000
481.000000
453.000000
