1060.000000
835.000000
580.000000
408.000000
375.000000
306.000000
292.000000
329.000000
337.000000
412.000000
414.000000
466.000000
516.000000
538.000000
498.000000
520.000000
514.000000
589.000000
502.000000
523.000000
506.000000
473.000000
529.000000
584.000000
617.000000
597.000000
410.000000
349.000000
272.000000
468.000000
269.000000
254.000000
256.000000
269.000000
339.000000
339.000000
369.000000
478.000000
392.000000
456.000000
469.000000
528.000000
470.000000
446.000000
437.000000
417.000000
398.000000
411.000000
338.000000
313.000000
245.000000
225.000000
209.000000
184.000000
258.000000
204.000000
213.000000
293.000000
279.000000
292.000000
362.000000
376.000000
424.000000
403.000000
425.000000
465.000000
372.000000
457.000000
399.000000
378.000000
399.000000
406.000000
378.000000
315.000000
263.000000
227.000000
225.000000
190.000000
204.000000
203.000000
222.000000
239.000000
249.000000
289.000000
304.000000
334.000000
377.000000
456.000000
511.000000
598.000000
580.000000
658.000000
1534.000000
1971.000000
2062.000000
912.000000
792.000000
861.000000
604.000000
508.000000
411.000000
407.000000
430.000000
375.000000
345.000000
381.000000
443.000000
451.000000
501.000000
521.000000
583.000000
603.000000
629.000000
634.000000
727.000000
821.000000
785.000000
748.000000
639.000000
498.000000
471.000000
485.000000
415.000000
319.000000
314.000000
251.000000
315.000000
306.000000
251.000000
336.000000
362.000000
363.000000
485.000000
495.000000
431.000000
515.000000
561.000000
527.000000
460.000000
518.000000
538.000000
503.000000
570.000000
538.000000
493.000000
402.000000
327.000000
327.000000
253.000000
249.000000
232.000000
228.000000
257.000000
305.000000
346.000000
360.000000
441.000000
440.000000
490.000000
490.000000
547.000000
513.000000
580.000000
630.000000
577.000000
607.000000
692.000000
1018.000000
1494.000000
715.000000
598.000000
451.000000
359.000000
358.000000
338.000000
377.000000
355.000000
379.000000
446.000000
436.000000
481.000000
488.000000
486.000000
540.000000
543.000000
561.000000
604.000000
559.000000
497.000000
492.000000
618.000000
609.000000
603.000000
596.000000
408.000000
313.000000
286.000000
264.000000
281.000000
265.000000
333.000000
314.000000
375.000000
383.000000
425.000000
464.000000
502.000000
508.000000
548.000000
503.000000
554.000000
562.000000
536.000000
470.000000
545.000000
578.000000
510.000000
398.000000
363.000000
240.000000
281.000000
323.000000
261.000000
237.000000
277.000000
274.000000
319.000000
332.000000
427.000000
459.000000
426.000000
405.000000
499.000000
550.000000
508.000000
578.000000
521.000000
489.000000
447.000000
461.000000
382.000000
386.000000
335.000000
280.000000
254.000000
218.000000
243.000000
230.000000
270.000000
244.000000
296.000000
326.000000
356.000000
374.000000
440.000000
532.000000
621.000000
672.000000
614.000000
680.000000
713.000000
613.000000
589.000000
537.000000
495.000000
460.000000
527.000000
338.000000
303.000000
308.000000
304.000000
262.000000
311.000000
373.000000
358.000000
412.000000
559.000000
575.000000
584.000000
691.000000
798.000000
1017.000000
1307.000000
2507.000000
3822.000000
2957.000000
1350.000000
903.000000
741.000000
835.000000
600.000000
499.000000
442.000000
395.000000
402.000000
359.000000
388.000000
430.000000
429.000000
525.000000
606.000000
578.000000
778.000000
807.000000
727.000000
681.000000
733.000000
658.000000
708.000000
647.000000
658.000000
629.000000
586.000000
545.000000
391.000000
337.000000
300.000000
303.000000
315.000000
273.000000
294.000000
295.000000
367.000000
394.000000
440.000000
463.000000
479.000000
504.000000
561.000000
578.000000
531.000000
469.000000
554.000000
534.000000
560.000000
493.000000
571.000000
