560.000000
535.000000
395.000000
246.000000
257.000000
212.000000
189.000000
167.000000
177.000000
177.000000
226.000000
188.000000
262.000000
270.000000
378.000000
354.000000
307.000000
306.000000
374.000000
442.000000
373.000000
372.000000
337.000000
410.000000
620.000000
620.000000
480.000000
296.000000
236.000000
204.000000
212.000000
192.000000
186.000000
234.000000
236.000000
243.000000
285.000000
324.000000
335.000000
352.000000
418.000000
411.000000
425.000000
421.000000
469.000000
483.000000
467.000000
467.000000
437.000000
440.000000
371.000000
309.000000
251.000000
214.000000
206.000000
203.000000
200.000000
188.000000
228.000000
229.000000
296.000000
307.000000
355.000000
388.000000
398.000000
397.000000
471.000000
433.000000
393.000000
436.000000
400.000000
741.000000
1556.000000
1740.000000
739.000000
572.000000
399.000000
315.000000
364.000000
349.000000
322.000000
330.000000
338.000000
337.000000
406.000000
438.000000
401.000000
393.000000
455.000000
453.000000
497.000000
528.000000
487.000000
560.000000
462.000000
457.000000
387.000000
371.000000
299.000000
310.000000
240.000000
215.000000
191.000000
202.000000
202.000000
222.000000
212.000000
266.000000
348.000000
315.000000
293.000000
343.000000
349.000000
360.000000
396.000000
473.000000
486.000000
548.000000
474.000000
452.000000
437.000000
395.000000
344.000000
250.000000
247.000000
181.000000
215.000000
204.000000
230.000000
197.000000
231.000000
261.000000
349.000000
314.000000
331.000000
348.000000
454.000000
473.000000
485.000000
528.000000
494.000000
545.000000
544.000000
553.000000
648.000000
600.000000
517.000000
396.000000
316.000000
309.000000
378.000000
306.000000
357.000000
327.000000
347.000000
410.000000
524.000000
543.000000
540.000000
615.000000
708.000000
713.000000
863.000000
906.000000
921.000000
894.000000
1193.000000
2956.000000
4946.000000
4457.000000
1311.000000
710.000000
550.000000
467.000000
515.000000
506.000000
439.000000
453.000000
455.000000
517.000000
585.000000
564.000000
545.000000
596.000000
587.000000
630.000000
594.000000
583.000000
613.000000
528.000000
506.000000
608.000000
763.000000
602.000000
450.000000
327.000000
268.000000
242.000000
272.000000
190.000000
201.000000
205.000000
271.000000
310.000000
348.000000
361.000000
405.000000
386.000000
407.000000
418.000000
433.000000
461.000000
461.000000
423.000000
501.000000
376.000000
463.000000
451.000000
339.000000
239.000000
211.000000
182.000000
218.000000
200.000000
165.000000
190.000000
175.000000
228.000000
310.000000
319.000000
294.000000
343.000000
388.000000
377.000000
422.000000
444.000000
414.000000
371.000000
333.000000
332.000000
362.000000
371.000000
253.000000
218.000000
214.000000
222.000000
233.000000
175.000000
165.000000
216.000000
203.000000
209.000000
246.000000
252.000000
291.000000
298.000000
361.000000
374.000000
397.000000
417.000000
414.000000
408.000000
394.000000
386.000000
400.000000
339.000000
328.000000
298.000000
234.000000
423.000000
274.000000
199.000000
183.000000
215.000000
204.000000
232.000000
297.000000
335.000000
396.000000
438.000000
476.000000
744.000000
2261.000000
2366.000000
1470.000000
919.000000
942.000000
613.000000
602.000000
499.000000
498.000000
381.000000
354.000000
314.000000
281.000000
276.000000
272.000000
253.000000
275.000000
293.000000
333.000000
368.000000
380.000000
369.000000
384.000000
393.000000
473.000000
503.000000
507.000000
424.000000
398.000000
408.000000
432.000000
397.000000
310.000000
265.000000
195.000000
205.000000
275.000000
211.000000
203.000000
176.000000
178.000000
231.000000
267.000000
290.000000
328.000000
342.000000
354.000000
376.000000
399.000000
376.000000
408.000000
362.000000
367.000000
343.000000
424.000000
