621.000000
621.000000
406.000000
357.000000
340.000000
284.000000
269.000000
244.000000
269.000000
281.000000
261.000000
305.000000
320.000000
332.000000
356.000000
389.000000
394.000000
437.000000
494.000000
529.000000
577.000000
535.000000
538.000000
665.000000
1003.000000
1133.000000
726.000000
427.000000
350.000000
295.000000
334.000000
310.000000
290.000000
339.000000
328.000000
376.000000
398.000000
467.000000
443.000000
460.000000
495.000000
530.000000
551.000000
563.000000
523.000000
597.000000
579.000000
516.000000
477.000000
416.000000
388.000000
340.000000
283.000000
278.000000
269.000000
207.000000
246.000000
260.000000
307.000000
336.000000
341.000000
353.000000
378.000000
410.000000
449.000000
464.000000
476.000000
468.000000
530.000000
435.000000
421.000000
500.000000
460.000000
416.000000
379.000000
286.000000
254.000000
216.000000
312.000000
246.000000
274.000000
235.000000
244.000000
304.000000
367.000000
363.000000
376.000000
435.000000
432.000000
492.000000
548.000000
789.000000
876.000000
962.000000
637.000000
653.000000
519.000000
528.000000
426.000000
357.000000
326.000000
340.000000
318.000000
274.000000
262.000000
299.000000
327.000000
361.000000
408.000000
416.000000
369.000000
392.000000
495.000000
532.000000
524.000000
509.000000
571.000000
570.000000
510.000000
610.000000
659.000000
622.000000
502.000000
399.000000
340.000000
290.000000
299.000000
296.000000
289.000000
301.000000
357.000000
387.000000
383.000000
434.000000
417.000000
446.000000
564.000000
626.000000
639.000000
642.000000
571.000000
630.000000
617.000000
669.000000
601.000000
774.000000
563.000000
375.000000
377.000000
309.000000
352.000000
344.000000
345.000000
331.000000
384.000000
480.000000
554.000000
584.000000
598.000000
664.000000
724.000000
845.000000
866.000000
973.000000
928.000000
952.000000
1145.000000
2667.000000
4285.000000
3979.000000
1217.000000
608.000000
525.000000
499.000000
508.000000
423.000000
408.000000
448.000000
473.000000
464.000000
630.000000
607.000000
581.000000
645.000000
647.000000
691.000000
611.000000
652.000000
645.000000
592.000000
634.000000
703.000000
754.000000
708.000000
464.000000
336.000000
330.000000
304.000000
331.000000
268.000000
286.000000
300.000000
315.000000
345.000000
359.000000
404.000000
462.000000
423.000000
438.000000
543.000000
575.000000
569.000000
541.000000
525.000000
519.000000
489.000000
402.000000
402.000000
328.000000
307.000000
289.000000
283.000000
298.000000
218.000000
242.000000
224.000000
246.000000
264.000000
370.000000
347.000000
397.000000
352.000000
412.000000
438.000000
507.000000
433.000000
444.000000
448.000000
440.000000
455.000000
447.000000
354.000000
298.000000
264.000000
252.000000
247.000000
216.000000
227.000000
255.000000
247.000000
262.000000
306.000000
357.000000
349.000000
335.000000
363.000000
381.000000
429.000000
479.000000
473.000000
543.000000
607.000000
627.000000
722.000000
1277.000000
1608.000000
932.000000
607.000000
506.000000
434.000000
410.000000
348.000000
436.000000
446.000000
401.000000
498.000000
493.000000
544.000000
531.000000
568.000000
590.000000
624.000000
662.000000
665.000000
703.000000
717.000000
743.000000
597.000000
576.000000
486.000000
453.000000
385.000000
319.000000
300.000000
305.000000
273.000000
283.000000
292.000000
296.000000
366.000000
388.000000
428.000000
388.000000
398.000000
452.000000
493.000000
502.000000
574.000000
580.000000
522.000000
481.000000
533.000000
518.000000
458.000000
378.000000
311.000000
259.000000
305.000000
276.000000
277.000000
259.000000
245.000000
237.000000
321.000000
316.000000
391.000000
399.000000
378.000000
399.000000
556.000000
456.000000
497.000000
564.000000
487.000000
436.000000
495.000000
519.000000
