466.000000
449.000000
281.000000
235.000000
209.000000
221.000000
214.000000
176.000000
191.000000
187.000000
184.000000
223.000000
248.000000
200.000000
207.000000
255.000000
261.000000
257.000000
362.000000
262.000000
271.000000
243.000000
261.000000
320.000000
297.000000
241.000000
224.000000
167.000000
181.000000
158.000000
194.000000
146.000000
129.000000
119.000000
145.000000
178.000000
184.000000
182.000000
203.000000
212.000000
223.000000
219.000000
287.000000
270.000000
241.000000
248.000000
241.000000
223.000000
250.000000
233.000000
179.000000
157.000000
145.000000
152.000000
168.000000
139.000000
137.000000
114.000000
121.000000
153.000000
226.000000
221.000000
201.000000
210.000000
244.000000
284.000000
292.000000
327.000000
532.000000
617.000000
440.000000
434.000000
502.000000
374.000000
288.000000
250.000000
213.000000
191.000000
214.000000
193.000000
184.000000
192.000000
179.000000
218.000000
229.000000
250.000000
288.000000
352.000000
332.000000
357.000000
334.000000
343.000000
394.000000
352.000000
306.000000
344.000000
330.000000
249.000000
242.000000
230.000000
202.000000
186.000000
199.000000
153.000000
147.000000
167.000000
127.000000
183.000000
187.000000
187.000000
242.000000
244.000000
282.000000
242.000000
296.000000
246.000000
255.000000
288.000000
274.000000
304.000000
245.000000
237.000000
222.000000
188.000000
146.000000
146.000000
171.000000
121.000000
158.000000
161.000000
171.000000
169.000000
196.000000
203.000000
214.000000
271.000000
319.000000
331.000000
353.000000
322.000000
346.000000
316.000000
337.000000
494.000000
542.000000
398.000000
320.000000
258.000000
232.000000
234.000000
224.000000
221.000000
208.000000
228.000000
285.000000
308.000000
356.000000
366.000000
378.000000
438.000000
497.000000
504.000000
567.000000
600.000000
637.000000
835.000000
2943.000000
5105.000000
8837.000000
2724.000000
1459.000000
964.000000
781.000000
677.000000
776.000000
686.000000
651.000000
747.000000
878.000000
989.000000
995.000000
870.000000
951.000000
943.000000
937.000000
844.000000
722.000000
759.000000
740.000000
955.000000
1005.000000
740.000000
540.000000
530.000000
425.000000
352.000000
314.000000
273.000000
272.000000
263.000000
211.000000
244.000000
288.000000
307.000000
355.000000
368.000000
321.000000
375.000000
346.000000
375.000000
395.000000
377.000000
410.000000
352.000000
370.000000
434.000000
366.000000
362.000000
325.000000
251.000000
217.000000
198.000000
199.000000
186.000000
185.000000
189.000000
212.000000
212.000000
243.000000
226.000000
297.000000
357.000000
321.000000
313.000000
311.000000
351.000000
367.000000
320.000000
307.000000
280.000000
274.000000
266.000000
239.000000
211.000000
199.000000
188.000000
194.000000
168.000000
172.000000
169.000000
155.000000
227.000000
223.000000
250.000000
248.000000
292.000000
357.000000
730.000000
759.000000
485.000000
469.000000
463.000000
461.000000
476.000000
488.000000
446.000000
342.000000
275.000000
205.000000
225.000000
254.000000
214.000000
194.000000
253.000000
237.000000
236.000000
257.000000
222.000000
280.000000
289.000000
268.000000
315.000000
291.000000
285.000000
328.000000
357.000000
309.000000
283.000000
278.000000
290.000000
252.000000
227.000000
186.000000
192.000000
209.000000
166.000000
154.000000
121.000000
197.000000
182.000000
239.000000
211.000000
209.000000
255.000000
279.000000
322.000000
230.000000
300.000000
270.000000
271.000000
302.000000
377.000000
431.000000
400.000000
290.000000
271.000000
202.000000
200.000000
236.000000
159.000000
186.000000
179.000000
191.000000
195.000000
251.000000
221.000000
196.000000
304.000000
239.000000
303.000000
297.000000
334.000000
455.000000
558.000000
503.000000
593.000000
726.000000
