51.000000
32.000000
53.000000
34.000000
32.000000
29.000000
31.000000
19.000000
27.000000
20.000000
23.000000
31.000000
26.000000
43.000000
54.000000
60.000000
39.000000
31.000000
42.000000
33.000000
35.000000
35.000000
38.000000
41.000000
40.000000
37.000000
30.000000
28.000000
14.000000
26.000000
24.000000
15.000000
19.000000
30.000000
12.000000
20.000000
18.000000
19.000000
36.000000
41.000000
36.000000
44.000000
64.000000
49.000000
49.000000
55.000000
39.000000
56.000000
42.000000
44.000000
31.000000
44.000000
19.000000
19.000000
31.000000
20.000000
29.000000
10.000000
23.000000
28.000000
30.000000
35.000000
31.000000
30.000000
44.000000
59.000000
71.000000
57.000000
53.000000
93.000000
70.000000
49.000000
59.000000
47.000000
34.000000
48.000000
43.000000
42.000000
29.000000
23.000000
47.000000
35.000000
35.000000
39.000000
48.000000
45.000000
67.000000
65.000000
59.000000
52.000000
49.000000
71.000000
59.000000
59.000000
82.000000
63.000000
68.000000
86.000000
43.000000
54.000000
24.000000
39.000000
45.000000
22.000000
39.000000
33.000000
42.000000
36.000000
67.000000
57.000000
74.000000
83.000000
94.000000
104.000000
103.000000
135.000000
122.000000
107.000000
125.000000
89.000000
104.000000
94.000000
125.000000
72.000000
51.000000
49.000000
44.000000
51.000000
52.000000
55.000000
63.000000
77.000000
106.000000
113.000000
134.000000
143.000000
182.000000
268.000000
246.000000
204.000000
245.000000
249.000000
218.000000
356.000000
534.000000
512.000000
257.000000
182.000000
134.000000
96.000000
91.000000
96.000000
117.000000
153.000000
152.000000
202.000000
227.000000
285.000000
259.000000
263.000000
376.000000
332.000000
290.000000
416.000000
492.000000
477.000000
594.000000
2273.000000
4517.000000
2583.000000
709.000000
653.000000
304.000000
221.000000
209.000000
232.000000
232.000000
212.000000
217.000000
278.000000
294.000000
269.000000
250.000000
217.000000
252.000000
192.000000
259.000000
179.000000
170.000000
166.000000
189.000000
161.000000
161.000000
119.000000
113.000000
99.000000
74.000000
52.000000
44.000000
40.000000
48.000000
41.000000
52.000000
63.000000
56.000000
49.000000
49.000000
68.000000
56.000000
75.000000
65.000000
86.000000
108.000000
69.000000
70.000000
62.000000
59.000000
57.000000
71.000000
44.000000
21.000000
36.000000
31.000000
18.000000
27.000000
24.000000
33.000000
53.000000
42.000000
46.000000
39.000000
40.000000
30.000000
47.000000
56.000000
61.000000
52.000000
37.000000
50.000000
54.000000
49.000000
50.000000
50.000000
24.000000
25.000000
21.000000
18.000000
16.000000
22.000000
24.000000
25.000000
31.000000
19.000000
46.000000
53.000000
46.000000
89.000000
117.000000
46.000000
63.000000
50.000000
51.000000
45.000000
50.000000
42.000000
52.000000
30.000000
44.000000
18.000000
29.000000
18.000000
18.000000
17.000000
19.000000
16.000000
16.000000
19.000000
36.000000
19.000000
31.000000
35.000000
47.000000
43.000000
47.000000
39.000000
45.000000
30.000000
34.000000
40.000000
46.000000
28.000000
19.000000
20.000000
23.000000
21.000000
13.000000
26.000000
7.000000
18.000000
25.000000
22.000000
17.000000
37.000000
35.000000
25.000000
34.000000
29.000000
59.000000
34.000000
31.000000
37.000000
32.000000
40.000000
39.000000
25.000000
24.000000
19.000000
20.000000
17.000000
18.000000
20.000000
15.000000
11.000000
16.000000
35.000000
30.000000
28.000000
37.000000
42.000000
51.000000
30.000000
48.000000
39.000000
43.000000
39.000000
46.000000
66.000000
