2690.000000
2076.000000
1546.000000
1171.000000
766.000000
634.000000
573.000000
581.000000
623.000000
645.000000
703.000000
839.000000
883.000000
976.000000
964.000000
1003.000000
1038.000000
947.000000
871.000000
905.000000
898.000000
928.000000
871.000000
922.000000
884.000000
731.000000
585.000000
415.000000
346.000000
335.000000
345.000000
320.000000
325.000000
402.000000
473.000000
509.000000
588.000000
627.000000
674.000000
689.000000
717.000000
727.000000
684.000000
686.000000
632.000000
609.000000
590.000000
640.000000
626.000000
504.000000
499.000000
329.000000
352.000000
284.000000
271.000000
264.000000
287.000000
366.000000
367.000000
401.000000
485.000000
530.000000
670.000000
1222.000000
1625.000000
1170.000000
684.000000
691.000000
665.000000
639.000000
642.000000
529.000000
460.000000
431.000000
500.000000
351.000000
337.000000
296.000000
267.000000
244.000000
277.000000
313.000000
344.000000
330.000000
432.000000
465.000000
496.000000
542.000000
576.000000
588.000000
618.000000
657.000000
830.000000
850.000000
739.000000
666.000000
608.000000
620.000000
518.000000
452.000000
378.000000
295.000000
334.000000
303.000000
379.000000
351.000000
441.000000
584.000000
697.000000
645.000000
638.000000
672.000000
720.000000
687.000000
653.000000
694.000000
714.000000
679.000000
662.000000
733.000000
593.000000
560.000000
453.000000
387.000000
339.000000
300.000000
276.000000
284.000000
316.000000
303.000000
361.000000
399.000000
457.000000
527.000000
646.000000
832.000000
863.000000
767.000000
781.000000
712.000000
753.000000
808.000000
861.000000
1110.000000
2003.000000
1601.000000
887.000000
637.000000
533.000000
472.000000
449.000000
470.000000
557.000000
595.000000
647.000000
769.000000
837.000000
928.000000
919.000000
1056.000000
1145.000000
1194.000000
1224.000000
1179.000000
1283.000000
1654.000000
3981.000000
10473.000000
11635.000000
5721.000000
3263.000000
2057.000000
1727.000000
1582.000000
1552.000000
1480.000000
1658.000000
1702.000000
2046.000000
2078.000000
2068.000000
1993.000000
2059.000000
2061.000000
2105.000000
2104.000000
2066.000000
1957.000000
1857.000000
1670.000000
1587.000000
1551.000000
1443.000000
1410.000000
936.000000
788.000000
645.000000
596.000000
616.000000
608.000000
685.000000
689.000000
828.000000
819.000000
821.000000
980.000000
951.000000
1018.000000
1108.000000
1275.000000
1183.000000
1067.000000
1083.000000
1010.000000
952.000000
949.000000
920.000000
833.000000
609.000000
520.000000
450.000000
454.000000
450.000000
395.000000
420.000000
423.000000
492.000000
605.000000
636.000000
653.000000
674.000000
823.000000
763.000000
813.000000
768.000000
773.000000
890.000000
853.000000
789.000000
821.000000
647.000000
694.000000
568.000000
440.000000
437.000000
366.000000
334.000000
344.000000
346.000000
384.000000
449.000000
521.000000
544.000000
561.000000
618.000000
638.000000
782.000000
779.000000
1003.000000
2029.000000
1894.000000
1659.000000
985.000000
884.000000
788.000000
787.000000
757.000000
600.000000
474.000000
452.000000
404.000000
360.000000
349.000000
401.000000
454.000000
421.000000
557.000000
549.000000
620.000000
622.000000
619.000000
645.000000
603.000000
578.000000
632.000000
622.000000
559.000000
552.000000
498.000000
444.000000
408.000000
335.000000
293.000000
259.000000
249.000000
250.000000
293.000000
294.000000
370.000000
375.000000
401.000000
437.000000
512.000000
605.000000
568.000000
628.000000
578.000000
618.000000
566.000000
585.000000
601.000000
592.000000
599.000000
566.000000
394.000000
305.000000
295.000000
280.000000
268.000000
228.000000
276.000000
325.000000
365.000000
394.000000
458.000000
517.000000
464.000000
548.000000
520.000000
600.000000
589.000000
510.000000
522.000000
462.000000
537.000000
592.000000
627.000000
