407.000000
400.000000
193.000000
143.000000
134.000000
130.000000
120.000000
128.000000
115.000000
106.000000
104.000000
127.000000
143.000000
156.000000
137.000000
148.000000
165.000000
173.000000
231.000000
174.000000
207.000000
209.000000
189.000000
215.000000
233.000000
204.000000
171.000000
153.000000
132.000000
123.000000
85.000000
131.000000
116.000000
108.000000
117.000000
136.000000
105.000000
132.000000
144.000000
146.000000
183.000000
197.000000
209.000000
237.000000
209.000000
181.000000
198.000000
208.000000
204.000000
210.000000
184.000000
132.000000
145.000000
128.000000
125.000000
129.000000
98.000000
119.000000
107.000000
137.000000
143.000000
169.000000
154.000000
152.000000
254.000000
216.000000
213.000000
235.000000
223.000000
215.000000
215.000000
205.000000
207.000000
229.000000
183.000000
180.000000
145.000000
124.000000
112.000000
126.000000
101.000000
98.000000
148.000000
116.000000
158.000000
181.000000
167.000000
168.000000
205.000000
204.000000
301.000000
278.000000
254.000000
269.000000
355.000000
500.000000
797.000000
831.000000
547.000000
357.000000
307.000000
294.000000
302.000000
202.000000
251.000000
222.000000
253.000000
228.000000
248.000000
250.000000
315.000000
234.000000
293.000000
298.000000
324.000000
337.000000
330.000000
298.000000
351.000000
330.000000
285.000000
273.000000
242.000000
213.000000
244.000000
211.000000
183.000000
168.000000
175.000000
171.000000
162.000000
173.000000
214.000000
233.000000
268.000000
229.000000
250.000000
283.000000
296.000000
337.000000
365.000000
394.000000
397.000000
431.000000
360.000000
345.000000
323.000000
268.000000
232.000000
277.000000
225.000000
227.000000
222.000000
210.000000
299.000000
285.000000
363.000000
388.000000
393.000000
476.000000
537.000000
544.000000
577.000000
640.000000
698.000000
733.000000
1048.000000
4111.000000
7756.000000
5323.000000
1413.000000
932.000000
686.000000
622.000000
873.000000
794.000000
615.000000
587.000000
543.000000
602.000000
594.000000
656.000000
548.000000
569.000000
617.000000
629.000000
630.000000
639.000000
606.000000
635.000000
712.000000
635.000000
703.000000
737.000000
454.000000
370.000000
306.000000
264.000000
264.000000
232.000000
229.000000
226.000000
249.000000
236.000000
257.000000
258.000000
285.000000
260.000000
326.000000
332.000000
299.000000
358.000000
323.000000
360.000000
340.000000
310.000000
331.000000
345.000000
245.000000
227.000000
227.000000
180.000000
182.000000
181.000000
164.000000
143.000000
169.000000
189.000000
173.000000
183.000000
210.000000
236.000000
260.000000
253.000000
287.000000
297.000000
268.000000
244.000000
250.000000
256.000000
246.000000
237.000000
201.000000
158.000000
181.000000
162.000000
141.000000
138.000000
143.000000
123.000000
167.000000
153.000000
162.000000
159.000000
188.000000
202.000000
246.000000
257.000000
367.000000
418.000000
431.000000
385.000000
441.000000
394.000000
343.000000
327.000000
232.000000
271.000000
230.000000
229.000000
182.000000
167.000000
177.000000
173.000000
164.000000
155.000000
175.000000
200.000000
215.000000
231.000000
262.000000
267.000000
279.000000
304.000000
312.000000
319.000000
321.000000
323.000000
288.000000
276.000000
229.000000
208.000000
188.000000
152.000000
161.000000
145.000000
116.000000
136.000000
139.000000
157.000000
148.000000
182.000000
190.000000
222.000000
232.000000
222.000000
243.000000
233.000000
231.000000
228.000000
230.000000
258.000000
262.000000
223.000000
200.000000
154.000000
138.000000
140.000000
127.000000
117.000000
122.000000
123.000000
115.000000
163.000000
163.000000
181.000000
198.000000
206.000000
262.000000
308.000000
293.000000
315.000000
264.000000
266.000000
273.000000
274.000000
386.000000
