133.000000
107.000000
138.000000
99.000000
102.000000
96.000000
86.000000
87.000000
69.000000
79.000000
52.000000
88.000000
100.000000
103.000000
100.000000
94.000000
87.000000
153.000000
146.000000
130.000000
127.000000
146.000000
114.000000
130.000000
106.000000
135.000000
87.000000
92.000000
69.000000
64.000000
60.000000
78.000000
49.000000
68.000000
90.000000
82.000000
75.000000
81.000000
68.000000
94.000000
82.000000
116.000000
146.000000
126.000000
179.000000
139.000000
152.000000
134.000000
133.000000
123.000000
117.000000
84.000000
79.000000
85.000000
69.000000
78.000000
63.000000
69.000000
81.000000
73.000000
83.000000
100.000000
91.000000
153.000000
138.000000
135.000000
265.000000
295.000000
269.000000
212.000000
163.000000
164.000000
155.000000
123.000000
152.000000
121.000000
92.000000
95.000000
106.000000
88.000000
95.000000
85.000000
91.000000
82.000000
103.000000
105.000000
111.000000
127.000000
126.000000
152.000000
139.000000
167.000000
200.000000
196.000000
162.000000
162.000000
132.000000
133.000000
93.000000
102.000000
102.000000
94.000000
97.000000
91.000000
67.000000
88.000000
92.000000
76.000000
87.000000
109.000000
111.000000
111.000000
124.000000
142.000000
157.000000
236.000000
158.000000
165.000000
123.000000
150.000000
129.000000
127.000000
97.000000
90.000000
122.000000
71.000000
117.000000
92.000000
70.000000
79.000000
79.000000
82.000000
90.000000
102.000000
111.000000
83.000000
132.000000
122.000000
137.000000
162.000000
160.000000
138.000000
141.000000
168.000000
213.000000
238.000000
170.000000
125.000000
95.000000
110.000000
97.000000
106.000000
92.000000
95.000000
129.000000
111.000000
122.000000
124.000000
131.000000
149.000000
213.000000
169.000000
200.000000
183.000000
238.000000
187.000000
247.000000
587.000000
1204.000000
1080.000000
345.000000
212.000000
233.000000
181.000000
214.000000
261.000000
185.000000
149.000000
182.000000
167.000000
188.000000
183.000000
167.000000
223.000000
191.000000
209.000000
201.000000
221.000000
199.000000
189.000000
180.000000
185.000000
233.000000
190.000000
171.000000
152.000000
125.000000
107.000000
101.000000
120.000000
101.000000
86.000000
102.000000
119.000000
126.000000
145.000000
132.000000
159.000000
189.000000
137.000000
175.000000
180.000000
174.000000
178.000000
150.000000
135.000000
176.000000
145.000000
117.000000
96.000000
99.000000
127.000000
82.000000
73.000000
102.000000
100.000000
86.000000
85.000000
84.000000
96.000000
101.000000
149.000000
132.000000
183.000000
310.000000
440.000000
484.000000
313.000000
309.000000
280.000000
327.000000
339.000000
302.000000
229.000000
222.000000
203.000000
177.000000
191.000000
169.000000
142.000000
156.000000
143.000000
244.000000
194.000000
228.000000
1063.000000
849.000000
671.000000
577.000000
560.000000
437.000000
509.000000
449.000000
440.000000
278.000000
335.000000
272.000000
222.000000
225.000000
172.000000
122.000000
186.000000
146.000000
176.000000
164.000000
151.000000
234.000000
192.000000
218.000000
230.000000
380.000000
369.000000
286.000000
304.000000
283.000000
271.000000
277.000000
264.000000
243.000000
212.000000
195.000000
191.000000
135.000000
129.000000
115.000000
110.000000
131.000000
108.000000
113.000000
132.000000
148.000000
134.000000
168.000000
169.000000
222.000000
192.000000
239.000000
252.000000
206.000000
235.000000
259.000000
522.000000
595.000000
546.000000
335.000000
234.000000
234.000000
218.000000
216.000000
142.000000
178.000000
174.000000
172.000000
175.000000
151.000000
189.000000
168.000000
211.000000
218.000000
235.000000
182.000000
212.000000
195.000000
209.000000
240.000000
223.000000
238.000000
