385.000000
273.000000
207.000000
172.000000
178.000000
194.000000
175.000000
143.000000
190.000000
258.000000
255.000000
259.000000
298.000000
283.000000
343.000000
378.000000
426.000000
345.000000
388.000000
323.000000
441.000000
697.000000
1108.000000
843.000000
559.000000
449.000000
305.000000
247.000000
218.000000
229.000000
247.000000
229.000000
273.000000
249.000000
327.000000
375.000000
340.000000
359.000000
367.000000
388.000000
379.000000
377.000000
384.000000
399.000000
378.000000
330.000000
327.000000
345.000000
274.000000
244.000000
208.000000
187.000000
195.000000
181.000000
138.000000
147.000000
132.000000
196.000000
231.000000
225.000000
269.000000
270.000000
295.000000
300.000000
309.000000
330.000000
358.000000
391.000000
357.000000
318.000000
310.000000
292.000000
250.000000
206.000000
161.000000
167.000000
153.000000
136.000000
140.000000
169.000000
155.000000
179.000000
224.000000
285.000000
274.000000
284.000000
368.000000
474.000000
434.000000
505.000000
549.000000
984.000000
1185.000000
962.000000
434.000000
363.000000
352.000000
338.000000
251.000000
214.000000
175.000000
194.000000
202.000000
216.000000
204.000000
234.000000
254.000000
283.000000
269.000000
356.000000
307.000000
410.000000
364.000000
386.000000
390.000000
443.000000
428.000000
388.000000
341.000000
343.000000
331.000000
289.000000
226.000000
199.000000
194.000000
177.000000
195.000000
138.000000
172.000000
172.000000
199.000000
201.000000
260.000000
286.000000
283.000000
350.000000
373.000000
399.000000
376.000000
339.000000
353.000000
358.000000
376.000000
370.000000
310.000000
284.000000
196.000000
181.000000
157.000000
180.000000
145.000000
169.000000
144.000000
161.000000
211.000000
231.000000
292.000000
343.000000
314.000000
326.000000
299.000000
382.000000
365.000000
375.000000
390.000000
410.000000
683.000000
905.000000
947.000000
525.000000
325.000000
207.000000
180.000000
194.000000
193.000000
212.000000
236.000000
249.000000
276.000000
306.000000
289.000000
358.000000
323.000000
398.000000
432.000000
409.000000
385.000000
344.000000
384.000000
389.000000
386.000000
475.000000
562.000000
388.000000
289.000000
199.000000
188.000000
177.000000
152.000000
168.000000
165.000000
207.000000
223.000000
243.000000
294.000000
287.000000
346.000000
315.000000
429.000000
387.000000
399.000000
407.000000
352.000000
327.000000
365.000000
363.000000
318.000000
314.000000
217.000000
183.000000
201.000000
140.000000
139.000000
135.000000
137.000000
180.000000
183.000000
241.000000
270.000000
320.000000
288.000000
315.000000
382.000000
354.000000
352.000000
324.000000
345.000000
307.000000
305.000000
312.000000
254.000000
251.000000
216.000000
186.000000
171.000000
177.000000
143.000000
190.000000
148.000000
180.000000
173.000000
278.000000
259.000000
263.000000
302.000000
405.000000
387.000000
428.000000
354.000000
368.000000
414.000000
457.000000
437.000000
356.000000
339.000000
292.000000
289.000000
224.000000
197.000000
179.000000
169.000000
171.000000
226.000000
191.000000
289.000000
302.000000
311.000000
345.000000
414.000000
475.000000
547.000000
631.000000
769.000000
2611.000000
3436.000000
2408.000000
997.000000
759.000000
639.000000
585.000000
588.000000
396.000000
356.000000
348.000000
366.000000
305.000000
321.000000
375.000000
396.000000
458.000000
461.000000
457.000000
436.000000
515.000000
513.000000
569.000000
681.000000
571.000000
578.000000
539.000000
538.000000
451.000000
465.000000
392.000000
359.000000
285.000000
257.000000
228.000000
265.000000
231.000000
224.000000
291.000000
265.000000
332.000000
342.000000
351.000000
390.000000
415.000000
433.000000
434.000000
447.000000
419.000000
426.000000
457.000000
496.000000
475.000000
421.000000
