394.000000
392.000000
318.000000
257.000000
198.000000
180.000000
161.000000
149.000000
157.000000
148.000000
162.000000
192.000000
210.000000
239.000000
308.000000
263.000000
297.000000
311.000000
363.000000
339.000000
316.000000
294.000000
308.000000
292.000000
319.000000
306.000000
278.000000
218.000000
157.000000
161.000000
161.000000
168.000000
125.000000
130.000000
170.000000
168.000000
204.000000
270.000000
245.000000
327.000000
285.000000
318.000000
302.000000
345.000000
300.000000
330.000000
393.000000
321.000000
275.000000
262.000000
256.000000
206.000000
182.000000
137.000000
161.000000
110.000000
142.000000
140.000000
179.000000
185.000000
213.000000
242.000000
248.000000
263.000000
240.000000
305.000000
331.000000
333.000000
319.000000
295.000000
295.000000
273.000000
308.000000
260.000000
261.000000
197.000000
174.000000
141.000000
174.000000
155.000000
142.000000
162.000000
176.000000
195.000000
204.000000
268.000000
261.000000
298.000000
355.000000
350.000000
452.000000
421.000000
470.000000
1490.000000
1955.000000
2392.000000
870.000000
686.000000
870.000000
592.000000
495.000000
349.000000
334.000000
319.000000
312.000000
307.000000
294.000000
336.000000
396.000000
444.000000
466.000000
469.000000
455.000000
485.000000
592.000000
541.000000
789.000000
738.000000
631.000000
545.000000
470.000000
462.000000
407.000000
410.000000
310.000000
226.000000
189.000000
199.000000
212.000000
210.000000
248.000000
241.000000
309.000000
387.000000
360.000000
380.000000
504.000000
467.000000
475.000000
462.000000
437.000000
395.000000
429.000000
414.000000
536.000000
480.000000
420.000000
304.000000
276.000000
219.000000
226.000000
238.000000
206.000000
205.000000
193.000000
266.000000
369.000000
347.000000
400.000000
379.000000
376.000000
409.000000
509.000000
475.000000
453.000000
498.000000
583.000000
771.000000
1642.000000
1425.000000
894.000000
683.000000
485.000000
348.000000
339.000000
295.000000
338.000000
279.000000
377.000000
375.000000
365.000000
408.000000
438.000000
403.000000
468.000000
435.000000
440.000000
459.000000
479.000000
395.000000
485.000000
433.000000
675.000000
717.000000
515.000000
352.000000
251.000000
197.000000
199.000000
186.000000
178.000000
237.000000
193.000000
217.000000
314.000000
285.000000
327.000000
364.000000
430.000000
436.000000
447.000000
429.000000
453.000000
379.000000
429.000000
423.000000
433.000000
439.000000
361.000000
334.000000
256.000000
212.000000
191.000000
200.000000
169.000000
164.000000
193.000000
198.000000
266.000000
267.000000
333.000000
350.000000
399.000000
363.000000
409.000000
402.000000
452.000000
347.000000
431.000000
396.000000
421.000000
371.000000
315.000000
270.000000
214.000000
226.000000
228.000000
211.000000
186.000000
165.000000
182.000000
212.000000
292.000000
278.000000
246.000000
300.000000
314.000000
340.000000
415.000000
415.000000
384.000000
460.000000
465.000000
456.000000
385.000000
317.000000
258.000000
292.000000
218.000000
230.000000
179.000000
173.000000
150.000000
160.000000
182.000000
192.000000
247.000000
228.000000
266.000000
280.000000
296.000000
323.000000
318.000000
359.000000
445.000000
378.000000
346.000000
373.000000
333.000000
318.000000
280.000000
254.000000
189.000000
185.000000
174.000000
171.000000
184.000000
158.000000
193.000000
224.000000
266.000000
275.000000
358.000000
329.000000
338.000000
418.000000
384.000000
444.000000
401.000000
403.000000
422.000000
957.000000
1762.000000
2051.000000
1223.000000
635.000000
465.000000
306.000000
292.000000
270.000000
298.000000
287.000000
366.000000
411.000000
499.000000
505.000000
485.000000
507.000000
474.000000
495.000000
508.000000
537.000000
500.000000
492.000000
460.000000
465.000000
604.000000
