368.000000
309.000000
284.000000
232.000000
175.000000
152.000000
164.000000
160.000000
159.000000
168.000000
180.000000
177.000000
239.000000
282.000000
258.000000
251.000000
334.000000
366.000000
350.000000
348.000000
338.000000
306.000000
281.000000
316.000000
303.000000
290.000000
278.000000
185.000000
170.000000
195.000000
148.000000
148.000000
138.000000
175.000000
151.000000
206.000000
235.000000
274.000000
338.000000
316.000000
305.000000
366.000000
364.000000
363.000000
401.000000
359.000000
342.000000
325.000000
324.000000
298.000000
278.000000
281.000000
239.000000
177.000000
168.000000
165.000000
153.000000
199.000000
192.000000
198.000000
260.000000
316.000000
386.000000
556.000000
1838.000000
3234.000000
2646.000000
1288.000000
979.000000
939.000000
788.000000
689.000000
580.000000
531.000000
976.000000
573.000000
412.000000
376.000000
292.000000
280.000000
324.000000
288.000000
298.000000
376.000000
434.000000
455.000000
457.000000
435.000000
515.000000
458.000000
466.000000
545.000000
532.000000
526.000000
429.000000
383.000000
367.000000
385.000000
364.000000
292.000000
241.000000
224.000000
186.000000
191.000000
220.000000
207.000000
247.000000
279.000000
283.000000
289.000000
372.000000
389.000000
407.000000
424.000000
458.000000
444.000000
491.000000
423.000000
453.000000
417.000000
493.000000
479.000000
386.000000
275.000000
257.000000
195.000000
193.000000
196.000000
211.000000
197.000000
192.000000
308.000000
264.000000
291.000000
352.000000
333.000000
395.000000
379.000000
431.000000
465.000000
442.000000
376.000000
412.000000
396.000000
424.000000
440.000000
348.000000
235.000000
255.000000
184.000000
198.000000
163.000000
139.000000
179.000000
177.000000
233.000000
276.000000
306.000000
356.000000
308.000000
351.000000
403.000000
495.000000
423.000000
404.000000
352.000000
428.000000
685.000000
1103.000000
985.000000
602.000000
491.000000
313.000000
281.000000
224.000000
237.000000
233.000000
232.000000
229.000000
283.000000
325.000000
383.000000
401.000000
398.000000
375.000000
385.000000
369.000000
418.000000
403.000000
358.000000
347.000000
372.000000
385.000000
344.000000
305.000000
215.000000
170.000000
186.000000
163.000000
133.000000
185.000000
153.000000
206.000000
196.000000
223.000000
234.000000
259.000000
225.000000
317.000000
273.000000
287.000000
361.000000
312.000000
361.000000
315.000000
291.000000
275.000000
331.000000
247.000000
232.000000
156.000000
133.000000
169.000000
168.000000
135.000000
156.000000
145.000000
198.000000
211.000000
242.000000
288.000000
317.000000
339.000000
375.000000
438.000000
1138.000000
1324.000000
1185.000000
818.000000
689.000000
626.000000
588.000000
756.000000
552.000000
467.000000
334.000000
283.000000
294.000000
268.000000
312.000000
316.000000
418.000000
422.000000
466.000000
449.000000
459.000000
548.000000
514.000000
626.000000
550.000000
582.000000
644.000000
651.000000
494.000000
476.000000
430.000000
403.000000
352.000000
241.000000
224.000000
229.000000
261.000000
205.000000
230.000000
231.000000
221.000000
249.000000
315.000000
391.000000
339.000000
425.000000
456.000000
460.000000
472.000000
475.000000
393.000000
399.000000
406.000000
353.000000
335.000000
294.000000
269.000000
213.000000
180.000000
151.000000
190.000000
189.000000
201.000000
182.000000
238.000000
242.000000
311.000000
339.000000
299.000000
371.000000
362.000000
346.000000
382.000000
374.000000
327.000000
334.000000
357.000000
399.000000
300.000000
316.000000
223.000000
186.000000
175.000000
174.000000
139.000000
184.000000
142.000000
184.000000
223.000000
260.000000
297.000000
276.000000
278.000000
305.000000
330.000000
395.000000
374.000000
404.000000
316.000000
331.000000
435.000000
552.000000
