320.000000
301.000000
232.000000
215.000000
223.000000
179.000000
194.000000
236.000000
183.000000
212.000000
257.000000
265.000000
303.000000
277.000000
359.000000
312.000000
466.000000
493.000000
470.000000
433.000000
408.000000
414.000000
463.000000
396.000000
444.000000
448.000000
323.000000
242.000000
221.000000
224.000000
209.000000
210.000000
217.000000
234.000000
253.000000
322.000000
302.000000
372.000000
338.000000
345.000000
449.000000
402.000000
396.000000
425.000000
369.000000
397.000000
332.000000
368.000000
303.000000
274.000000
239.000000
185.000000
185.000000
203.000000
207.000000
164.000000
199.000000
206.000000
248.000000
257.000000
256.000000
297.000000
296.000000
393.000000
381.000000
437.000000
394.000000
425.000000
425.000000
461.000000
609.000000
962.000000
950.000000
524.000000
448.000000
344.000000
294.000000
272.000000
262.000000
322.000000
314.000000
345.000000
343.000000
426.000000
433.000000
394.000000
395.000000
439.000000
405.000000
489.000000
498.000000
566.000000
638.000000
506.000000
493.000000
467.000000
389.000000
355.000000
289.000000
262.000000
229.000000
237.000000
206.000000
197.000000
206.000000
261.000000
287.000000
284.000000
328.000000
338.000000
410.000000
350.000000
429.000000
422.000000
421.000000
500.000000
487.000000
443.000000
554.000000
471.000000
415.000000
359.000000
241.000000
276.000000
211.000000
228.000000
252.000000
233.000000
267.000000
258.000000
312.000000
362.000000
387.000000
444.000000
436.000000
422.000000
515.000000
478.000000
540.000000
526.000000
575.000000
616.000000
584.000000
753.000000
751.000000
481.000000
322.000000
353.000000
269.000000
275.000000
259.000000
297.000000
307.000000
323.000000
355.000000
420.000000
493.000000
534.000000
558.000000
541.000000
663.000000
701.000000
774.000000
749.000000
816.000000
1000.000000
2102.000000
3571.000000
4220.000000
1643.000000
907.000000
626.000000
544.000000
476.000000
507.000000
486.000000
530.000000
649.000000
703.000000
762.000000
734.000000
597.000000
699.000000
615.000000
697.000000
721.000000
711.000000
697.000000
676.000000
636.000000
630.000000
644.000000
508.000000
435.000000
354.000000
411.000000
380.000000
326.000000
326.000000
511.000000
460.000000
480.000000
331.000000
423.000000
451.000000
489.000000
450.000000
453.000000
520.000000
547.000000
485.000000
509.000000
480.000000
494.000000
491.000000
421.000000
402.000000
313.000000
297.000000
240.000000
177.000000
217.000000
212.000000
251.000000
319.000000
264.000000
316.000000
362.000000
355.000000
334.000000
456.000000
342.000000
448.000000
491.000000
559.000000
607.000000
589.000000
508.000000
490.000000
414.000000
480.000000
362.000000
313.000000
299.000000
254.000000
268.000000
235.000000
296.000000
245.000000
283.000000
363.000000
351.000000
392.000000
385.000000
375.000000
425.000000
451.000000
501.000000
538.000000
578.000000
583.000000
543.000000
744.000000
1270.000000
1551.000000
838.000000
555.000000
405.000000
383.000000
364.000000
385.000000
405.000000
395.000000
405.000000
458.000000
465.000000
518.000000
430.000000
514.000000
529.000000
580.000000
569.000000
607.000000
561.000000
541.000000
486.000000
503.000000
540.000000
439.000000
331.000000
283.000000
248.000000
248.000000
243.000000
240.000000
270.000000
261.000000
280.000000
328.000000
384.000000
418.000000
409.000000
455.000000
442.000000
467.000000
571.000000
608.000000
510.000000
553.000000
559.000000
604.000000
1028.000000
976.000000
585.000000
362.000000
294.000000
285.000000
283.000000
296.000000
294.000000
276.000000
312.000000
352.000000
369.000000
377.000000
440.000000
477.000000
485.000000
523.000000
496.000000
553.000000
594.000000
702.000000
964.000000
1041.000000
955.000000
839.000000
