362.000000
417.000000
339.000000
250.000000
198.000000
159.000000
194.000000
182.000000
174.000000
167.000000
174.000000
232.000000
299.000000
339.000000
308.000000
330.000000
357.000000
400.000000
419.000000
430.000000
415.000000
390.000000
445.000000
854.000000
2418.000000
2345.000000
845.000000
612.000000
478.000000
438.000000
324.000000
322.000000
340.000000
317.000000
360.000000
368.000000
490.000000
538.000000
614.000000
534.000000
539.000000
547.000000
548.000000
545.000000
530.000000
497.000000
461.000000
510.000000
463.000000
395.000000
335.000000
287.000000
249.000000
222.000000
220.000000
210.000000
203.000000
245.000000
201.000000
197.000000
327.000000
376.000000
341.000000
380.000000
550.000000
443.000000
463.000000
489.000000
516.000000
474.000000
570.000000
499.000000
444.000000
398.000000
406.000000
346.000000
302.000000
215.000000
281.000000
225.000000
199.000000
237.000000
216.000000
234.000000
307.000000
344.000000
414.000000
420.000000
542.000000
575.000000
617.000000
1001.000000
3608.000000
4698.000000
1816.000000
1025.000000
917.000000
758.000000
662.000000
875.000000
524.000000
479.000000
409.000000
349.000000
357.000000
286.000000
306.000000
376.000000
444.000000
531.000000
525.000000
535.000000
572.000000
595.000000
512.000000
557.000000
518.000000
518.000000
506.000000
524.000000
593.000000
584.000000
560.000000
374.000000
272.000000
262.000000
235.000000
232.000000
224.000000
242.000000
284.000000
275.000000
290.000000
335.000000
383.000000
419.000000
439.000000
419.000000
451.000000
480.000000
448.000000
428.000000
406.000000
420.000000
587.000000
760.000000
493.000000
331.000000
284.000000
215.000000
216.000000
225.000000
250.000000
272.000000
284.000000
288.000000
338.000000
398.000000
392.000000
464.000000
422.000000
435.000000
440.000000
535.000000
508.000000
458.000000
528.000000
868.000000
1213.000000
1145.000000
781.000000
512.000000
364.000000
286.000000
276.000000
284.000000
237.000000
310.000000
296.000000
305.000000
356.000000
395.000000
389.000000
471.000000
408.000000
442.000000
430.000000
454.000000
392.000000
388.000000
456.000000
422.000000
471.000000
380.000000
341.000000
259.000000
210.000000
156.000000
159.000000
147.000000
118.000000
152.000000
226.000000
252.000000
214.000000
311.000000
288.000000
322.000000
327.000000
350.000000
370.000000
345.000000
361.000000
382.000000
310.000000
308.000000
351.000000
285.000000
264.000000
209.000000
196.000000
190.000000
199.000000
162.000000
165.000000
161.000000
211.000000
235.000000
261.000000
279.000000
329.000000
373.000000
451.000000
597.000000
624.000000
560.000000
430.000000
492.000000
427.000000
427.000000
354.000000
335.000000
327.000000
351.000000
236.000000
211.000000
191.000000
211.000000
175.000000
233.000000
226.000000
203.000000
287.000000
298.000000
319.000000
337.000000
460.000000
486.000000
504.000000
473.000000
520.000000
447.000000
448.000000
421.000000
378.000000
404.000000
339.000000
308.000000
230.000000
200.000000
175.000000
172.000000
197.000000
181.000000
203.000000
206.000000
242.000000
336.000000
327.000000
344.000000
388.000000
396.000000
429.000000
423.000000
385.000000
404.000000
410.000000
622.000000
1763.000000
1879.000000
1032.000000
606.000000
482.000000
408.000000
334.000000
290.000000
303.000000
339.000000
369.000000
402.000000
416.000000
490.000000
485.000000
533.000000
539.000000
528.000000
512.000000
448.000000
444.000000
491.000000
452.000000
526.000000
640.000000
753.000000
632.000000
393.000000
334.000000
259.000000
249.000000
218.000000
192.000000
219.000000
260.000000
312.000000
318.000000
315.000000
353.000000
416.000000
413.000000
486.000000
511.000000
400.000000
401.000000
502.000000
494.000000
510.000000
638.000000
