384.000000
335.000000
337.000000
295.000000
234.000000
249.000000
238.000000
201.000000
226.000000
231.000000
287.000000
295.000000
369.000000
370.000000
346.000000
410.000000
446.000000
452.000000
448.000000
451.000000
425.000000
452.000000
397.000000
439.000000
356.000000
312.000000
268.000000
322.000000
283.000000
216.000000
217.000000
202.000000
237.000000
256.000000
311.000000
283.000000
287.000000
355.000000
363.000000
360.000000
446.000000
408.000000
455.000000
415.000000
472.000000
453.000000
457.000000
477.000000
402.000000
361.000000
319.000000
253.000000
233.000000
251.000000
235.000000
241.000000
231.000000
270.000000
278.000000
334.000000
380.000000
493.000000
654.000000
1237.000000
1022.000000
829.000000
674.000000
561.000000
576.000000
599.000000
542.000000
533.000000
570.000000
471.000000
369.000000
362.000000
324.000000
257.000000
292.000000
272.000000
293.000000
326.000000
348.000000
327.000000
415.000000
417.000000
464.000000
508.000000
478.000000
523.000000
483.000000
509.000000
498.000000
532.000000
469.000000
427.000000
410.000000
362.000000
267.000000
304.000000
213.000000
208.000000
236.000000
201.000000
246.000000
233.000000
256.000000
319.000000
305.000000
331.000000
352.000000
394.000000
439.000000
560.000000
560.000000
503.000000
523.000000
509.000000
503.000000
479.000000
448.000000
386.000000
303.000000
342.000000
230.000000
248.000000
225.000000
238.000000
250.000000
271.000000
274.000000
366.000000
428.000000
427.000000
401.000000
544.000000
506.000000
490.000000
515.000000
575.000000
500.000000
514.000000
543.000000
705.000000
754.000000
470.000000
408.000000
294.000000
277.000000
260.000000
256.000000
275.000000
247.000000
266.000000
333.000000
390.000000
395.000000
396.000000
487.000000
466.000000
563.000000
590.000000
670.000000
652.000000
579.000000
699.000000
1012.000000
1168.000000
1257.000000
708.000000
483.000000
369.000000
317.000000
344.000000
345.000000
320.000000
341.000000
354.000000
374.000000
369.000000
408.000000
457.000000
466.000000
514.000000
490.000000
532.000000
670.000000
580.000000
593.000000
572.000000
520.000000
520.000000
481.000000
475.000000
332.000000
273.000000
257.000000
216.000000
243.000000
257.000000
267.000000
277.000000
304.000000
316.000000
337.000000
364.000000
342.000000
392.000000
413.000000
480.000000
507.000000
463.000000
453.000000
443.000000
495.000000
390.000000
348.000000
374.000000
274.000000
243.000000
248.000000
204.000000
248.000000
226.000000
180.000000
249.000000
284.000000
292.000000
337.000000
411.000000
402.000000
366.000000
444.000000
438.000000
495.000000
452.000000
576.000000
500.000000
547.000000
511.000000
472.000000
382.000000
335.000000
249.000000
291.000000
207.000000
255.000000
226.000000
247.000000
261.000000
338.000000
349.000000
318.000000
352.000000
386.000000
449.000000
475.000000
541.000000
575.000000
574.000000
510.000000
615.000000
983.000000
1778.000000
1365.000000
812.000000
542.000000
424.000000
400.000000
431.000000
365.000000
371.000000
376.000000
357.000000
403.000000
424.000000
406.000000
451.000000
472.000000
471.000000
484.000000
489.000000
538.000000
572.000000
494.000000
527.000000
495.000000
443.000000
766.000000
377.000000
322.000000
273.000000
271.000000
235.000000
263.000000
254.000000
254.000000
272.000000
305.000000
356.000000
371.000000
370.000000
375.000000
428.000000
549.000000
497.000000
515.000000
504.000000
496.000000
570.000000
493.000000
517.000000
432.000000
518.000000
380.000000
295.000000
262.000000
266.000000
281.000000
261.000000
276.000000
264.000000
334.000000
346.000000
398.000000
338.000000
376.000000
495.000000
573.000000
595.000000
529.000000
534.000000
573.000000
517.000000
563.000000
663.000000
941.000000
