360.000000
376.000000
328.000000
296.000000
250.000000
195.000000
232.000000
189.000000
182.000000
189.000000
210.000000
226.000000
223.000000
313.000000
338.000000
395.000000
493.000000
609.000000
573.000000
546.000000
563.000000
599.000000
602.000000
533.000000
520.000000
479.000000
552.000000
384.000000
340.000000
290.000000
250.000000
254.000000
266.000000
267.000000
308.000000
367.000000
388.000000
388.000000
432.000000
474.000000
517.000000
471.000000
460.000000
472.000000
494.000000
496.000000
419.000000
377.000000
419.000000
390.000000
394.000000
299.000000
262.000000
231.000000
229.000000
223.000000
213.000000
228.000000
212.000000
269.000000
302.000000
398.000000
416.000000
424.000000
440.000000
453.000000
481.000000
500.000000
497.000000
496.000000
532.000000
1270.000000
1822.000000
2189.000000
1273.000000
1033.000000
780.000000
638.000000
657.000000
587.000000
575.000000
624.000000
697.000000
698.000000
668.000000
807.000000
826.000000
708.000000
652.000000
596.000000
723.000000
605.000000
590.000000
635.000000
545.000000
532.000000
511.000000
445.000000
404.000000
394.000000
288.000000
252.000000
283.000000
266.000000
237.000000
259.000000
222.000000
319.000000
323.000000
344.000000
348.000000
378.000000
399.000000
413.000000
451.000000
464.000000
493.000000
537.000000
479.000000
389.000000
411.000000
372.000000
383.000000
292.000000
251.000000
214.000000
232.000000
185.000000
214.000000
215.000000
214.000000
238.000000
283.000000
365.000000
394.000000
367.000000
433.000000
430.000000
497.000000
435.000000
520.000000
471.000000
536.000000
458.000000
459.000000
457.000000
403.000000
328.000000
302.000000
250.000000
198.000000
267.000000
241.000000
234.000000
234.000000
301.000000
454.000000
489.000000
512.000000
567.000000
601.000000
579.000000
615.000000
631.000000
710.000000
698.000000
750.000000
1420.000000
2860.000000
2385.000000
1607.000000
984.000000
676.000000
616.000000
490.000000
520.000000
471.000000
495.000000
580.000000
704.000000
774.000000
827.000000
787.000000
718.000000
845.000000
725.000000
682.000000
691.000000
729.000000
715.000000
679.000000
646.000000
659.000000
622.000000
514.000000
476.000000
326.000000
264.000000
224.000000
219.000000
271.000000
225.000000
273.000000
290.000000
328.000000
373.000000
322.000000
341.000000
386.000000
415.000000
448.000000
420.000000
433.000000
415.000000
399.000000
470.000000
432.000000
429.000000
318.000000
256.000000
232.000000
217.000000
177.000000
196.000000
181.000000
191.000000
192.000000
242.000000
224.000000
263.000000
261.000000
264.000000
318.000000
362.000000
385.000000
335.000000
381.000000
351.000000
346.000000
352.000000
296.000000
290.000000
217.000000
213.000000
209.000000
182.000000
193.000000
175.000000
133.000000
153.000000
188.000000
222.000000
248.000000
260.000000
295.000000
295.000000
357.000000
327.000000
376.000000
376.000000
407.000000
381.000000
419.000000
350.000000
385.000000
286.000000
267.000000
260.000000
220.000000
182.000000
202.000000
167.000000
198.000000
174.000000
181.000000
216.000000
225.000000
229.000000
237.000000
303.000000
301.000000
373.000000
406.000000
409.000000
411.000000
432.000000
449.000000
489.000000
1064.000000
1387.000000
733.000000
468.000000
331.000000
345.000000
341.000000
359.000000
291.000000
315.000000
362.000000
406.000000
405.000000
474.000000
450.000000
530.000000
535.000000
528.000000
548.000000
558.000000
524.000000
531.000000
528.000000
464.000000
416.000000
404.000000
333.000000
337.000000
288.000000
268.000000
269.000000
248.000000
258.000000
262.000000
303.000000
291.000000
314.000000
366.000000
351.000000
437.000000
364.000000
495.000000
529.000000
557.000000
454.000000
557.000000
440.000000
444.000000
468.000000
