371.000000
297.000000
273.000000
248.000000
232.000000
198.000000
256.000000
209.000000
258.000000
190.000000
259.000000
297.000000
263.000000
302.000000
354.000000
363.000000
364.000000
360.000000
419.000000
399.000000
457.000000
419.000000
444.000000
428.000000
370.000000
315.000000
276.000000
238.000000
184.000000
176.000000
167.000000
185.000000
166.000000
212.000000
244.000000
272.000000
290.000000
269.000000
282.000000
363.000000
344.000000
366.000000
403.000000
402.000000
348.000000
403.000000
386.000000
375.000000
444.000000
306.000000
276.000000
222.000000
182.000000
166.000000
266.000000
258.000000
232.000000
234.000000
287.000000
345.000000
291.000000
295.000000
314.000000
378.000000
423.000000
458.000000
485.000000
489.000000
525.000000
536.000000
829.000000
1314.000000
1293.000000
627.000000
387.000000
269.000000
319.000000
275.000000
319.000000
311.000000
364.000000
325.000000
345.000000
359.000000
347.000000
350.000000
357.000000
378.000000
422.000000
473.000000
491.000000
475.000000
515.000000
466.000000
503.000000
531.000000
538.000000
426.000000
390.000000
312.000000
233.000000
304.000000
306.000000
292.000000
269.000000
296.000000
261.000000
378.000000
351.000000
432.000000
386.000000
388.000000
444.000000
506.000000
471.000000
513.000000
494.000000
493.000000
478.000000
424.000000
384.000000
348.000000
295.000000
249.000000
218.000000
250.000000
207.000000
254.000000
228.000000
236.000000
280.000000
278.000000
292.000000
328.000000
285.000000
335.000000
365.000000
365.000000
471.000000
423.000000
476.000000
455.000000
498.000000
607.000000
595.000000
404.000000
283.000000
271.000000
218.000000
212.000000
211.000000
204.000000
253.000000
276.000000
269.000000
319.000000
349.000000
329.000000
383.000000
347.000000
406.000000
406.000000
423.000000
476.000000
505.000000
487.000000
728.000000
1277.000000
1301.000000
635.000000
458.000000
308.000000
277.000000
297.000000
257.000000
292.000000
296.000000
302.000000
303.000000
337.000000
437.000000
376.000000
404.000000
439.000000
506.000000
399.000000
455.000000
475.000000
428.000000
438.000000
459.000000
479.000000
402.000000
364.000000
291.000000
221.000000
202.000000
221.000000
212.000000
157.000000
207.000000
248.000000
248.000000
302.000000
336.000000
323.000000
319.000000
414.000000
321.000000
430.000000
390.000000
425.000000
415.000000
363.000000
419.000000
382.000000
333.000000
272.000000
252.000000
236.000000
219.000000
198.000000
187.000000
183.000000
193.000000
215.000000
235.000000
269.000000
298.000000
348.000000
371.000000
354.000000
391.000000
436.000000
448.000000
467.000000
535.000000
531.000000
652.000000
967.000000
1044.000000
534.000000
376.000000
295.000000
251.000000
238.000000
259.000000
266.000000
289.000000
299.000000
293.000000
333.000000
288.000000
329.000000
432.000000
410.000000
377.000000
503.000000
577.000000
493.000000
554.000000
519.000000
474.000000
494.000000
414.000000
374.000000
321.000000
250.000000
216.000000
250.000000
206.000000
222.000000
190.000000
206.000000
219.000000
295.000000
306.000000
333.000000
348.000000
360.000000
429.000000
519.000000
455.000000
540.000000
436.000000
510.000000
428.000000
494.000000
531.000000
410.000000
329.000000
285.000000
266.000000
222.000000
233.000000
205.000000
250.000000
232.000000
291.000000
297.000000
302.000000
385.000000
340.000000
414.000000
507.000000
487.000000
467.000000
501.000000
515.000000
481.000000
479.000000
662.000000
740.000000
553.000000
404.000000
293.000000
284.000000
297.000000
256.000000
256.000000
302.000000
277.000000
316.000000
333.000000
359.000000
416.000000
429.000000
411.000000
391.000000
449.000000
470.000000
488.000000
508.000000
470.000000
454.000000
436.000000
378.000000
