425.000000
348.000000
251.000000
264.000000
174.000000
179.000000
169.000000
143.000000
185.000000
161.000000
202.000000
242.000000
276.000000
275.000000
269.000000
255.000000
324.000000
372.000000
365.000000
375.000000
332.000000
377.000000
695.000000
1201.000000
941.000000
465.000000
383.000000
247.000000
241.000000
221.000000
180.000000
194.000000
177.000000
206.000000
240.000000
235.000000
318.000000
277.000000
311.000000
404.000000
388.000000
374.000000
364.000000
436.000000
392.000000
374.000000
340.000000
356.000000
336.000000
357.000000
269.000000
219.000000
208.000000
177.000000
179.000000
168.000000
141.000000
153.000000
180.000000
251.000000
280.000000
315.000000
312.000000
316.000000
352.000000
451.000000
378.000000
411.000000
355.000000
357.000000
366.000000
366.000000
328.000000
315.000000
322.000000
232.000000
200.000000
153.000000
217.000000
162.000000
193.000000
203.000000
216.000000
286.000000
352.000000
395.000000
582.000000
1719.000000
2576.000000
2435.000000
1045.000000
801.000000
752.000000
711.000000
686.000000
522.000000
524.000000
654.000000
549.000000
379.000000
343.000000
288.000000
283.000000
218.000000
226.000000
216.000000
276.000000
355.000000
379.000000
368.000000
431.000000
401.000000
457.000000
550.000000
519.000000
570.000000
593.000000
516.000000
428.000000
427.000000
404.000000
400.000000
301.000000
234.000000
238.000000
209.000000
188.000000
197.000000
196.000000
227.000000
237.000000
282.000000
290.000000
363.000000
273.000000
334.000000
413.000000
479.000000
439.000000
455.000000
415.000000
446.000000
470.000000
475.000000
438.000000
393.000000
248.000000
246.000000
203.000000
211.000000
297.000000
209.000000
259.000000
215.000000
275.000000
347.000000
361.000000
473.000000
491.000000
542.000000
599.000000
634.000000
591.000000
650.000000
613.000000
758.000000
1877.000000
3586.000000
4536.000000
1514.000000
898.000000
661.000000
508.000000
453.000000
430.000000
427.000000
384.000000
422.000000
487.000000
561.000000
645.000000
633.000000
622.000000
705.000000
593.000000
580.000000
595.000000
614.000000
616.000000
567.000000
500.000000
643.000000
615.000000
486.000000
367.000000
275.000000
238.000000
245.000000
210.000000
193.000000
198.000000
213.000000
229.000000
289.000000
286.000000
350.000000
391.000000
408.000000
388.000000
393.000000
375.000000
410.000000
422.000000
376.000000
371.000000
377.000000
345.000000
333.000000
260.000000
193.000000
206.000000
185.000000
130.000000
135.000000
126.000000
170.000000
181.000000
222.000000
221.000000
257.000000
246.000000
319.000000
324.000000
352.000000
311.000000
330.000000
319.000000
283.000000
282.000000
359.000000
315.000000
237.000000
207.000000
164.000000
170.000000
167.000000
158.000000
139.000000
124.000000
122.000000
152.000000
193.000000
202.000000
241.000000
240.000000
268.000000
284.000000
290.000000
339.000000
284.000000
326.000000
257.000000
300.000000
271.000000
254.000000
247.000000
222.000000
208.000000
149.000000
171.000000
132.000000
109.000000
123.000000
145.000000
154.000000
211.000000
210.000000
219.000000
264.000000
297.000000
264.000000
316.000000
722.000000
1795.000000
2291.000000
907.000000
590.000000
536.000000
424.000000
358.000000
312.000000
234.000000
196.000000
182.000000
183.000000
155.000000
178.000000
172.000000
165.000000
234.000000
278.000000
297.000000
280.000000
328.000000
297.000000
373.000000
328.000000
298.000000
323.000000
314.000000
326.000000
354.000000
367.000000
370.000000
272.000000
230.000000
174.000000
191.000000
146.000000
155.000000
159.000000
147.000000
178.000000
246.000000
212.000000
257.000000
272.000000
298.000000
283.000000
366.000000
316.000000
324.000000
313.000000
273.000000
396.000000
517.000000
462.000000
