440.000000
407.000000
317.000000
279.000000
239.000000
270.000000
259.000000
237.000000
256.000000
280.000000
341.000000
304.000000
316.000000
358.000000
371.000000
400.000000
426.000000
451.000000
478.000000
415.000000
453.000000
466.000000
475.000000
425.000000
448.000000
389.000000
277.000000
302.000000
252.000000
254.000000
220.000000
247.000000
217.000000
247.000000
304.000000
293.000000
354.000000
371.000000
364.000000
363.000000
432.000000
433.000000
437.000000
518.000000
441.000000
455.000000
451.000000
431.000000
371.000000
333.000000
274.000000
264.000000
257.000000
226.000000
235.000000
228.000000
323.000000
215.000000
298.000000
353.000000
360.000000
415.000000
371.000000
405.000000
431.000000
460.000000
501.000000
473.000000
512.000000
485.000000
442.000000
452.000000
469.000000
426.000000
408.000000
264.000000
265.000000
265.000000
237.000000
270.000000
207.000000
274.000000
264.000000
349.000000
363.000000
384.000000
460.000000
541.000000
568.000000
612.000000
603.000000
572.000000
562.000000
652.000000
986.000000
1383.000000
1850.000000
929.000000
631.000000
493.000000
448.000000
445.000000
427.000000
425.000000
451.000000
410.000000
488.000000
533.000000
543.000000
624.000000
604.000000
591.000000
665.000000
594.000000
692.000000
667.000000
676.000000
572.000000
528.000000
507.000000
516.000000
491.000000
406.000000
301.000000
254.000000
292.000000
232.000000
251.000000
285.000000
261.000000
352.000000
423.000000
425.000000
400.000000
460.000000
498.000000
464.000000
520.000000
563.000000
571.000000
534.000000
547.000000
505.000000
536.000000
454.000000
391.000000
352.000000
274.000000
277.000000
247.000000
265.000000
287.000000
288.000000
309.000000
329.000000
389.000000
525.000000
560.000000
527.000000
537.000000
582.000000
664.000000
657.000000
623.000000
603.000000
670.000000
1377.000000
1838.000000
2213.000000
968.000000
698.000000
497.000000
503.000000
502.000000
463.000000
385.000000
418.000000
448.000000
538.000000
529.000000
554.000000
548.000000
606.000000
568.000000
639.000000
594.000000
729.000000
609.000000
576.000000
585.000000
649.000000
702.000000
697.000000
510.000000
419.000000
341.000000
292.000000
277.000000
304.000000
260.000000
283.000000
328.000000
327.000000
345.000000
436.000000
407.000000
405.000000
455.000000
496.000000
655.000000
629.000000
509.000000
541.000000
501.000000
493.000000
453.000000
492.000000
441.000000
315.000000
256.000000
256.000000
251.000000
231.000000
212.000000
208.000000
238.000000
279.000000
290.000000
319.000000
429.000000
395.000000
392.000000
386.000000
478.000000
490.000000
495.000000
490.000000
492.000000
475.000000
420.000000
395.000000
306.000000
274.000000
208.000000
223.000000
212.000000
252.000000
253.000000
198.000000
289.000000
304.000000
315.000000
339.000000
380.000000
372.000000
396.000000
456.000000
517.000000
859.000000
972.000000
1220.000000
792.000000
737.000000
636.000000
631.000000
600.000000
484.000000
372.000000
317.000000
268.000000
334.000000
273.000000
299.000000
364.000000
388.000000
375.000000
435.000000
443.000000
450.000000
423.000000
576.000000
642.000000
585.000000
638.000000
633.000000
501.000000
516.000000
526.000000
520.000000
406.000000
358.000000
322.000000
285.000000
250.000000
298.000000
227.000000
230.000000
290.000000
311.000000
297.000000
322.000000
388.000000
382.000000
433.000000
447.000000
431.000000
550.000000
556.000000
468.000000
462.000000
454.000000
519.000000
531.000000
372.000000
300.000000
223.000000
258.000000
233.000000
239.000000
249.000000
253.000000
259.000000
279.000000
283.000000
307.000000
398.000000
390.000000
441.000000
465.000000
502.000000
553.000000
545.000000
520.000000
519.000000
588.000000
611.000000
1070.000000
