292.000000
363.000000
300.000000
246.000000
201.000000
151.000000
166.000000
164.000000
171.000000
146.000000
146.000000
206.000000
215.000000
230.000000
315.000000
245.000000
308.000000
388.000000
332.000000
405.000000
385.000000
336.000000
314.000000
310.000000
294.000000
443.000000
316.000000
223.000000
185.000000
157.000000
180.000000
150.000000
126.000000
127.000000
120.000000
197.000000
215.000000
205.000000
264.000000
259.000000
288.000000
350.000000
307.000000
339.000000
288.000000
284.000000
333.000000
325.000000
343.000000
452.000000
313.000000
226.000000
183.000000
198.000000
149.000000
168.000000
138.000000
143.000000
170.000000
176.000000
197.000000
237.000000
275.000000
438.000000
901.000000
1078.000000
1283.000000
785.000000
667.000000
586.000000
624.000000
597.000000
444.000000
431.000000
452.000000
346.000000
330.000000
304.000000
235.000000
241.000000
216.000000
186.000000
215.000000
261.000000
261.000000
325.000000
346.000000
336.000000
428.000000
514.000000
497.000000
500.000000
523.000000
606.000000
583.000000
467.000000
473.000000
432.000000
361.000000
330.000000
259.000000
280.000000
241.000000
228.000000
190.000000
180.000000
182.000000
276.000000
279.000000
330.000000
341.000000
322.000000
376.000000
466.000000
419.000000
466.000000
424.000000
460.000000
435.000000
413.000000
397.000000
381.000000
312.000000
303.000000
266.000000
255.000000
223.000000
192.000000
193.000000
185.000000
170.000000
282.000000
253.000000
339.000000
336.000000
315.000000
502.000000
489.000000
496.000000
582.000000
541.000000
489.000000
490.000000
440.000000
622.000000
725.000000
499.000000
402.000000
358.000000
299.000000
247.000000
210.000000
225.000000
237.000000
312.000000
315.000000
368.000000
432.000000
493.000000
530.000000
512.000000
651.000000
615.000000
681.000000
659.000000
682.000000
987.000000
2421.000000
6947.000000
6441.000000
2738.000000
1760.000000
1244.000000
1060.000000
878.000000
902.000000
771.000000
856.000000
1004.000000
1168.000000
1108.000000
1244.000000
1229.000000
1147.000000
1220.000000
1132.000000
1183.000000
1182.000000
1023.000000
974.000000
1020.000000
948.000000
811.000000
871.000000
649.000000
575.000000
516.000000
459.000000
361.000000
423.000000
349.000000
330.000000
409.000000
449.000000
506.000000
564.000000
611.000000
613.000000
734.000000
704.000000
760.000000
675.000000
700.000000
606.000000
620.000000
515.000000
538.000000
535.000000
479.000000
394.000000
367.000000
305.000000
259.000000
276.000000
265.000000
322.000000
318.000000
323.000000
369.000000
473.000000
458.000000
831.000000
1853.000000
2202.000000
1618.000000
709.000000
672.000000
815.000000
1144.000000
954.000000
728.000000
656.000000
523.000000
471.000000
425.000000
363.000000
318.000000
324.000000
328.000000
246.000000
324.000000
278.000000
292.000000
394.000000
424.000000
401.000000
487.000000
515.000000
554.000000
514.000000
561.000000
563.000000
573.000000
525.000000
494.000000
436.000000
375.000000
318.000000
338.000000
311.000000
238.000000
203.000000
224.000000
215.000000
264.000000
298.000000
271.000000
353.000000
391.000000
422.000000
464.000000
571.000000
568.000000
573.000000
628.000000
641.000000
560.000000
566.000000
494.000000
506.000000
418.000000
404.000000
331.000000
291.000000
305.000000
283.000000
272.000000
275.000000
300.000000
332.000000
349.000000
499.000000
557.000000
475.000000
624.000000
712.000000
773.000000
676.000000
719.000000
700.000000
826.000000
1765.000000
3315.000000
6328.000000
3746.000000
2061.000000
1475.000000
1177.000000
1051.000000
1048.000000
939.000000
934.000000
985.000000
1202.000000
1208.000000
1373.000000
1429.000000
1306.000000
1339.000000
1405.000000
1363.000000
1301.000000
1343.000000
1319.000000
1225.000000
1160.000000
1187.000000
