264.000000
132.000000
96.000000
76.000000
77.000000
65.000000
69.000000
83.000000
44.000000
57.000000
59.000000
68.000000
86.000000
92.000000
100.000000
107.000000
90.000000
125.000000
119.000000
112.000000
124.000000
130.000000
95.000000
148.000000
170.000000
167.000000
121.000000
70.000000
82.000000
66.000000
60.000000
58.000000
73.000000
91.000000
80.000000
91.000000
88.000000
95.000000
92.000000
129.000000
99.000000
140.000000
138.000000
116.000000
118.000000
155.000000
178.000000
154.000000
129.000000
127.000000
105.000000
77.000000
54.000000
75.000000
52.000000
54.000000
56.000000
68.000000
55.000000
80.000000
84.000000
100.000000
81.000000
93.000000
98.000000
117.000000
68.000000
96.000000
117.000000
121.000000
105.000000
92.000000
70.000000
79.000000
80.000000
79.000000
43.000000
53.000000
53.000000
45.000000
45.000000
61.000000
52.000000
66.000000
70.000000
93.000000
102.000000
150.000000
129.000000
173.000000
300.000000
234.000000
153.000000
125.000000
104.000000
103.000000
94.000000
94.000000
101.000000
82.000000
52.000000
65.000000
52.000000
52.000000
68.000000
66.000000
64.000000
60.000000
74.000000
76.000000
89.000000
109.000000
85.000000
113.000000
112.000000
104.000000
155.000000
134.000000
77.000000
122.000000
92.000000
71.000000
79.000000
63.000000
48.000000
43.000000
51.000000
67.000000
67.000000
74.000000
71.000000
80.000000
88.000000
97.000000
132.000000
103.000000
117.000000
177.000000
129.000000
157.000000
138.000000
176.000000
132.000000
154.000000
127.000000
126.000000
115.000000
106.000000
95.000000
99.000000
116.000000
75.000000
114.000000
136.000000
143.000000
189.000000
251.000000
252.000000
291.000000
290.000000
272.000000
376.000000
340.000000
415.000000
468.000000
585.000000
2487.000000
4745.000000
10117.000000
3182.000000
1831.000000
1376.000000
1178.000000
1119.000000
986.000000
903.000000
884.000000
1012.000000
1103.000000
1207.000000
1104.000000
1009.000000
942.000000
971.000000
885.000000
801.000000
782.000000
655.000000
582.000000
582.000000
536.000000
606.000000
769.000000
549.000000
404.000000
331.000000
326.000000
252.000000
242.000000
258.000000
229.000000
260.000000
251.000000
299.000000
334.000000
350.000000
286.000000
323.000000
344.000000
332.000000
316.000000
305.000000
307.000000
323.000000
271.000000
270.000000
277.000000
251.000000
168.000000
162.000000
138.000000
129.000000
141.000000
113.000000
158.000000
187.000000
182.000000
170.000000
191.000000
231.000000
820.000000
622.000000
507.000000
452.000000
398.000000
335.000000
331.000000
313.000000
240.000000
263.000000
204.000000
217.000000
256.000000
210.000000
208.000000
175.000000
157.000000
154.000000
157.000000
178.000000
173.000000
220.000000
240.000000
257.000000
272.000000
229.000000
248.000000
267.000000
190.000000
223.000000
209.000000
185.000000
182.000000
232.000000
183.000000
127.000000
139.000000
118.000000
104.000000
81.000000
95.000000
78.000000
103.000000
107.000000
88.000000
91.000000
124.000000
177.000000
290.000000
331.000000
193.000000
210.000000
180.000000
198.000000
211.000000
183.000000
152.000000
151.000000
181.000000
114.000000
114.000000
93.000000
79.000000
86.000000
75.000000
83.000000
82.000000
94.000000
63.000000
80.000000
99.000000
125.000000
127.000000
159.000000
145.000000
159.000000
155.000000
126.000000
136.000000
120.000000
124.000000
128.000000
112.000000
85.000000
95.000000
89.000000
80.000000
55.000000
71.000000
57.000000
59.000000
75.000000
71.000000
66.000000
70.000000
78.000000
91.000000
133.000000
108.000000
102.000000
95.000000
81.000000
116.000000
104.000000
115.000000
106.000000
88.000000
