124.000000
112.000000
105.000000
97.000000
82.000000
84.000000
62.000000
56.000000
52.000000
61.000000
47.000000
77.000000
72.000000
79.000000
87.000000
90.000000
91.000000
96.000000
126.000000
139.000000
109.000000
153.000000
116.000000
141.000000
204.000000
424.000000
254.000000
205.000000
146.000000
131.000000
115.000000
141.000000
112.000000
84.000000
118.000000
135.000000
133.000000
179.000000
179.000000
192.000000
229.000000
291.000000
217.000000
211.000000
160.000000
161.000000
194.000000
167.000000
191.000000
197.000000
143.000000
129.000000
104.000000
100.000000
92.000000
96.000000
73.000000
73.000000
69.000000
74.000000
116.000000
111.000000
99.000000
120.000000
123.000000
166.000000
157.000000
112.000000
123.000000
139.000000
129.000000
114.000000
125.000000
101.000000
93.000000
80.000000
81.000000
63.000000
71.000000
60.000000
57.000000
53.000000
64.000000
73.000000
101.000000
103.000000
93.000000
129.000000
106.000000
165.000000
182.000000
111.000000
153.000000
246.000000
305.000000
215.000000
191.000000
164.000000
125.000000
133.000000
93.000000
101.000000
81.000000
84.000000
66.000000
84.000000
67.000000
84.000000
78.000000
115.000000
120.000000
144.000000
191.000000
209.000000
206.000000
160.000000
160.000000
192.000000
164.000000
150.000000
145.000000
150.000000
148.000000
116.000000
79.000000
83.000000
64.000000
88.000000
57.000000
76.000000
99.000000
97.000000
85.000000
135.000000
128.000000
103.000000
130.000000
158.000000
201.000000
176.000000
134.000000
139.000000
150.000000
149.000000
148.000000
128.000000
121.000000
110.000000
108.000000
94.000000
64.000000
71.000000
88.000000
87.000000
88.000000
92.000000
131.000000
122.000000
146.000000
120.000000
134.000000
136.000000
150.000000
146.000000
138.000000
173.000000
155.000000
363.000000
533.000000
466.000000
267.000000
152.000000
123.000000
119.000000
169.000000
129.000000
120.000000
90.000000
110.000000
118.000000
153.000000
145.000000
127.000000
137.000000
160.000000
129.000000
169.000000
231.000000
148.000000
183.000000
168.000000
140.000000
181.000000
194.000000
136.000000
118.000000
81.000000
73.000000
56.000000
52.000000
77.000000
57.000000
55.000000
76.000000
57.000000
113.000000
101.000000
114.000000
119.000000
159.000000
131.000000
125.000000
123.000000
123.000000
116.000000
105.000000
124.000000
115.000000
109.000000
91.000000
67.000000
72.000000
59.000000
68.000000
57.000000
81.000000
61.000000
59.000000
87.000000
67.000000
55.000000
60.000000
88.000000
94.000000
96.000000
116.000000
112.000000
91.000000
89.000000
97.000000
107.000000
80.000000
95.000000
81.000000
69.000000
56.000000
60.000000
33.000000
54.000000
48.000000
48.000000
72.000000
53.000000
52.000000
83.000000
79.000000
108.000000
75.000000
97.000000
98.000000
97.000000
109.000000
101.000000
98.000000
100.000000
91.000000
99.000000
79.000000
78.000000
55.000000
68.000000
62.000000
66.000000
52.000000
55.000000
107.000000
69.000000
100.000000
126.000000
368.000000
431.000000
424.000000
313.000000
325.000000
293.000000
292.000000
262.000000
286.000000
214.000000
247.000000
292.000000
164.000000
130.000000
125.000000
109.000000
131.000000
105.000000
96.000000
132.000000
96.000000
163.000000
151.000000
147.000000
152.000000
160.000000
180.000000
198.000000
163.000000
177.000000
170.000000
142.000000
171.000000
154.000000
143.000000
130.000000
113.000000
99.000000
87.000000
71.000000
61.000000
81.000000
76.000000
60.000000
93.000000
100.000000
112.000000
120.000000
126.000000
149.000000
127.000000
121.000000
158.000000
138.000000
147.000000
135.000000
132.000000
150.000000
