96.000000
74.000000
72.000000
71.000000
50.000000
52.000000
36.000000
45.000000
36.000000
52.000000
57.000000
72.000000
50.000000
68.000000
56.000000
96.000000
114.000000
81.000000
67.000000
88.000000
108.000000
89.000000
79.000000
87.000000
85.000000
85.000000
72.000000
41.000000
39.000000
51.000000
35.000000
23.000000
39.000000
43.000000
65.000000
72.000000
68.000000
72.000000
63.000000
96.000000
85.000000
81.000000
121.000000
108.000000
102.000000
94.000000
68.000000
86.000000
75.000000
81.000000
62.000000
51.000000
41.000000
37.000000
42.000000
40.000000
52.000000
55.000000
52.000000
56.000000
77.000000
80.000000
82.000000
75.000000
79.000000
74.000000
76.000000
96.000000
81.000000
91.000000
179.000000
153.000000
128.000000
127.000000
89.000000
70.000000
58.000000
53.000000
52.000000
58.000000
31.000000
40.000000
51.000000
51.000000
58.000000
62.000000
88.000000
74.000000
68.000000
97.000000
118.000000
93.000000
79.000000
112.000000
76.000000
80.000000
104.000000
80.000000
65.000000
48.000000
57.000000
39.000000
52.000000
41.000000
48.000000
48.000000
40.000000
51.000000
61.000000
58.000000
79.000000
77.000000
95.000000
89.000000
83.000000
79.000000
79.000000
86.000000
78.000000
87.000000
89.000000
88.000000
58.000000
66.000000
66.000000
42.000000
40.000000
42.000000
41.000000
33.000000
37.000000
49.000000
58.000000
93.000000
67.000000
86.000000
90.000000
94.000000
109.000000
130.000000
121.000000
147.000000
132.000000
97.000000
107.000000
128.000000
80.000000
85.000000
77.000000
67.000000
60.000000
52.000000
59.000000
52.000000
62.000000
78.000000
105.000000
135.000000
123.000000
185.000000
181.000000
183.000000
196.000000
205.000000
207.000000
202.000000
300.000000
1170.000000
2748.000000
1734.000000
655.000000
392.000000
324.000000
329.000000
270.000000
270.000000
227.000000
198.000000
250.000000
240.000000
296.000000
301.000000
282.000000
282.000000
303.000000
299.000000
302.000000
283.000000
255.000000
246.000000
252.000000
214.000000
204.000000
203.000000
247.000000
211.000000
131.000000
130.000000
103.000000
83.000000
98.000000
84.000000
95.000000
112.000000
126.000000
142.000000
142.000000
136.000000
136.000000
161.000000
152.000000
133.000000
158.000000
150.000000
148.000000
116.000000
116.000000
126.000000
93.000000
86.000000
97.000000
53.000000
41.000000
51.000000
70.000000
54.000000
65.000000
64.000000
65.000000
125.000000
87.000000
103.000000
100.000000
125.000000
141.000000
105.000000
102.000000
95.000000
89.000000
85.000000
95.000000
88.000000
75.000000
64.000000
80.000000
69.000000
55.000000
60.000000
61.000000
51.000000
69.000000
71.000000
51.000000
51.000000
59.000000
77.000000
87.000000
69.000000
98.000000
91.000000
93.000000
98.000000
101.000000
89.000000
117.000000
92.000000
82.000000
67.000000
67.000000
61.000000
58.000000
59.000000
45.000000
32.000000
54.000000
52.000000
66.000000
73.000000
68.000000
86.000000
110.000000
103.000000
135.000000
172.000000
149.000000
116.000000
181.000000
211.000000
129.000000
118.000000
94.000000
89.000000
48.000000
72.000000
50.000000
36.000000
54.000000
54.000000
32.000000
57.000000
45.000000
61.000000
72.000000
53.000000
83.000000
109.000000
107.000000
99.000000
138.000000
86.000000
80.000000
70.000000
100.000000
75.000000
77.000000
55.000000
47.000000
47.000000
45.000000
27.000000
31.000000
31.000000
43.000000
41.000000
50.000000
52.000000
60.000000
57.000000
62.000000
76.000000
86.000000
55.000000
73.000000
84.000000
86.000000
106.000000
85.000000
