421.000000
217.000000
160.000000
190.000000
140.000000
123.000000
121.000000
110.000000
124.000000
121.000000
143.000000
177.000000
205.000000
169.000000
173.000000
258.000000
240.000000
220.000000
211.000000
194.000000
223.000000
233.000000
257.000000
216.000000
210.000000
142.000000
136.000000
136.000000
279.000000
354.000000
127.000000
91.000000
116.000000
107.000000
160.000000
127.000000
192.000000
172.000000
182.000000
249.000000
216.000000
232.000000
235.000000
232.000000
227.000000
180.000000
273.000000
217.000000
212.000000
170.000000
150.000000
120.000000
154.000000
106.000000
126.000000
105.000000
114.000000
134.000000
162.000000
143.000000
156.000000
156.000000
159.000000
172.000000
225.000000
256.000000
249.000000
193.000000
208.000000
223.000000
254.000000
231.000000
207.000000
189.000000
158.000000
134.000000
162.000000
135.000000
153.000000
131.000000
125.000000
137.000000
215.000000
143.000000
199.000000
176.000000
177.000000
217.000000
259.000000
282.000000
319.000000
300.000000
1028.000000
1496.000000
1140.000000
682.000000
531.000000
407.000000
332.000000
300.000000
300.000000
244.000000
249.000000
224.000000
228.000000
259.000000
265.000000
242.000000
290.000000
288.000000
327.000000
303.000000
344.000000
345.000000
334.000000
350.000000
361.000000
344.000000
371.000000
263.000000
304.000000
314.000000
205.000000
161.000000
200.000000
183.000000
185.000000
155.000000
142.000000
180.000000
199.000000
246.000000
242.000000
272.000000
280.000000
307.000000
332.000000
316.000000
373.000000
299.000000
298.000000
333.000000
380.000000
317.000000
353.000000
265.000000
249.000000
200.000000
231.000000
174.000000
184.000000
187.000000
177.000000
203.000000
247.000000
234.000000
282.000000
291.000000
315.000000
351.000000
395.000000
423.000000
381.000000
362.000000
403.000000
524.000000
915.000000
1520.000000
1846.000000
910.000000
481.000000
364.000000
313.000000
324.000000
298.000000
286.000000
288.000000
317.000000
343.000000
338.000000
397.000000
385.000000
348.000000
377.000000
429.000000
357.000000
366.000000
387.000000
399.000000
422.000000
408.000000
696.000000
844.000000
579.000000
407.000000
340.000000
254.000000
211.000000
230.000000
214.000000
238.000000
242.000000
256.000000
337.000000
300.000000
291.000000
335.000000
371.000000
348.000000
323.000000
306.000000
372.000000
330.000000
363.000000
375.000000
343.000000
327.000000
237.000000
200.000000
219.000000
171.000000
165.000000
142.000000
153.000000
116.000000
146.000000
211.000000
188.000000
196.000000
215.000000
229.000000
264.000000
328.000000
317.000000
296.000000
274.000000
258.000000
297.000000
284.000000
283.000000
241.000000
208.000000
224.000000
173.000000
157.000000
154.000000
136.000000
139.000000
134.000000
193.000000
174.000000
182.000000
222.000000
233.000000
213.000000
265.000000
306.000000
578.000000
861.000000
1964.000000
1320.000000
1247.000000
940.000000
802.000000
709.000000
581.000000
505.000000
497.000000
384.000000
317.000000
365.000000
324.000000
326.000000
347.000000
378.000000
351.000000
409.000000
406.000000
447.000000
439.000000
476.000000
469.000000
486.000000
492.000000
460.000000
457.000000
423.000000
401.000000
315.000000
308.000000
269.000000
276.000000
213.000000
187.000000
200.000000
157.000000
164.000000
241.000000
213.000000
246.000000
266.000000
286.000000
306.000000
345.000000
366.000000
378.000000
410.000000
339.000000
339.000000
349.000000
370.000000
401.000000
347.000000
305.000000
230.000000
206.000000
197.000000
213.000000
238.000000
356.000000
336.000000
354.000000
359.000000
405.000000
465.000000
449.000000
441.000000
453.000000
612.000000
617.000000
606.000000
574.000000
647.000000
589.000000
579.000000
719.000000
1469.000000
