261.000000
245.000000
205.000000
172.000000
149.000000
115.000000
160.000000
116.000000
170.000000
152.000000
191.000000
173.000000
237.000000
272.000000
288.000000
276.000000
288.000000
312.000000
274.000000
311.000000
341.000000
320.000000
316.000000
304.000000
270.000000
270.000000
191.000000
175.000000
142.000000
149.000000
143.000000
117.000000
133.000000
134.000000
207.000000
203.000000
251.000000
257.000000
276.000000
261.000000
299.000000
285.000000
332.000000
379.000000
360.000000
288.000000
303.000000
312.000000
321.000000
317.000000
242.000000
184.000000
150.000000
130.000000
137.000000
121.000000
132.000000
158.000000
199.000000
199.000000
246.000000
289.000000
295.000000
457.000000
550.000000
672.000000
876.000000
1344.000000
699.000000
571.000000
525.000000
415.000000
414.000000
454.000000
347.000000
225.000000
219.000000
190.000000
175.000000
209.000000
190.000000
170.000000
231.000000
291.000000
279.000000
301.000000
321.000000
302.000000
363.000000
366.000000
361.000000
408.000000
381.000000
353.000000
306.000000
380.000000
348.000000
266.000000
233.000000
186.000000
174.000000
159.000000
182.000000
175.000000
161.000000
201.000000
269.000000
237.000000
268.000000
282.000000
293.000000
294.000000
334.000000
326.000000
315.000000
374.000000
366.000000
362.000000
369.000000
371.000000
367.000000
292.000000
223.000000
195.000000
180.000000
173.000000
147.000000
173.000000
167.000000
176.000000
175.000000
214.000000
243.000000
276.000000
292.000000
290.000000
302.000000
342.000000
364.000000
427.000000
430.000000
346.000000
370.000000
427.000000
411.000000
382.000000
252.000000
193.000000
177.000000
179.000000
146.000000
158.000000
178.000000
205.000000
243.000000
204.000000
291.000000
350.000000
335.000000
348.000000
377.000000
404.000000
362.000000
406.000000
405.000000
421.000000
850.000000
1295.000000
1406.000000
536.000000
453.000000
333.000000
257.000000
228.000000
226.000000
218.000000
249.000000
221.000000
307.000000
297.000000
384.000000
368.000000
409.000000
387.000000
379.000000
420.000000
371.000000
418.000000
381.000000
387.000000
402.000000
370.000000
352.000000
306.000000
230.000000
198.000000
158.000000
149.000000
161.000000
167.000000
168.000000
172.000000
194.000000
220.000000
253.000000
301.000000
316.000000
345.000000
333.000000
358.000000
375.000000
351.000000
353.000000
353.000000
398.000000
339.000000
361.000000
325.000000
246.000000
158.000000
182.000000
141.000000
129.000000
166.000000
162.000000
152.000000
185.000000
214.000000
306.000000
328.000000
463.000000
967.000000
1422.000000
1875.000000
742.000000
657.000000
648.000000
543.000000
509.000000
456.000000
404.000000
574.000000
448.000000
300.000000
274.000000
230.000000
204.000000
205.000000
203.000000
245.000000
269.000000
301.000000
334.000000
343.000000
332.000000
403.000000
376.000000
499.000000
517.000000
540.000000
636.000000
486.000000
401.000000
435.000000
372.000000
321.000000
257.000000
216.000000
234.000000
196.000000
173.000000
177.000000
171.000000
195.000000
203.000000
233.000000
310.000000
305.000000
310.000000
308.000000
387.000000
390.000000
384.000000
446.000000
366.000000
394.000000
415.000000
345.000000
346.000000
312.000000
271.000000
221.000000
156.000000
177.000000
148.000000
171.000000
175.000000
175.000000
199.000000
214.000000
227.000000
276.000000
268.000000
322.000000
354.000000
345.000000
360.000000
378.000000
370.000000
321.000000
366.000000
428.000000
413.000000
385.000000
273.000000
207.000000
172.000000
178.000000
194.000000
175.000000
143.000000
190.000000
258.000000
255.000000
259.000000
298.000000
283.000000
343.000000
378.000000
426.000000
345.000000
388.000000
323.000000
441.000000
697.000000
1108.000000
843.000000
