321.000000
309.000000
259.000000
184.000000
155.000000
173.000000
178.000000
157.000000
175.000000
162.000000
162.000000
212.000000
197.000000
197.000000
203.000000
225.000000
237.000000
291.000000
246.000000
272.000000
277.000000
266.000000
310.000000
240.000000
260.000000
272.000000
248.000000
190.000000
168.000000
141.000000
119.000000
164.000000
131.000000
127.000000
132.000000
172.000000
196.000000
175.000000
206.000000
223.000000
211.000000
256.000000
315.000000
244.000000
280.000000
256.000000
228.000000
254.000000
246.000000
211.000000
221.000000
191.000000
154.000000
133.000000
168.000000
130.000000
134.000000
151.000000
165.000000
143.000000
171.000000
222.000000
192.000000
268.000000
263.000000
286.000000
289.000000
325.000000
536.000000
675.000000
448.000000
386.000000
382.000000
335.000000
288.000000
230.000000
207.000000
206.000000
174.000000
195.000000
189.000000
166.000000
187.000000
208.000000
209.000000
248.000000
223.000000
253.000000
281.000000
293.000000
291.000000
268.000000
348.000000
368.000000
298.000000
302.000000
266.000000
277.000000
202.000000
222.000000
189.000000
146.000000
171.000000
144.000000
122.000000
145.000000
145.000000
155.000000
161.000000
234.000000
261.000000
288.000000
298.000000
342.000000
343.000000
322.000000
323.000000
305.000000
324.000000
333.000000
311.000000
274.000000
221.000000
204.000000
182.000000
158.000000
158.000000
205.000000
182.000000
188.000000
183.000000
213.000000
235.000000
259.000000
278.000000
330.000000
334.000000
380.000000
373.000000
423.000000
366.000000
426.000000
390.000000
419.000000
591.000000
706.000000
424.000000
330.000000
279.000000
229.000000
270.000000
240.000000
293.000000
299.000000
328.000000
403.000000
422.000000
469.000000
536.000000
663.000000
718.000000
748.000000
871.000000
971.000000
1060.000000
1108.000000
1784.000000
5662.000000
12485.000000
9049.000000
2307.000000
1257.000000
864.000000
756.000000
700.000000
680.000000
653.000000
732.000000
809.000000
814.000000
846.000000
870.000000
823.000000
850.000000
903.000000
809.000000
870.000000
800.000000
799.000000
730.000000
720.000000
586.000000
586.000000
473.000000
403.000000
360.000000
336.000000
299.000000
305.000000
235.000000
557.000000
255.000000
260.000000
255.000000
287.000000
313.000000
319.000000
313.000000
341.000000
371.000000
353.000000
436.000000
378.000000
316.000000
334.000000
360.000000
347.000000
308.000000
248.000000
208.000000
183.000000
158.000000
182.000000
147.000000
168.000000
167.000000
189.000000
209.000000
235.000000
256.000000
247.000000
229.000000
264.000000
237.000000
307.000000
359.000000
713.000000
835.000000
566.000000
498.000000
417.000000
362.000000
300.000000
278.000000
245.000000
211.000000
224.000000
228.000000
218.000000
199.000000
194.000000
265.000000
237.000000
291.000000
290.000000
277.000000
250.000000
322.000000
310.000000
299.000000
377.000000
400.000000
300.000000
354.000000
286.000000
309.000000
235.000000
215.000000
206.000000
155.000000
194.000000
190.000000
144.000000
157.000000
153.000000
161.000000
171.000000
197.000000
187.000000
217.000000
248.000000
288.000000
292.000000
308.000000
276.000000
247.000000
273.000000
316.000000
274.000000
248.000000
195.000000
199.000000
154.000000
163.000000
151.000000
173.000000
149.000000
151.000000
122.000000
190.000000
193.000000
184.000000
217.000000
212.000000
268.000000
245.000000
312.000000
308.000000
306.000000
262.000000
261.000000
274.000000
454.000000
428.000000
297.000000
224.000000
161.000000
121.000000
144.000000
133.000000
151.000000
183.000000
145.000000
157.000000
162.000000
192.000000
221.000000
221.000000
227.000000
225.000000
262.000000
250.000000
253.000000
243.000000
245.000000
267.000000
367.000000
