300.000000
268.000000
311.000000
290.000000
281.000000
292.000000
230.000000
193.000000
176.000000
114.000000
126.000000
144.000000
109.000000
126.000000
152.000000
150.000000
170.000000
235.000000
213.000000
199.000000
218.000000
230.000000
219.000000
276.000000
297.000000
300.000000
243.000000
308.000000
591.000000
787.000000
691.000000
340.000000
243.000000
252.000000
223.000000
256.000000
192.000000
175.000000
147.000000
163.000000
166.000000
212.000000
232.000000
215.000000
309.000000
239.000000
249.000000
259.000000
272.000000
294.000000
305.000000
323.000000
308.000000
293.000000
236.000000
216.000000
199.000000
157.000000
156.000000
151.000000
123.000000
131.000000
138.000000
131.000000
153.000000
164.000000
196.000000
172.000000
207.000000
219.000000
203.000000
201.000000
224.000000
270.000000
251.000000
227.000000
223.000000
213.000000
220.000000
220.000000
136.000000
124.000000
134.000000
145.000000
113.000000
145.000000
120.000000
152.000000
129.000000
164.000000
167.000000
139.000000
181.000000
196.000000
249.000000
258.000000
300.000000
297.000000
297.000000
286.000000
323.000000
244.000000
255.000000
217.000000
160.000000
193.000000
147.000000
137.000000
135.000000
123.000000
170.000000
183.000000
187.000000
210.000000
213.000000
219.000000
194.000000
251.000000
262.000000
249.000000
272.000000
299.000000
276.000000
267.000000
324.000000
479.000000
412.000000
306.000000
211.000000
149.000000
146.000000
160.000000
176.000000
158.000000
153.000000
162.000000
200.000000
213.000000
287.000000
244.000000
236.000000
265.000000
344.000000
363.000000
337.000000
363.000000
397.000000
419.000000
1198.000000
2208.000000
1999.000000
685.000000
418.000000
323.000000
279.000000
268.000000
242.000000
289.000000
281.000000
278.000000
363.000000
383.000000
363.000000
400.000000
532.000000
673.000000
1182.000000
3282.000000
4099.000000
2650.000000
2281.000000
1784.000000
1538.000000
1272.000000
1149.000000
1040.000000
792.000000
669.000000
667.000000
577.000000
620.000000
508.000000
534.000000
563.000000
611.000000
628.000000
718.000000
627.000000
639.000000
664.000000
677.000000
667.000000
673.000000
650.000000
631.000000
609.000000
601.000000
536.000000
526.000000
427.000000
337.000000
308.000000
296.000000
281.000000
255.000000
233.000000
258.000000
277.000000
310.000000
311.000000
380.000000
336.000000
351.000000
494.000000
452.000000
534.000000
478.000000
465.000000
507.000000
542.000000
501.000000
433.000000
401.000000
362.000000
318.000000
233.000000
244.000000
193.000000
207.000000
197.000000
204.000000
253.000000
266.000000
274.000000
292.000000
357.000000
344.000000
368.000000
452.000000
905.000000
1115.000000
1113.000000
692.000000
566.000000
543.000000
487.000000
420.000000
377.000000
326.000000
265.000000
300.000000
224.000000
271.000000
218.000000
234.000000
285.000000
250.000000
229.000000
297.000000
318.000000
322.000000
328.000000
395.000000
397.000000
412.000000
370.000000
371.000000
373.000000
416.000000
341.000000
331.000000
316.000000
242.000000
196.000000
202.000000
187.000000
175.000000
173.000000
192.000000
204.000000
237.000000
237.000000
256.000000
243.000000
240.000000
274.000000
306.000000
322.000000
307.000000
365.000000
319.000000
364.000000
384.000000
321.000000
323.000000
322.000000
293.000000
193.000000
204.000000
222.000000
190.000000
168.000000
176.000000
173.000000
203.000000
224.000000
246.000000
295.000000
309.000000
321.000000
280.000000
316.000000
328.000000
307.000000
338.000000
340.000000
378.000000
335.000000
277.000000
781.000000
709.000000
514.000000
397.000000
310.000000
331.000000
327.000000
307.000000
421.000000
473.000000
538.000000
596.000000
647.000000
625.000000
605.000000
743.000000
648.000000
675.000000
