533.000000
493.000000
434.000000
357.000000
319.000000
260.000000
310.000000
298.000000
301.000000
321.000000
397.000000
415.000000
426.000000
469.000000
544.000000
553.000000
607.000000
662.000000
685.000000
616.000000
571.000000
624.000000
629.000000
633.000000
534.000000
505.000000
425.000000
368.000000
304.000000
304.000000
292.000000
305.000000
303.000000
342.000000
372.000000
397.000000
489.000000
488.000000
551.000000
553.000000
589.000000
667.000000
679.000000
654.000000
582.000000
614.000000
515.000000
553.000000
539.000000
497.000000
430.000000
307.000000
314.000000
313.000000
304.000000
319.000000
333.000000
348.000000
382.000000
425.000000
509.000000
543.000000
592.000000
561.000000
611.000000
553.000000
619.000000
639.000000
591.000000
623.000000
604.000000
601.000000
570.000000
509.000000
456.000000
369.000000
367.000000
315.000000
372.000000
340.000000
346.000000
327.000000
427.000000
488.000000
499.000000
604.000000
654.000000
796.000000
914.000000
1055.000000
962.000000
1038.000000
1889.000000
2246.000000
2097.000000
838.000000
681.000000
741.000000
622.000000
450.000000
442.000000
338.000000
347.000000
361.000000
414.000000
351.000000
461.000000
588.000000
484.000000
526.000000
566.000000
651.000000
602.000000
605.000000
633.000000
663.000000
681.000000
618.000000
569.000000
533.000000
547.000000
483.000000
460.000000
314.000000
281.000000
341.000000
305.000000
306.000000
353.000000
327.000000
367.000000
396.000000
441.000000
493.000000
535.000000
556.000000
575.000000
656.000000
704.000000
679.000000
627.000000
623.000000
613.000000
603.000000
568.000000
492.000000
452.000000
333.000000
335.000000
331.000000
286.000000
297.000000
308.000000
353.000000
439.000000
431.000000
495.000000
584.000000
554.000000
620.000000
697.000000
711.000000
732.000000
732.000000
723.000000
836.000000
1275.000000
1782.000000
2006.000000
1105.000000
770.000000
575.000000
550.000000
521.000000
531.000000
575.000000
496.000000
570.000000
657.000000
738.000000
701.000000
693.000000
740.000000
749.000000
781.000000
789.000000
746.000000
755.000000
745.000000
801.000000
775.000000
906.000000
872.000000
664.000000
515.000000
357.000000
383.000000
349.000000
344.000000
330.000000
338.000000
351.000000
441.000000
497.000000
539.000000
539.000000
532.000000
577.000000
640.000000
603.000000
639.000000
609.000000
611.000000
624.000000
632.000000
599.000000
645.000000
569.000000
410.000000
328.000000
308.000000
318.000000
289.000000
306.000000
306.000000
348.000000
427.000000
407.000000
428.000000
484.000000
529.000000
474.000000
573.000000
577.000000
608.000000
588.000000
539.000000
571.000000
555.000000
512.000000
514.000000
442.000000
394.000000
343.000000
321.000000
321.000000
295.000000
311.000000
307.000000
323.000000
332.000000
419.000000
445.000000
476.000000
538.000000
543.000000
632.000000
712.000000
757.000000
738.000000
734.000000
719.000000
670.000000
558.000000
524.000000
522.000000
485.000000
421.000000
333.000000
298.000000
344.000000
295.000000
318.000000
373.000000
391.000000
475.000000
455.000000
509.000000
550.000000
657.000000
732.000000
982.000000
1428.000000
3077.000000
3225.000000
2259.000000
1284.000000
1126.000000
1004.000000
1083.000000
701.000000
570.000000
517.000000
507.000000
487.000000
489.000000
557.000000
547.000000
591.000000
626.000000
710.000000
703.000000
740.000000
775.000000
820.000000
818.000000
790.000000
788.000000
793.000000
713.000000
671.000000
728.000000
593.000000
557.000000
464.000000
379.000000
375.000000
332.000000
356.000000
359.000000
412.000000
389.000000
454.000000
499.000000
561.000000
665.000000
612.000000
662.000000
713.000000
677.000000
726.000000
761.000000
680.000000
655.000000
684.000000
697.000000
685.000000
