1355.000000
762.000000
525.000000
459.000000
404.000000
366.000000
378.000000
312.000000
349.000000
445.000000
432.000000
491.000000
448.000000
583.000000
601.000000
606.000000
656.000000
689.000000
611.000000
717.000000
709.000000
841.000000
1359.000000
1984.000000
2310.000000
1104.000000
770.000000
544.000000
411.000000
433.000000
450.000000
420.000000
520.000000
440.000000
506.000000
521.000000
570.000000
561.000000
620.000000
603.000000
600.000000
591.000000
547.000000
601.000000
633.000000
608.000000
622.000000
621.000000
600.000000
402.000000
307.000000
321.000000
301.000000
304.000000
263.000000
262.000000
258.000000
287.000000
330.000000
362.000000
362.000000
389.000000
387.000000
512.000000
523.000000
522.000000
515.000000
468.000000
478.000000
462.000000
504.000000
497.000000
449.000000
350.000000
308.000000
337.000000
254.000000
273.000000
237.000000
235.000000
238.000000
322.000000
280.000000
369.000000
386.000000
379.000000
382.000000
477.000000
431.000000
551.000000
474.000000
548.000000
715.000000
1008.000000
970.000000
1193.000000
1253.000000
817.000000
705.000000
572.000000
435.000000
411.000000
391.000000
423.000000
390.000000
494.000000
439.000000
434.000000
480.000000
520.000000
461.000000
559.000000
529.000000
549.000000
623.000000
764.000000
903.000000
678.000000
698.000000
603.000000
515.000000
478.000000
386.000000
326.000000
310.000000
302.000000
319.000000
368.000000
269.000000
328.000000
372.000000
371.000000
340.000000
427.000000
486.000000
518.000000
493.000000
508.000000
547.000000
537.000000
577.000000
553.000000
580.000000
563.000000
454.000000
456.000000
356.000000
299.000000
279.000000
263.000000
280.000000
237.000000
247.000000
310.000000
305.000000
389.000000
438.000000
486.000000
479.000000
496.000000
510.000000
562.000000
552.000000
610.000000
625.000000
733.000000
1018.000000
1430.000000
4012.000000
2681.000000
1416.000000
1072.000000
864.000000
752.000000
792.000000
797.000000
785.000000
888.000000
1015.000000
1003.000000
936.000000
1041.000000
988.000000
1097.000000
1125.000000
1159.000000
1047.000000
1064.000000
1041.000000
985.000000
977.000000
1114.000000
1212.000000
1266.000000
752.000000
549.000000
480.000000
423.000000
431.000000
412.000000
436.000000
486.000000
515.000000
492.000000
523.000000
575.000000
547.000000
667.000000
651.000000
729.000000
624.000000
666.000000
673.000000
645.000000
682.000000
628.000000
582.000000
524.000000
421.000000
331.000000
263.000000
316.000000
280.000000
291.000000
293.000000
326.000000
365.000000
381.000000
378.000000
431.000000
498.000000
707.000000
741.000000
600.000000
603.000000
641.000000
602.000000
637.000000
601.000000
487.000000
481.000000
446.000000
393.000000
283.000000
293.000000
254.000000
241.000000
240.000000
265.000000
311.000000
351.000000
416.000000
391.000000
368.000000
386.000000
450.000000
488.000000
576.000000
830.000000
1066.000000
1057.000000
846.000000
695.000000
766.000000
667.000000
551.000000
451.000000
356.000000
322.000000
304.000000
282.000000
264.000000
291.000000
334.000000
404.000000
352.000000
387.000000
445.000000
428.000000
462.000000
450.000000
535.000000
512.000000
519.000000
623.000000
787.000000
711.000000
705.000000
618.000000
514.000000
465.000000
406.000000
376.000000
324.000000
270.000000
268.000000
320.000000
349.000000
351.000000
369.000000
388.000000
405.000000
440.000000
500.000000
556.000000
571.000000
554.000000
635.000000
592.000000
583.000000
639.000000
565.000000
472.000000
440.000000
397.000000
320.000000
298.000000
271.000000
249.000000
287.000000
286.000000
287.000000
305.000000
323.000000
397.000000
408.000000
437.000000
477.000000
466.000000
564.000000
550.000000
500.000000
517.000000
628.000000
700.000000
1031.000000
945.000000
