857.000000
1511.000000
563.000000
361.000000
295.000000
280.000000
258.000000
241.000000
201.000000
189.000000
187.000000
205.000000
316.000000
279.000000
328.000000
283.000000
295.000000
319.000000
347.000000
369.000000
297.000000
321.000000
308.000000
322.000000
469.000000
443.000000
322.000000
278.000000
200.000000
172.000000
153.000000
159.000000
118.000000
127.000000
140.000000
168.000000
198.000000
237.000000
256.000000
285.000000
298.000000
278.000000
364.000000
326.000000
305.000000
273.000000
272.000000
233.000000
297.000000
263.000000
221.000000
199.000000
178.000000
134.000000
142.000000
142.000000
131.000000
121.000000
108.000000
143.000000
174.000000
211.000000
224.000000
258.000000
302.000000
346.000000
458.000000
1301.000000
1305.000000
665.000000
538.000000
489.000000
406.000000
413.000000
428.000000
696.000000
331.000000
221.000000
222.000000
222.000000
186.000000
164.000000
199.000000
222.000000
381.000000
295.000000
277.000000
325.000000
362.000000
350.000000
434.000000
528.000000
499.000000
589.000000
495.000000
397.000000
398.000000
352.000000
289.000000
286.000000
221.000000
184.000000
215.000000
171.000000
153.000000
140.000000
170.000000
174.000000
234.000000
259.000000
291.000000
256.000000
340.000000
302.000000
337.000000
313.000000
345.000000
364.000000
352.000000
381.000000
391.000000
390.000000
323.000000
222.000000
165.000000
136.000000
160.000000
186.000000
163.000000
182.000000
167.000000
169.000000
194.000000
205.000000
270.000000
259.000000
308.000000
346.000000
334.000000
319.000000
320.000000
317.000000
342.000000
326.000000
430.000000
522.000000
374.000000
250.000000
241.000000
173.000000
203.000000
160.000000
194.000000
170.000000
234.000000
252.000000
291.000000
314.000000
365.000000
406.000000
459.000000
451.000000
474.000000
516.000000
576.000000
578.000000
741.000000
2873.000000
6505.000000
5214.000000
1994.000000
1005.000000
668.000000
481.000000
483.000000
528.000000
494.000000
452.000000
575.000000
662.000000
733.000000
762.000000
698.000000
724.000000
712.000000
680.000000
640.000000
627.000000
607.000000
586.000000
527.000000
571.000000
556.000000
422.000000
340.000000
284.000000
216.000000
189.000000
256.000000
164.000000
173.000000
164.000000
185.000000
239.000000
293.000000
270.000000
310.000000
295.000000
363.000000
357.000000
344.000000
350.000000
356.000000
314.000000
312.000000
323.000000
304.000000
284.000000
261.000000
197.000000
163.000000
168.000000
136.000000
121.000000
150.000000
123.000000
149.000000
129.000000
217.000000
183.000000
217.000000
246.000000
352.000000
329.000000
376.000000
369.000000
328.000000
368.000000
351.000000
356.000000
291.000000
308.000000
278.000000
269.000000
207.000000
167.000000
161.000000
160.000000
153.000000
141.000000
164.000000
147.000000
202.000000
208.000000
273.000000
283.000000
439.000000
364.000000
459.000000
686.000000
1381.000000
2023.000000
1036.000000
648.000000
516.000000
436.000000
585.000000
431.000000
343.000000
263.000000
235.000000
218.000000
221.000000
204.000000
207.000000
258.000000
251.000000
287.000000
341.000000
320.000000
313.000000
397.000000
387.000000
350.000000
342.000000
346.000000
324.000000
364.000000
367.000000
404.000000
287.000000
276.000000
220.000000
218.000000
189.000000
157.000000
151.000000
159.000000
155.000000
180.000000
224.000000
259.000000
224.000000
238.000000
302.000000
315.000000
314.000000
316.000000
324.000000
279.000000
309.000000
296.000000
369.000000
371.000000
354.000000
249.000000
217.000000
146.000000
162.000000
142.000000
110.000000
142.000000
129.000000
179.000000
191.000000
221.000000
239.000000
204.000000
262.000000
285.000000
290.000000
297.000000
286.000000
285.000000
254.000000
323.000000
460.000000
