621.000000
514.000000
601.000000
438.000000
394.000000
326.000000
326.000000
345.000000
355.000000
377.000000
385.000000
430.000000
442.000000
511.000000
512.000000
485.000000
580.000000
545.000000
531.000000
641.000000
533.000000
539.000000
490.000000
494.000000
479.000000
451.000000
377.000000
248.000000
270.000000
225.000000
239.000000
222.000000
272.000000
313.000000
318.000000
374.000000
345.000000
397.000000
429.000000
426.000000
434.000000
487.000000
501.000000
508.000000
502.000000
534.000000
508.000000
478.000000
458.000000
403.000000
282.000000
268.000000
223.000000
235.000000
250.000000
197.000000
258.000000
282.000000
280.000000
299.000000
342.000000
374.000000
368.000000
444.000000
480.000000
451.000000
593.000000
611.000000
613.000000
552.000000
761.000000
1078.000000
971.000000
613.000000
455.000000
405.000000
319.000000
315.000000
257.000000
312.000000
311.000000
355.000000
363.000000
390.000000
432.000000
445.000000
441.000000
457.000000
432.000000
449.000000
465.000000
553.000000
576.000000
507.000000
451.000000
467.000000
432.000000
380.000000
360.000000
266.000000
246.000000
269.000000
214.000000
236.000000
207.000000
269.000000
271.000000
244.000000
302.000000
371.000000
381.000000
381.000000
469.000000
488.000000
490.000000
443.000000
440.000000
463.000000
418.000000
508.000000
433.000000
397.000000
293.000000
271.000000
225.000000
218.000000
225.000000
229.000000
246.000000
212.000000
280.000000
286.000000
303.000000
323.000000
408.000000
438.000000
447.000000
471.000000
491.000000
463.000000
456.000000
488.000000
508.000000
608.000000
655.000000
459.000000
347.000000
215.000000
242.000000
187.000000
248.000000
263.000000
261.000000
246.000000
321.000000
295.000000
407.000000
383.000000
411.000000
410.000000
428.000000
528.000000
420.000000
471.000000
453.000000
530.000000
708.000000
1033.000000
1096.000000
612.000000
416.000000
343.000000
314.000000
277.000000
302.000000
308.000000
297.000000
324.000000
305.000000
338.000000
384.000000
394.000000
431.000000
421.000000
496.000000
562.000000
588.000000
578.000000
533.000000
496.000000
552.000000
488.000000
446.000000
452.000000
294.000000
274.000000
198.000000
206.000000
271.000000
255.000000
242.000000
224.000000
271.000000
295.000000
378.000000
341.000000
353.000000
365.000000
412.000000
439.000000
452.000000
457.000000
429.000000
448.000000
431.000000
482.000000
404.000000
351.000000
291.000000
208.000000
202.000000
199.000000
210.000000
174.000000
224.000000
259.000000
229.000000
287.000000
273.000000
366.000000
367.000000
377.000000
430.000000
426.000000
451.000000
452.000000
544.000000
577.000000
619.000000
489.000000
466.000000
418.000000
381.000000
264.000000
249.000000
273.000000
241.000000
293.000000
287.000000
303.000000
319.000000
358.000000
372.000000
399.000000
474.000000
492.000000
606.000000
706.000000
1176.000000
1303.000000
1237.000000
1023.000000
963.000000
905.000000
835.000000
804.000000
623.000000
533.000000
518.000000
499.000000
434.000000
447.000000
472.000000
491.000000
554.000000
527.000000
657.000000
617.000000
642.000000
643.000000
676.000000
711.000000
691.000000
732.000000
691.000000
652.000000
729.000000
648.000000
600.000000
522.000000
396.000000
360.000000
352.000000
305.000000
324.000000
316.000000
301.000000
367.000000
369.000000
422.000000
466.000000
450.000000
487.000000
570.000000
565.000000
613.000000
663.000000
571.000000
576.000000
536.000000
643.000000
512.000000
517.000000
504.000000
380.000000
280.000000
293.000000
267.000000
273.000000
278.000000
299.000000
264.000000
292.000000
369.000000
389.000000
427.000000
416.000000
463.000000
547.000000
579.000000
560.000000
534.000000
495.000000
516.000000
601.000000
545.000000
432.000000
