844.000000
579.000000
407.000000
340.000000
254.000000
211.000000
230.000000
214.000000
238.000000
242.000000
256.000000
337.000000
300.000000
291.000000
335.000000
371.000000
348.000000
323.000000
306.000000
372.000000
330.000000
363.000000
375.000000
343.000000
327.000000
237.000000
200.000000
219.000000
171.000000
165.000000
142.000000
153.000000
116.000000
146.000000
211.000000
188.000000
196.000000
215.000000
229.000000
264.000000
328.000000
317.000000
296.000000
274.000000
258.000000
297.000000
284.000000
283.000000
241.000000
208.000000
224.000000
173.000000
157.000000
154.000000
136.000000
139.000000
134.000000
193.000000
174.000000
182.000000
222.000000
233.000000
213.000000
265.000000
306.000000
578.000000
861.000000
1964.000000
1320.000000
1247.000000
940.000000
802.000000
709.000000
581.000000
505.000000
497.000000
384.000000
317.000000
365.000000
324.000000
326.000000
347.000000
378.000000
351.000000
409.000000
406.000000
447.000000
439.000000
476.000000
469.000000
486.000000
492.000000
460.000000
457.000000
423.000000
401.000000
315.000000
308.000000
269.000000
276.000000
213.000000
187.000000
200.000000
157.000000
164.000000
241.000000
213.000000
246.000000
266.000000
286.000000
306.000000
345.000000
366.000000
378.000000
410.000000
339.000000
339.000000
349.000000
370.000000
401.000000
347.000000
305.000000
230.000000
206.000000
197.000000
213.000000
238.000000
356.000000
336.000000
354.000000
359.000000
405.000000
465.000000
449.000000
441.000000
453.000000
612.000000
617.000000
606.000000
574.000000
647.000000
589.000000
579.000000
719.000000
1469.000000
1186.000000
751.000000
665.000000
513.000000
502.000000
458.000000
437.000000
410.000000
507.000000
579.000000
665.000000
604.000000
650.000000
640.000000
832.000000
828.000000
760.000000
773.000000
846.000000
880.000000
947.000000
1555.000000
2329.000000
2702.000000
1800.000000
1165.000000
732.000000
440.000000
469.000000
431.000000
482.000000
444.000000
547.000000
583.000000
613.000000
635.000000
512.000000
553.000000
587.000000
641.000000
655.000000
560.000000
510.000000
581.000000
577.000000
581.000000
581.000000
720.000000
597.000000
410.000000
351.000000
315.000000
318.000000
297.000000
262.000000
284.000000
324.000000
379.000000
401.000000
453.000000
426.000000
650.000000
3334.000000
2291.000000
1687.000000
1438.000000
1220.000000
1055.000000
1021.000000
967.000000
860.000000
761.000000
602.000000
556.000000
450.000000
441.000000
352.000000
345.000000
305.000000
350.000000
407.000000
361.000000
418.000000
412.000000
468.000000
445.000000
507.000000
459.000000
525.000000
503.000000
543.000000
791.000000
1008.000000
976.000000
686.000000
599.000000
464.000000
416.000000
372.000000
318.000000
304.000000
259.000000
276.000000
256.000000
335.000000
329.000000
297.000000
297.000000
351.000000
394.000000
425.000000
392.000000
524.000000
474.000000
514.000000
454.000000
685.000000
516.000000
516.000000
495.000000
414.000000
349.000000
330.000000
255.000000
255.000000
223.000000
214.000000
237.000000
259.000000
252.000000
294.000000
300.000000
395.000000
325.000000
379.000000
452.000000
449.000000
443.000000
419.000000
385.000000
435.000000
468.000000
379.000000
374.000000
346.000000
297.000000
244.000000
259.000000
194.000000
160.000000
190.000000
213.000000
236.000000
237.000000
219.000000
273.000000
289.000000
335.000000
292.000000
371.000000
414.000000
404.000000
378.000000
380.000000
480.000000
541.000000
825.000000
987.000000
514.000000
364.000000
341.000000
282.000000
250.000000
234.000000
209.000000
282.000000
334.000000
297.000000
318.000000
347.000000
348.000000
350.000000
406.000000
340.000000
374.000000
367.000000
346.000000
355.000000
379.000000
398.000000
424.000000
385.000000
