901.000000
481.000000
307.000000
234.000000
231.000000
224.000000
190.000000
169.000000
225.000000
316.000000
382.000000
426.000000
408.000000
351.000000
388.000000
414.000000
387.000000
375.000000
488.000000
353.000000
328.000000
316.000000
336.000000
338.000000
257.000000
228.000000
189.000000
142.000000
147.000000
148.000000
130.000000
149.000000
130.000000
163.000000
220.000000
214.000000
296.000000
380.000000
403.000000
383.000000
365.000000
344.000000
350.000000
343.000000
328.000000
298.000000
336.000000
278.000000
306.000000
247.000000
177.000000
179.000000
134.000000
140.000000
146.000000
160.000000
213.000000
191.000000
219.000000
270.000000
313.000000
520.000000
1756.000000
2288.000000
1505.000000
607.000000
469.000000
484.000000
460.000000
396.000000
328.000000
319.000000
279.000000
351.000000
196.000000
197.000000
173.000000
171.000000
167.000000
145.000000
144.000000
189.000000
219.000000
287.000000
257.000000
294.000000
291.000000
342.000000
392.000000
444.000000
396.000000
369.000000
421.000000
353.000000
330.000000
324.000000
313.000000
265.000000
230.000000
210.000000
146.000000
156.000000
178.000000
144.000000
143.000000
172.000000
189.000000
199.000000
244.000000
265.000000
273.000000
285.000000
309.000000
322.000000
332.000000
306.000000
296.000000
304.000000
286.000000
360.000000
295.000000
216.000000
170.000000
163.000000
156.000000
152.000000
115.000000
111.000000
123.000000
119.000000
149.000000
191.000000
234.000000
269.000000
266.000000
339.000000
299.000000
327.000000
265.000000
318.000000
272.000000
276.000000
292.000000
316.000000
264.000000
271.000000
195.000000
157.000000
121.000000
132.000000
133.000000
146.000000
128.000000
141.000000
202.000000
199.000000
258.000000
270.000000
298.000000
344.000000
360.000000
375.000000
379.000000
416.000000
416.000000
574.000000
1780.000000
4006.000000
5749.000000
1927.000000
1154.000000
886.000000
669.000000
591.000000
569.000000
502.000000
624.000000
646.000000
728.000000
847.000000
908.000000
872.000000
892.000000
853.000000
850.000000
857.000000
788.000000
847.000000
681.000000
719.000000
646.000000
636.000000
650.000000
498.000000
413.000000
307.000000
272.000000
304.000000
205.000000
232.000000
218.000000
244.000000
302.000000
288.000000
338.000000
425.000000
347.000000
394.000000
433.000000
473.000000
412.000000
383.000000
400.000000
410.000000
430.000000
394.000000
322.000000
351.000000
241.000000
247.000000
192.000000
190.000000
191.000000
169.000000
162.000000
197.000000
213.000000
241.000000
263.000000
298.000000
338.000000
427.000000
392.000000
475.000000
396.000000
437.000000
426.000000
465.000000
405.000000
377.000000
306.000000
344.000000
342.000000
258.000000
205.000000
198.000000
154.000000
183.000000
172.000000
162.000000
214.000000
267.000000
339.000000
368.000000
1081.000000
2418.000000
2971.000000
1126.000000
819.000000
812.000000
759.000000
635.000000
515.000000
428.000000
401.000000
405.000000
534.000000
303.000000
283.000000
219.000000
263.000000
220.000000
254.000000
220.000000
237.000000
256.000000
288.000000
362.000000
315.000000
440.000000
395.000000
412.000000
413.000000
405.000000
351.000000
399.000000
389.000000
400.000000
291.000000
337.000000
214.000000
217.000000
184.000000
183.000000
180.000000
207.000000
145.000000
197.000000
165.000000
258.000000
243.000000
248.000000
248.000000
268.000000
325.000000
305.000000
310.000000
317.000000
277.000000
295.000000
278.000000
339.000000
274.000000
244.000000
171.000000
201.000000
174.000000
131.000000
121.000000
132.000000
120.000000
116.000000
205.000000
155.000000
236.000000
217.000000
222.000000
270.000000
306.000000
302.000000
254.000000
309.000000
281.000000
248.000000
265.000000
268.000000
252.000000
