29.000000
29.000000
27.000000
23.000000
16.000000
6.000000
10.000000
8.000000
12.000000
7.000000
21.000000
21.000000
14.000000
33.000000
32.000000
32.000000
36.000000
27.000000
39.000000
67.000000
52.000000
35.000000
33.000000
42.000000
25.000000
29.000000
13.000000
17.000000
13.000000
11.000000
11.000000
7.000000
15.000000
21.000000
25.000000
25.000000
20.000000
32.000000
34.000000
50.000000
37.000000
55.000000
35.000000
32.000000
36.000000
45.000000
33.000000
49.000000
41.000000
36.000000
13.000000
21.000000
15.000000
9.000000
15.000000
13.000000
16.000000
16.000000
17.000000
19.000000
20.000000
28.000000
33.000000
25.000000
36.000000
49.000000
29.000000
40.000000
49.000000
35.000000
77.000000
29.000000
46.000000
25.000000
14.000000
23.000000
19.000000
12.000000
15.000000
10.000000
16.000000
19.000000
20.000000
26.000000
35.000000
18.000000
27.000000
35.000000
40.000000
50.000000
39.000000
52.000000
59.000000
44.000000
49.000000
39.000000
26.000000
41.000000
22.000000
32.000000
27.000000
15.000000
20.000000
16.000000
23.000000
26.000000
24.000000
31.000000
44.000000
54.000000
39.000000
59.000000
69.000000
74.000000
70.000000
79.000000
87.000000
95.000000
59.000000
59.000000
68.000000
74.000000
46.000000
28.000000
29.000000
26.000000
19.000000
35.000000
36.000000
30.000000
51.000000
56.000000
79.000000
72.000000
83.000000
128.000000
106.000000
112.000000
120.000000
117.000000
113.000000
99.000000
109.000000
147.000000
208.000000
183.000000
99.000000
82.000000
78.000000
79.000000
82.000000
65.000000
74.000000
95.000000
129.000000
132.000000
151.000000
151.000000
197.000000
205.000000
231.000000
248.000000
282.000000
249.000000
294.000000
365.000000
563.000000
1145.000000
1746.000000
633.000000
428.000000
220.000000
158.000000
148.000000
111.000000
123.000000
112.000000
172.000000
180.000000
204.000000
186.000000
206.000000
179.000000
204.000000
178.000000
215.000000
161.000000
158.000000
143.000000
125.000000
119.000000
141.000000
129.000000
92.000000
56.000000
42.000000
39.000000
34.000000
25.000000
26.000000
37.000000
37.000000
57.000000
69.000000
43.000000
46.000000
56.000000
49.000000
59.000000
51.000000
53.000000
43.000000
40.000000
51.000000
48.000000
43.000000
34.000000
24.000000
12.000000
15.000000
18.000000
18.000000
7.000000
9.000000
18.000000
15.000000
20.000000
17.000000
27.000000
36.000000
28.000000
30.000000
45.000000
37.000000
30.000000
31.000000
34.000000
22.000000
26.000000
41.000000
35.000000
16.000000
13.000000
12.000000
15.000000
7.000000
10.000000
10.000000
10.000000
19.000000
17.000000
15.000000
10.000000
18.000000
24.000000
29.000000
38.000000
29.000000
27.000000
26.000000
41.000000
34.000000
41.000000
30.000000
23.000000
35.000000
18.000000
16.000000
16.000000
6.000000
11.000000
11.000000
9.000000
13.000000
21.000000
10.000000
26.000000
20.000000
26.000000
28.000000
20.000000
26.000000
29.000000
26.000000
29.000000
45.000000
29.000000
23.000000
26.000000
21.000000
16.000000
12.000000
10.000000
10.000000
12.000000
8.000000
6.000000
7.000000
15.000000
9.000000
8.000000
20.000000
14.000000
19.000000
18.000000
25.000000
26.000000
35.000000
27.000000
18.000000
16.000000
23.000000
29.000000
19.000000
14.000000
4.000000
7.000000
2.000000
9.000000
10.000000
11.000000
10.000000
8.000000
10.000000
16.000000
8.000000
18.000000
22.000000
14.000000
13.000000
22.000000
33.000000
23.000000
20.000000
13.000000
35.000000
19.000000
