746.000000
567.000000
397.000000
336.000000
307.000000
285.000000
229.000000
270.000000
288.000000
373.000000
364.000000
415.000000
450.000000
495.000000
525.000000
510.000000
585.000000
564.000000
584.000000
566.000000
528.000000
511.000000
504.000000
599.000000
574.000000
479.000000
383.000000
288.000000
336.000000
297.000000
247.000000
282.000000
253.000000
212.000000
321.000000
340.000000
481.000000
558.000000
459.000000
490.000000
567.000000
583.000000
508.000000
501.000000
564.000000
520.000000
516.000000
512.000000
542.000000
404.000000
329.000000
282.000000
302.000000
255.000000
237.000000
224.000000
274.000000
276.000000
289.000000
339.000000
411.000000
733.000000
690.000000
661.000000
709.000000
680.000000
679.000000
602.000000
601.000000
563.000000
522.000000
592.000000
506.000000
421.000000
379.000000
372.000000
322.000000
226.000000
229.000000
213.000000
281.000000
337.000000
393.000000
396.000000
389.000000
430.000000
622.000000
1111.000000
1247.000000
1421.000000
754.000000
679.000000
713.000000
898.000000
864.000000
619.000000
587.000000
587.000000
515.000000
372.000000
344.000000
334.000000
272.000000
248.000000
286.000000
330.000000
376.000000
405.000000
428.000000
501.000000
528.000000
504.000000
595.000000
611.000000
595.000000
728.000000
659.000000
639.000000
527.000000
505.000000
506.000000
569.000000
585.000000
441.000000
391.000000
341.000000
315.000000
325.000000
312.000000
365.000000
446.000000
476.000000
574.000000
566.000000
618.000000
731.000000
749.000000
704.000000
803.000000
791.000000
708.000000
756.000000
795.000000
739.000000
737.000000
1168.000000
1109.000000
934.000000
665.000000
369.000000
381.000000
325.000000
359.000000
379.000000
550.000000
610.000000
727.000000
786.000000
891.000000
1046.000000
969.000000
1168.000000
1111.000000
1260.000000
1318.000000
1665.000000
4328.000000
10851.000000
13475.000000
3896.000000
2323.000000
1773.000000
1476.000000
1508.000000
1361.000000
1311.000000
1337.000000
1962.000000
2286.000000
2490.000000
2455.000000
2411.000000
2406.000000
2453.000000
2406.000000
2238.000000
2130.000000
2146.000000
2148.000000
2306.000000
2242.000000
2545.000000
2690.000000
2076.000000
1546.000000
1171.000000
766.000000
634.000000
573.000000
581.000000
623.000000
645.000000
703.000000
839.000000
883.000000
976.000000
964.000000
1003.000000
1038.000000
947.000000
871.000000
905.000000
898.000000
928.000000
871.000000
922.000000
884.000000
731.000000
585.000000
415.000000
346.000000
335.000000
345.000000
320.000000
325.000000
402.000000
473.000000
509.000000
588.000000
627.000000
674.000000
689.000000
717.000000
727.000000
684.000000
686.000000
632.000000
609.000000
590.000000
640.000000
626.000000
504.000000
499.000000
329.000000
352.000000
284.000000
271.000000
264.000000
287.000000
366.000000
367.000000
401.000000
485.000000
530.000000
670.000000
1222.000000
1625.000000
1170.000000
684.000000
691.000000
665.000000
639.000000
642.000000
529.000000
460.000000
431.000000
500.000000
351.000000
337.000000
296.000000
267.000000
244.000000
277.000000
313.000000
344.000000
330.000000
432.000000
465.000000
496.000000
542.000000
576.000000
588.000000
618.000000
657.000000
830.000000
850.000000
739.000000
666.000000
608.000000
620.000000
518.000000
452.000000
378.000000
295.000000
334.000000
303.000000
379.000000
351.000000
441.000000
584.000000
697.000000
645.000000
638.000000
672.000000
720.000000
687.000000
653.000000
694.000000
714.000000
679.000000
662.000000
733.000000
593.000000
560.000000
453.000000
387.000000
339.000000
300.000000
276.000000
284.000000
316.000000
303.000000
361.000000
399.000000
457.000000
527.000000
646.000000
832.000000
863.000000
767.000000
781.000000
712.000000
753.000000
808.000000
861.000000
1110.000000
2003.000000
