2150.000000
1597.000000
1193.000000
1055.000000
1069.000000
1044.000000
1049.000000
1125.000000
1212.000000
1087.000000
1165.000000
1212.000000
1277.000000
1370.000000
1331.000000
1351.000000
1428.000000
1467.000000
1448.000000
1532.000000
1647.000000
1816.000000
3739.000000
6688.000000
8257.000000
2811.000000
1795.000000
1349.000000
913.000000
710.000000
697.000000
657.000000
820.000000
942.000000
945.000000
1044.000000
913.000000
891.000000
868.000000
909.000000
925.000000
917.000000
922.000000
839.000000
776.000000
775.000000
774.000000
878.000000
787.000000
573.000000
456.000000
374.000000
319.000000
348.000000
302.000000
321.000000
328.000000
369.000000
384.000000
405.000000
399.000000
443.000000
496.000000
485.000000
593.000000
630.000000
602.000000
599.000000
548.000000
499.000000
555.000000
527.000000
479.000000
379.000000
356.000000
296.000000
274.000000
224.000000
247.000000
243.000000
272.000000
305.000000
332.000000
293.000000
371.000000
379.000000
443.000000
448.000000
538.000000
485.000000
466.000000
524.000000
844.000000
884.000000
898.000000
609.000000
515.000000
447.000000
372.000000
321.000000
264.000000
257.000000
286.000000
282.000000
286.000000
382.000000
401.000000
398.000000
439.000000
385.000000
415.000000
491.000000
487.000000
464.000000
569.000000
589.000000
652.000000
625.000000
614.000000
722.000000
1605.000000
1368.000000
855.000000
650.000000
505.000000
469.000000
503.000000
539.000000
541.000000
611.000000
594.000000
669.000000
671.000000
695.000000
649.000000
733.000000
712.000000
784.000000
782.000000
750.000000
762.000000
775.000000
770.000000
753.000000
737.000000
599.000000
471.000000
456.000000
454.000000
401.000000
404.000000
402.000000
422.000000
498.000000
545.000000
550.000000
637.000000
649.000000
637.000000
739.000000
854.000000
827.000000
848.000000
905.000000
967.000000
1203.000000
3106.000000
5647.000000
8519.000000
3847.000000
1831.000000
1266.000000
957.000000
922.000000
856.000000
990.000000
987.000000
1012.000000
1208.000000
1279.000000
1421.000000
1352.000000
1312.000000
1273.000000
1295.000000
1309.000000
1276.000000
1255.000000
1143.000000
1209.000000
1252.000000
2383.000000
3073.000000
2226.000000
1323.000000
969.000000
816.000000
797.000000
704.000000
726.000000
842.000000
893.000000
978.000000
1017.000000
1107.000000
1091.000000
1110.000000
1080.000000
1122.000000
1085.000000
1083.000000
1006.000000
1057.000000
966.000000
1047.000000
1253.000000
1099.000000
951.000000
659.000000
493.000000
427.000000
411.000000
359.000000
427.000000
433.000000
495.000000
562.000000
616.000000
686.000000
710.000000
610.000000
619.000000
746.000000
731.000000
693.000000
692.000000
655.000000
678.000000
665.000000
724.000000
656.000000
553.000000
463.000000
351.000000
353.000000
329.000000
332.000000
342.000000
336.000000
367.000000
393.000000
424.000000
458.000000
498.000000
506.000000
605.000000
626.000000
636.000000
592.000000
606.000000
633.000000
685.000000
607.000000
629.000000
593.000000
482.000000
435.000000
368.000000
394.000000
301.000000
349.000000
334.000000
417.000000
433.000000
444.000000
526.000000
569.000000
567.000000
591.000000
621.000000
656.000000
677.000000
701.000000
875.000000
1035.000000
1045.000000
1766.000000
2864.000000
3328.000000
1506.000000
876.000000
590.000000
492.000000
539.000000
481.000000
500.000000
524.000000
538.000000
609.000000
614.000000
711.000000
649.000000
712.000000
707.000000
807.000000
735.000000
762.000000
709.000000
668.000000
737.000000
697.000000
603.000000
570.000000
495.000000
500.000000
360.000000
304.000000
279.000000
309.000000
269.000000
360.000000
309.000000
439.000000
440.000000
450.000000
514.000000
574.000000
627.000000
581.000000
617.000000
606.000000
532.000000
583.000000
619.000000
545.000000
544.000000
498.000000
