1291.000000
900.000000
643.000000
456.000000
402.000000
403.000000
372.000000
428.000000
457.000000
433.000000
503.000000
536.000000
556.000000
563.000000
655.000000
588.000000
628.000000
588.000000
609.000000
686.000000
579.000000
677.000000
625.000000
587.000000
606.000000
452.000000
369.000000
361.000000
308.000000
279.000000
253.000000
251.000000
246.000000
325.000000
362.000000
429.000000
402.000000
406.000000
433.000000
491.000000
518.000000
491.000000
481.000000
538.000000
509.000000
517.000000
505.000000
498.000000
468.000000
398.000000
337.000000
375.000000
280.000000
253.000000
220.000000
257.000000
284.000000
347.000000
358.000000
366.000000
352.000000
352.000000
402.000000
455.000000
491.000000
495.000000
525.000000
537.000000
618.000000
838.000000
756.000000
764.000000
729.000000
532.000000
423.000000
424.000000
362.000000
323.000000
287.000000
289.000000
316.000000
371.000000
368.000000
441.000000
424.000000
429.000000
477.000000
551.000000
523.000000
626.000000
1165.000000
1482.000000
1139.000000
770.000000
693.000000
621.000000
556.000000
449.000000
442.000000
374.000000
341.000000
300.000000
317.000000
296.000000
260.000000
326.000000
382.000000
350.000000
388.000000
371.000000
464.000000
492.000000
491.000000
519.000000
538.000000
550.000000
593.000000
575.000000
565.000000
521.000000
469.000000
455.000000
315.000000
262.000000
286.000000
290.000000
264.000000
268.000000
259.000000
280.000000
299.000000
366.000000
396.000000
430.000000
427.000000
469.000000
511.000000
571.000000
570.000000
538.000000
614.000000
601.000000
615.000000
741.000000
1863.000000
1862.000000
974.000000
736.000000
603.000000
566.000000
573.000000
525.000000
567.000000
758.000000
741.000000
845.000000
827.000000
827.000000
850.000000
921.000000
966.000000
1011.000000
986.000000
967.000000
1012.000000
1153.000000
2136.000000
4115.000000
5761.000000
3231.000000
1606.000000
1063.000000
892.000000
799.000000
794.000000
707.000000
783.000000
909.000000
914.000000
1029.000000
1041.000000
1063.000000
1079.000000
1024.000000
1038.000000
1113.000000
954.000000
938.000000
1015.000000
905.000000
863.000000
885.000000
775.000000
761.000000
556.000000
483.000000
400.000000
486.000000
398.000000
427.000000
424.000000
464.000000
476.000000
501.000000
548.000000
600.000000
727.000000
1674.000000
1365.000000
1135.000000
1005.000000
1033.000000
905.000000
865.000000
855.000000
725.000000
703.000000
636.000000
535.000000
440.000000
378.000000
381.000000
329.000000
315.000000
321.000000
433.000000
483.000000
477.000000
480.000000
484.000000
506.000000
572.000000
561.000000
594.000000
619.000000
672.000000
740.000000
697.000000
694.000000
671.000000
587.000000
445.000000
455.000000
381.000000
326.000000
301.000000
286.000000
285.000000
340.000000
356.000000
401.000000
475.000000
437.000000
487.000000
510.000000
564.000000
517.000000
609.000000
650.000000
662.000000
703.000000
836.000000
949.000000
1423.000000
1209.000000
682.000000
566.000000
470.000000
409.000000
376.000000
355.000000
340.000000
374.000000
423.000000
425.000000
426.000000
462.000000
476.000000
495.000000
543.000000
574.000000
584.000000
594.000000
644.000000
671.000000
655.000000
662.000000
567.000000
497.000000
495.000000
474.000000
321.000000
278.000000
250.000000
251.000000
282.000000
263.000000
297.000000
351.000000
354.000000
417.000000
421.000000
439.000000
493.000000
520.000000
611.000000
561.000000
486.000000
520.000000
551.000000
644.000000
616.000000
556.000000
507.000000
372.000000
347.000000
313.000000
253.000000
244.000000
245.000000
281.000000
330.000000
384.000000
399.000000
427.000000
403.000000
407.000000
483.000000
495.000000
504.000000
514.000000
539.000000
512.000000
530.000000
621.000000
785.000000
832.000000
