683.000000
714.000000
611.000000
638.000000
564.000000
518.000000
483.000000
453.000000
405.000000
387.000000
346.000000
383.000000
312.000000
319.000000
303.000000
275.000000
257.000000
232.000000
262.000000
272.000000
240.000000
309.000000
349.000000
317.000000
382.000000
448.000000
405.000000
463.000000
490.000000
420.000000
386.000000
380.000000
335.000000
370.000000
334.000000
363.000000
441.000000
461.000000
450.000000
365.000000
428.000000
374.000000
380.000000
450.000000
502.000000
530.000000
589.000000
787.000000
854.000000
1040.000000
1090.000000
1084.000000
985.000000
916.000000
841.000000
763.000000
782.000000
794.000000
820.000000
760.000000
921.000000
922.000000
834.000000
717.000000
744.000000
796.000000
885.000000
922.000000
893.000000
933.000000
1115.000000
1312.000000
1481.000000
1539.000000
1442.000000
1354.000000
1254.000000
1217.000000
1112.000000
1082.000000
959.000000
831.000000
842.000000
916.000000
1010.000000
927.000000
815.000000
821.000000
726.000000
844.000000
976.000000
883.000000
996.000000
1050.000000
1234.000000
1323.000000
1464.000000
1529.000000
1540.000000
1432.000000
1410.000000
1308.000000
1198.000000
1152.000000
1043.000000
1013.000000
998.000000
1043.000000
1136.000000
1088.000000
1142.000000
1043.000000
1124.000000
1170.000000
1358.000000
1474.000000
1488.000000
1615.000000
1761.000000
1966.000000
2291.000000
2176.000000
2207.000000
2081.000000
2173.000000
1873.000000
1707.000000
1788.000000
1604.000000
2143.000000
1605.000000
1790.000000
2100.000000
2258.000000
2463.000000
2565.000000
2881.000000
3033.000000
3223.000000
3579.000000
3619.000000
3952.000000
4671.000000
5489.000000
6049.000000
6227.000000
6220.000000
6474.000000
6421.000000
6218.000000
5921.000000
5970.000000
6033.000000
6172.000000
6526.000000
7630.000000
9687.000000
12129.000000
13554.000000
14976.000000
14829.000000
15145.000000
14711.000000
14724.000000
13324.000000
13661.000000
16289.000000
19572.000000
21747.000000
21663.000000
20652.000000
19055.000000
16845.000000
14395.000000
12828.000000
11278.000000
10372.000000
9301.000000
8001.000000
7142.000000
6872.000000
6256.000000
5521.000000
4254.000000
3478.000000
2834.000000
2553.000000
2302.000000
2127.000000
2047.000000
2417.000000
2973.000000
3061.000000
3059.000000
2875.000000
2688.000000
2544.000000
2432.000000
2113.000000
1989.000000
1865.000000
1670.000000
1573.000000
2218.000000
2183.000000
2123.000000
2118.000000
1857.000000
1574.000000
1518.000000
1487.000000
1434.000000
1366.000000
1319.000000
1568.000000
1869.000000
2258.000000
2309.000000
2191.000000
2189.000000
1920.000000
1703.000000
1523.000000
1328.000000
1303.000000
1208.000000
1100.000000
1148.000000
1164.000000
1152.000000
884.000000
843.000000
717.000000
669.000000
666.000000
631.000000
629.000000
656.000000
674.000000
703.000000
773.000000
784.000000
708.000000
711.000000
637.000000
584.000000
546.000000
530.000000
453.000000
350.000000
359.000000
322.000000
355.000000
325.000000
289.000000
281.000000
252.000000
305.000000
308.000000
306.000000
323.000000
303.000000
298.000000
324.000000
353.000000
368.000000
339.000000
362.000000
315.000000
258.000000
215.000000
232.000000
206.000000
183.000000
167.000000
181.000000
174.000000
216.000000
177.000000
137.000000
161.000000
144.000000
172.000000
162.000000
186.000000
195.000000
184.000000
175.000000
229.000000
224.000000
221.000000
187.000000
186.000000
179.000000
151.000000
166.000000
153.000000
131.000000
129.000000
133.000000
142.000000
152.000000
123.000000
131.000000
123.000000
137.000000
161.000000
149.000000
166.000000
178.000000
198.000000
193.000000
225.000000
222.000000
218.000000
181.000000
210.000000
204.000000
195.000000
183.000000
171.000000
180.000000
141.000000
152.000000
130.000000
140.000000
164.000000
157.000000
230.000000
263.000000
275.000000
285.000000
291.000000
291.000000
354.000000
376.000000
378.000000
