2075.000000
2299.000000
2290.000000
2350.000000
2176.000000
2109.000000
1970.000000
1862.000000
1922.000000
1755.000000
1818.000000
1820.000000
1890.000000
1483.000000
1280.000000
1185.000000
1367.000000
1449.000000
1648.000000
1592.000000
1735.000000
1865.000000
2124.000000
2390.000000
2343.000000
2270.000000
2259.000000
2287.000000
2233.000000
2016.000000
1962.000000
1811.000000
1652.000000
1613.000000
1771.000000
1781.000000
1828.000000
1432.000000
1443.000000
1529.000000
1464.000000
1595.000000
1600.000000
1845.000000
1983.000000
1921.000000
2220.000000
2515.000000
2477.000000
2439.000000
2487.000000
2299.000000
2275.000000
2361.000000
2251.000000
2125.000000
1875.000000
1866.000000
2062.000000
1988.000000
1914.000000
1854.000000
1572.000000
1618.000000
1778.000000
1990.000000
2118.000000
2229.000000
2379.000000
2508.000000
2789.000000
3193.000000
3124.000000
3122.000000
3044.000000
3011.000000
2945.000000
2945.000000
2945.000000
3049.000000
2728.000000
2528.000000
2826.000000
3055.000000
3033.000000
2587.000000
2789.000000
2632.000000
2912.000000
3276.000000
3582.000000
3769.000000
3856.000000
4468.000000
4891.000000
5498.000000
5475.000000
5471.000000
5431.000000
5515.000000
5302.000000
5057.000000
5295.000000
5095.000000
5007.000000
4715.000000
4915.000000
5278.000000
5627.000000
5690.000000
5237.000000
5407.000000
5713.000000
6066.000000
6522.000000
6046.000000
6092.000000
6754.000000
7544.000000
8461.000000
8723.000000
8585.000000
8799.000000
8060.000000
7610.000000
7583.000000
7185.000000
6572.000000
6487.000000
5735.000000
5514.000000
5610.000000
5607.000000
5267.000000
4824.000000
4366.000000
4348.000000
4310.000000
4431.000000
4489.000000
4787.000000
5527.000000
6892.000000
7716.000000
8253.000000
8773.000000
9030.000000
9053.000000
9420.000000
9429.000000
9124.000000
9110.000000
9338.000000
9847.000000
11098.000000
12894.000000
14272.000000
15011.000000
15228.000000
14234.000000
13553.000000
14156.000000
14217.000000
13683.000000
13788.000000
16930.000000
22105.000000
26426.000000
27830.000000
27292.000000
25947.000000
22908.000000
20321.000000
17599.000000
15415.000000
14188.000000
12816.000000
11423.000000
10907.000000
10593.000000
9560.000000
8180.000000
6747.000000
5527.000000
5047.000000
4524.000000
4455.000000
4394.000000
4402.000000
4630.000000
4834.000000
5227.000000
5103.000000
4981.000000
4675.000000
4214.000000
4026.000000
3531.000000
3174.000000
2715.000000
2389.000000
2116.000000
1973.000000
2013.000000
2373.000000
1822.000000
1699.000000
1422.000000
1554.000000
1546.000000
1506.000000
1310.000000
1391.000000
1532.000000
1588.000000
1806.000000
1712.000000
1618.000000
1706.000000
1552.000000
1417.000000
1380.000000
1170.000000
1071.000000
1106.000000
895.000000
1058.000000
883.000000
989.000000
930.000000
702.000000
754.000000
774.000000
742.000000
786.000000
802.000000
686.000000
782.000000
907.000000
1016.000000
1008.000000
1023.000000
932.000000
864.000000
963.000000
803.000000
736.000000
644.000000
557.000000
586.000000
551.000000
603.000000
531.000000
817.000000
533.000000
550.000000
523.000000
547.000000
534.000000
553.000000
542.000000
672.000000
706.000000
703.000000
754.000000
708.000000
712.000000
729.000000
681.000000
704.000000
557.000000
511.000000
437.000000
434.000000
493.000000
513.000000
456.000000
581.000000
361.000000
400.000000
448.000000
519.000000
470.000000
490.000000
451.000000
515.000000
544.000000
665.000000
663.000000
639.000000
655.000000
605.000000
564.000000
580.000000
530.000000
405.000000
402.000000
396.000000
368.000000
387.000000
358.000000
451.000000
567.000000
792.000000
352.000000
465.000000
432.000000
438.000000
457.000000
547.000000
572.000000
648.000000
674.000000
705.000000
802.000000
1403.000000
732.000000
1079.000000
982.000000
937.000000
1261.000000
875.000000
673.000000
580.000000
775.000000
725.000000
597.000000
675.000000
766.000000
870.000000
950.000000
955.000000
852.000000
896.000000
999.000000
1142.000000
1120.000000
