355.000000
358.000000
362.000000
298.000000
415.000000
300.000000
312.000000
332.000000
291.000000
340.000000
333.000000
285.000000
237.000000
195.000000
171.000000
94.000000
90.000000
85.000000
93.000000
100.000000
157.000000
234.000000
274.000000
410.000000
437.000000
385.000000
435.000000
429.000000
401.000000
404.000000
419.000000
420.000000
354.000000
408.000000
385.000000
412.000000
307.000000
236.000000
175.000000
140.000000
130.000000
102.000000
101.000000
120.000000
211.000000
268.000000
321.000000
442.000000
479.000000
443.000000
483.000000
424.000000
452.000000
437.000000
446.000000
494.000000
366.000000
765.000000
405.000000
382.000000
297.000000
252.000000
190.000000
150.000000
130.000000
123.000000
131.000000
144.000000
159.000000
193.000000
269.000000
382.000000
377.000000
370.000000
341.000000
328.000000
333.000000
335.000000
354.000000
587.000000
422.000000
655.000000
463.000000
308.000000
311.000000
254.000000
168.000000
165.000000
119.000000
104.000000
93.000000
142.000000
178.000000
259.000000
373.000000
344.000000
479.000000
465.000000
412.000000
424.000000
479.000000
495.000000
542.000000
523.000000
675.000000
702.000000
728.000000
672.000000
513.000000
371.000000
314.000000
214.000000
177.000000
162.000000
180.000000
244.000000
416.000000
526.000000
787.000000
1110.000000
1028.000000
973.000000
1109.000000
1131.000000
1138.000000
1029.000000
1113.000000
1170.000000
1309.000000
1299.000000
1206.000000
1146.000000
860.000000
738.000000
498.000000
377.000000
327.000000
287.000000
306.000000
470.000000
765.000000
1216.000000
1649.000000
2099.000000
2064.000000
2008.000000
2120.000000
2139.000000
2321.000000
2424.000000
2817.000000
3162.000000
3767.000000
4004.000000
4101.000000
4022.000000
3666.000000
3050.000000
2439.000000
1850.000000
1574.000000
1497.000000
2235.000000
3515.000000
4928.000000
7314.000000
8763.000000
9656.000000
9856.000000
9133.000000
8807.000000
8312.000000
7108.000000
6783.000000
7089.000000
7509.000000
7641.000000
5946.000000
5509.000000
5706.000000
5733.000000
4723.000000
4969.000000
3788.000000
3250.000000
3224.000000
2705.000000
2410.000000
2613.000000
3626.000000
2389.000000
2257.000000
2097.000000
1897.000000
1766.000000
1482.000000
1310.000000
1330.000000
1268.000000
1209.000000
1090.000000
1213.000000
1176.000000
1110.000000
1024.000000
957.000000
901.000000
775.000000
688.000000
630.000000
709.000000
698.000000
654.000000
638.000000
578.000000
581.000000
518.000000
593.000000
513.000000
471.000000
378.000000
399.000000
388.000000
401.000000
353.000000
345.000000
457.000000
389.000000
400.000000
337.000000
337.000000
295.000000
278.000000
264.000000
224.000000
230.000000
257.000000
240.000000
260.000000
246.000000
222.000000
241.000000
203.000000
223.000000
219.000000
171.000000
246.000000
207.000000
174.000000
273.000000
193.000000
174.000000
204.000000
185.000000
196.000000
185.000000
133.000000
124.000000
141.000000
141.000000
135.000000
128.000000
164.000000
168.000000
156.000000
191.000000
161.000000
166.000000
145.000000
184.000000
191.000000
185.000000
169.000000
176.000000
175.000000
177.000000
187.000000
185.000000
150.000000
118.000000
112.000000
106.000000
89.000000
117.000000
137.000000
173.000000
167.000000
240.000000
241.000000
211.000000
275.000000
197.000000
206.000000
181.000000
186.000000
212.000000
203.000000
184.000000
155.000000
147.000000
138.000000
138.000000
111.000000
101.000000
88.000000
73.000000
110.000000
143.000000
93.000000
186.000000
198.000000
213.000000
294.000000
243.000000
387.000000
218.000000
323.000000
186.000000
276.000000
254.000000
256.000000
329.000000
382.000000
248.000000
313.000000
335.000000
171.000000
177.000000
149.000000
124.000000
114.000000
111.000000
104.000000
144.000000
145.000000
215.000000
238.000000
