159.000000
145.000000
147.000000
119.000000
131.000000
110.000000
113.000000
86.000000
70.000000
38.000000
41.000000
22.000000
20.000000
13.000000
22.000000
33.000000
52.000000
86.000000
121.000000
195.000000
183.000000
165.000000
166.000000
185.000000
126.000000
156.000000
147.000000
102.000000
136.000000
129.000000
136.000000
104.000000
85.000000
66.000000
54.000000
24.000000
22.000000
23.000000
33.000000
55.000000
75.000000
116.000000
175.000000
196.000000
199.000000
179.000000
175.000000
213.000000
173.000000
178.000000
144.000000
136.000000
143.000000
203.000000
421.000000
218.000000
125.000000
110.000000
71.000000
49.000000
32.000000
27.000000
36.000000
69.000000
104.000000
163.000000
217.000000
221.000000
193.000000
256.000000
208.000000
257.000000
220.000000
223.000000
147.000000
194.000000
213.000000
176.000000
140.000000
142.000000
126.000000
79.000000
49.000000
43.000000
29.000000
28.000000
30.000000
52.000000
87.000000
106.000000
129.000000
163.000000
223.000000
209.000000
227.000000
324.000000
385.000000
298.000000
280.000000
254.000000
263.000000
220.000000
325.000000
218.000000
135.000000
119.000000
69.000000
54.000000
42.000000
28.000000
42.000000
66.000000
107.000000
168.000000
219.000000
314.000000
278.000000
250.000000
277.000000
230.000000
215.000000
262.000000
277.000000
303.000000
351.000000
360.000000
302.000000
306.000000
206.000000
142.000000
86.000000
69.000000
64.000000
60.000000
64.000000
158.000000
251.000000
398.000000
812.000000
860.000000
866.000000
925.000000
861.000000
951.000000
778.000000
929.000000
847.000000
923.000000
978.000000
1058.000000
984.000000
865.000000
780.000000
544.000000
365.000000
270.000000
208.000000
218.000000
287.000000
524.000000
1045.000000
1721.000000
2509.000000
3533.000000
3605.000000
3631.000000
4245.000000
8395.000000
14074.000000
3480.000000
2571.000000
2220.000000
1915.000000
1591.000000
1425.000000
1076.000000
764.000000
575.000000
350.000000
244.000000
202.000000
202.000000
220.000000
375.000000
612.000000
654.000000
774.000000
639.000000
585.000000
548.000000
485.000000
405.000000
386.000000
420.000000
382.000000
426.000000
413.000000
385.000000
340.000000
310.000000
206.000000
124.000000
104.000000
81.000000
86.000000
83.000000
61.000000
75.000000
127.000000
161.000000
185.000000
239.000000
207.000000
252.000000
190.000000
187.000000
222.000000
206.000000
202.000000
178.000000
180.000000
159.000000
162.000000
91.000000
97.000000
61.000000
40.000000
51.000000
45.000000
41.000000
34.000000
57.000000
67.000000
86.000000
111.000000
110.000000
91.000000
101.000000
91.000000
105.000000
78.000000
66.000000
77.000000
74.000000
87.000000
84.000000
86.000000
71.000000
53.000000
45.000000
36.000000
35.000000
21.000000
26.000000
30.000000
23.000000
23.000000
39.000000
65.000000
59.000000
77.000000
63.000000
92.000000
104.000000
92.000000
88.000000
118.000000
87.000000
76.000000
60.000000
80.000000
45.000000
48.000000
40.000000
33.000000
25.000000
19.000000
12.000000
9.000000
16.000000
30.000000
30.000000
38.000000
40.000000
50.000000
43.000000
63.000000
44.000000
56.000000
31.000000
42.000000
47.000000
44.000000
59.000000
34.000000
40.000000
48.000000
32.000000
24.000000
22.000000
16.000000
19.000000
12.000000
17.000000
27.000000
31.000000
60.000000
42.000000
53.000000
46.000000
47.000000
53.000000
61.000000
47.000000
43.000000
41.000000
51.000000
56.000000
50.000000
39.000000
25.000000
22.000000
27.000000
16.000000
23.000000
17.000000
10.000000
25.000000
21.000000
24.000000
39.000000
58.000000
50.000000
46.000000
46.000000
46.000000
44.000000
