2681.000000
2698.000000
2932.000000
2847.000000
2694.000000
2056.000000
1832.000000
1587.000000
1460.000000
1245.000000
1412.000000
1742.000000
2271.000000
2146.000000
1881.000000
1826.000000
1824.000000
1736.000000
1665.000000
1754.000000
1877.000000
1928.000000
2022.000000
2281.000000
2437.000000
2545.000000
2777.000000
2593.000000
2553.000000
2190.000000
1801.000000
1667.000000
1473.000000
1382.000000
1476.000000
1604.000000
1769.000000
1833.000000
1788.000000
1707.000000
1774.000000
1723.000000
1914.000000
1746.000000
1840.000000
1985.000000
2057.000000
2310.000000
2368.000000
2503.000000
2716.000000
2642.000000
2435.000000
1992.000000
1736.000000
1498.000000
1368.000000
1200.000000
1394.000000
1513.000000
1706.000000
1666.000000
1693.000000
1591.000000
1604.000000
1477.000000
1509.000000
1623.000000
1604.000000
1703.000000
1767.000000
2004.000000
2372.000000
2291.000000
2448.000000
2510.000000
2385.000000
2116.000000
1854.000000
1695.000000
1684.000000
1517.000000
1468.000000
1733.000000
1931.000000
1982.000000
1979.000000
1959.000000
1831.000000
1936.000000
1925.000000
2104.000000
2129.000000
2141.000000
2365.000000
2687.000000
2915.000000
3058.000000
3243.000000
3243.000000
3349.000000
2912.000000
2540.000000
2406.000000
2190.000000
2125.000000
2259.000000
2571.000000
2750.000000
2887.000000
2864.000000
2774.000000
2844.000000
2794.000000
2942.000000
3119.000000
3148.000000
3458.000000
3643.000000
4279.000000
4589.000000
4919.000000
5092.000000
4756.000000
4793.000000
4421.000000
4002.000000
3739.000000
3375.000000
3192.000000
3443.000000
3665.000000
4117.000000
4105.000000
4540.000000
4731.000000
4925.000000
5273.000000
5620.000000
6240.000000
6835.000000
7416.000000
8138.000000
9956.000000
11477.000000
12538.000000
14870.000000
15404.000000
19455.000000
16389.000000
13722.000000
12695.000000
12768.000000
12892.000000
15156.000000
17987.000000
20933.000000
22241.000000
24112.000000
25491.000000
25655.000000
25871.000000
25114.000000
23835.000000
23554.000000
24393.000000
28065.000000
32509.000000
34755.000000
34252.000000
33072.000000
30910.000000
27103.000000
23972.000000
20394.000000
17732.000000
16121.000000
14231.000000
13565.000000
12388.000000
11463.000000
9998.000000
8033.000000
6365.000000
5511.000000
4759.000000
4089.000000
3851.000000
3766.000000
3770.000000
4155.000000
4517.000000
4892.000000
4509.000000
4544.000000
4293.000000
3742.000000
3391.000000
3041.000000
2621.000000
2220.000000
1984.000000
1895.000000
1842.000000
1842.000000
1741.000000
1606.000000
1415.000000
1301.000000
1363.000000
1238.000000
1182.000000
1228.000000
1228.000000
1302.000000
1521.000000
1492.000000
1504.000000
1677.000000
1439.000000
1331.000000
1226.000000
1158.000000
1078.000000
946.000000
834.000000
815.000000
797.000000
797.000000
812.000000
746.000000
741.000000
693.000000
675.000000
645.000000
688.000000
707.000000
720.000000
804.000000
832.000000
876.000000
1137.000000
883.000000
846.000000
844.000000
835.000000
763.000000
672.000000
630.000000
565.000000
522.000000
563.000000
590.000000
568.000000
597.000000
500.000000
530.000000
517.000000
584.000000
614.000000
630.000000
588.000000
610.000000
749.000000
798.000000
792.000000
753.000000
708.000000
712.000000
859.000000
562.000000
528.000000
495.000000
466.000000
408.000000
442.000000
484.000000
461.000000
424.000000
438.000000
433.000000
444.000000
462.000000
416.000000
440.000000
482.000000
512.000000
554.000000
586.000000
588.000000
684.000000
610.000000
582.000000
490.000000
471.000000
443.000000
431.000000
387.000000
496.000000
449.000000
390.000000
348.000000
372.000000
327.000000
280.000000
331.000000
281.000000
285.000000
346.000000
354.000000
353.000000
429.000000
476.000000
539.000000
544.000000
532.000000
452.000000
497.000000
488.000000
300.000000
340.000000
306.000000
294.000000
293.000000
310.000000
295.000000
225.000000
260.000000
386.000000
285.000000
266.000000
253.000000
255.000000
329.000000
326.000000
344.000000
390.000000
