54.000000
82.000000
66.000000
60.000000
99.000000
74.000000
78.000000
73.000000
63.000000
59.000000
67.000000
49.000000
54.000000
38.000000
38.000000
37.000000
22.000000
31.000000
37.000000
20.000000
24.000000
16.000000
41.000000
41.000000
54.000000
54.000000
49.000000
50.000000
54.000000
82.000000
54.000000
66.000000
53.000000
64.000000
85.000000
74.000000
81.000000
61.000000
71.000000
50.000000
42.000000
39.000000
32.000000
42.000000
26.000000
28.000000
38.000000
53.000000
56.000000
78.000000
83.000000
80.000000
85.000000
86.000000
109.000000
87.000000
97.000000
93.000000
112.000000
95.000000
103.000000
101.000000
60.000000
48.000000
56.000000
30.000000
36.000000
39.000000
31.000000
33.000000
72.000000
91.000000
125.000000
150.000000
145.000000
167.000000
192.000000
169.000000
188.000000
166.000000
144.000000
143.000000
142.000000
140.000000
124.000000
135.000000
92.000000
59.000000
57.000000
50.000000
44.000000
31.000000
26.000000
40.000000
75.000000
141.000000
158.000000
163.000000
150.000000
158.000000
161.000000
196.000000
171.000000
164.000000
163.000000
133.000000
170.000000
154.000000
139.000000
126.000000
92.000000
58.000000
45.000000
64.000000
37.000000
38.000000
48.000000
57.000000
94.000000
139.000000
145.000000
150.000000
179.000000
226.000000
187.000000
200.000000
241.000000
224.000000
204.000000
221.000000
197.000000
194.000000
197.000000
181.000000
111.000000
106.000000
80.000000
93.000000
86.000000
88.000000
93.000000
128.000000
170.000000
286.000000
416.000000
377.000000
373.000000
391.000000
466.000000
543.000000
504.000000
570.000000
517.000000
499.000000
651.000000
673.000000
667.000000
792.000000
930.000000
2236.000000
1476.000000
921.000000
862.000000
812.000000
1044.000000
1820.000000
3238.000000
4905.000000
4974.000000
4608.000000
4241.000000
4226.000000
4503.000000
4165.000000
3945.000000
3651.000000
3041.000000
2706.000000
2669.000000
2450.000000
2248.000000
2171.000000
1676.000000
844.000000
597.000000
519.000000
401.000000
337.000000
232.000000
225.000000
231.000000
274.000000
283.000000
253.000000
256.000000
272.000000
283.000000
283.000000
297.000000
283.000000
223.000000
194.000000
215.000000
195.000000
172.000000
144.000000
130.000000
118.000000
99.000000
93.000000
77.000000
75.000000
45.000000
49.000000
60.000000
91.000000
75.000000
95.000000
77.000000
74.000000
102.000000
105.000000
109.000000
132.000000
101.000000
96.000000
121.000000
96.000000
80.000000
77.000000
67.000000
44.000000
46.000000
31.000000
38.000000
35.000000
34.000000
44.000000
37.000000
63.000000
80.000000
60.000000
67.000000
75.000000
73.000000
44.000000
76.000000
81.000000
97.000000
63.000000
77.000000
61.000000
68.000000
43.000000
39.000000
34.000000
42.000000
20.000000
30.000000
18.000000
17.000000
20.000000
27.000000
53.000000
44.000000
26.000000
28.000000
28.000000
42.000000
43.000000
52.000000
38.000000
26.000000
43.000000
38.000000
31.000000
38.000000
24.000000
24.000000
22.000000
26.000000
10.000000
13.000000
13.000000
10.000000
14.000000
20.000000
24.000000
28.000000
33.000000
31.000000
28.000000
33.000000
31.000000
32.000000
34.000000
31.000000
46.000000
36.000000
29.000000
23.000000
27.000000
17.000000
18.000000
20.000000
13.000000
14.000000
14.000000
8.000000
11.000000
15.000000
9.000000
19.000000
18.000000
24.000000
31.000000
30.000000
33.000000
15.000000
35.000000
21.000000
30.000000
21.000000
21.000000
10.000000
21.000000
13.000000
13.000000
14.000000
11.000000
14.000000
8.000000
18.000000
17.000000
10.000000
10.000000
29.000000
