1892.000000
1830.000000
1883.000000
1667.000000
1649.000000
1457.000000
1288.000000
1148.000000
1088.000000
1098.000000
1097.000000
862.000000
682.000000
585.000000
532.000000
494.000000
565.000000
583.000000
619.000000
641.000000
775.000000
1294.000000
1997.000000
1942.000000
2133.000000
1873.000000
1799.000000
1851.000000
1576.000000
1441.000000
1139.000000
994.000000
966.000000
950.000000
938.000000
751.000000
645.000000
543.000000
447.000000
454.000000
470.000000
452.000000
432.000000
523.000000
594.000000
795.000000
992.000000
1022.000000
1027.000000
1094.000000
1071.000000
1052.000000
1014.000000
948.000000
1055.000000
933.000000
981.000000
1065.000000
1090.000000
972.000000
914.000000
707.000000
542.000000
506.000000
471.000000
501.000000
547.000000
749.000000
863.000000
1281.000000
1361.000000
1519.000000
1645.000000
1732.000000
1622.000000
1569.000000
1480.000000
1549.000000
1518.000000
1547.000000
1459.000000
1612.000000
1595.000000
1382.000000
1115.000000
1008.000000
908.000000
847.000000
936.000000
901.000000
981.000000
1170.000000
1520.000000
2286.000000
2934.000000
3274.000000
3194.000000
3220.000000
3159.000000
3020.000000
2704.000000
2471.000000
2068.000000
2040.000000
1977.000000
1954.000000
1889.000000
1693.000000
1352.000000
1214.000000
1084.000000
1036.000000
1123.000000
1060.000000
1174.000000
1351.000000
1888.000000
2785.000000
3820.000000
4356.000000
4070.000000
3986.000000
4134.000000
3812.000000
3366.000000
3137.000000
3074.000000
2901.000000
2802.000000
2884.000000
2877.000000
2918.000000
2219.000000
1788.000000
1847.000000
1690.000000
1793.000000
1882.000000
1883.000000
2374.000000
3134.000000
4242.000000
5149.000000
5482.000000
5881.000000
5513.000000
5463.000000
5668.000000
5289.000000
5273.000000
5222.000000
5297.000000
6536.000000
6719.000000
6700.000000
6279.000000
5713.000000
5907.000000
5463.000000
5544.000000
5801.000000
6002.000000
5834.000000
6914.000000
8929.000000
12410.000000
14696.000000
16745.000000
16981.000000
16221.000000
15898.000000
14837.000000
13672.000000
12943.000000
11756.000000
11068.000000
9733.000000
9271.000000
8626.000000
7567.000000
6714.000000
5676.000000
4945.000000
4526.000000
4169.000000
3976.000000
3658.000000
3743.000000
3992.000000
4510.000000
4797.000000
4882.000000
4481.000000
4314.000000
4165.000000
3743.000000
3286.000000
3000.000000
2757.000000
2505.000000
2467.000000
2195.000000
2114.000000
2072.000000
1881.000000
1532.000000
1463.000000
1376.000000
1362.000000
1303.000000
1766.000000
1276.000000
1407.000000
1635.000000
1725.000000
1768.000000
1782.000000
1750.000000
1619.000000
1543.000000
1495.000000
1346.000000
1331.000000
1240.000000
1204.000000
1313.000000
1218.000000
1149.000000
1031.000000
916.000000
810.000000
782.000000
820.000000
857.000000
768.000000
794.000000
905.000000
960.000000
1176.000000
1237.000000
1256.000000
1309.000000
1262.000000
1197.000000
1180.000000
1131.000000
1014.000000
1027.000000
1091.000000
1099.000000
1144.000000
951.000000
753.000000
728.000000
652.000000
675.000000
751.000000
644.000000
630.000000
704.000000
870.000000
1076.000000
1347.000000
1368.000000
1433.000000
1337.000000
1286.000000
1144.000000
1009.000000
1013.000000
818.000000
712.000000
763.000000
681.000000
682.000000
618.000000
511.000000
413.000000
409.000000
423.000000
368.000000
422.000000
369.000000
410.000000
500.000000
660.000000
716.000000
789.000000
811.000000
783.000000
722.000000
730.000000
652.000000
597.000000
514.000000
487.000000
540.000000
500.000000
457.000000
427.000000
351.000000
328.000000
295.000000
255.000000
255.000000
324.000000
266.000000
357.000000
385.000000
466.000000
609.000000
727.000000
592.000000
625.000000
582.000000
575.000000
587.000000
464.000000
456.000000
433.000000
403.000000
469.000000
405.000000
362.000000
338.000000
291.000000
224.000000
237.000000
259.000000
283.000000
260.000000
267.000000
298.000000
352.000000
476.000000
483.000000
476.000000
