424.000000
491.000000
474.000000
471.000000
497.000000
508.000000
585.000000
570.000000
525.000000
472.000000
388.000000
362.000000
330.000000
349.000000
320.000000
218.000000
236.000000
210.000000
252.000000
287.000000
306.000000
296.000000
408.000000
395.000000
445.000000
528.000000
498.000000
500.000000
453.000000
484.000000
588.000000
582.000000
534.000000
467.000000
429.000000
391.000000
328.000000
327.000000
227.000000
154.000000
210.000000
220.000000
208.000000
302.000000
319.000000
369.000000
396.000000
404.000000
372.000000
436.000000
393.000000
390.000000
419.000000
427.000000
522.000000
468.000000
496.000000
509.000000
379.000000
358.000000
262.000000
249.000000
264.000000
203.000000
205.000000
199.000000
276.000000
311.000000
353.000000
460.000000
449.000000
511.000000
448.000000
564.000000
571.000000
591.000000
620.000000
654.000000
713.000000
777.000000
732.000000
833.000000
530.000000
519.000000
473.000000
401.000000
391.000000
365.000000
332.000000
447.000000
567.000000
702.000000
732.000000
788.000000
954.000000
931.000000
1142.000000
1261.000000
1245.000000
1325.000000
1260.000000
1401.000000
1556.000000
1602.000000
1469.000000
1272.000000
1012.000000
907.000000
859.000000
804.000000
636.000000
506.000000
556.000000
725.000000
746.000000
873.000000
1062.000000
1227.000000
1449.000000
1554.000000
1578.000000
1768.000000
1945.000000
2315.000000
1949.000000
2251.000000
2398.000000
2505.000000
2338.000000
2124.000000
1674.000000
1390.000000
1298.000000
1213.000000
1061.000000
916.000000
1100.000000
1485.000000
1973.000000
2136.000000
2505.000000
2956.000000
3342.000000
3725.000000
4096.000000
4921.000000
5138.000000
5371.000000
5872.000000
6962.000000
7922.000000
9567.000000
17737.000000
14210.000000
11535.000000
9516.000000
8551.000000
8114.000000
8035.000000
8053.000000
10746.000000
17295.000000
25379.000000
30490.000000
35553.000000
34102.000000
34836.000000
41490.000000
41752.000000
36436.000000
35048.000000
33439.000000
35824.000000
36897.000000
38868.000000
38367.000000
36965.000000
31451.000000
26753.000000
23614.000000
18997.000000
18699.000000
13586.000000
11297.000000
10217.000000
10133.000000
9182.000000
8277.000000
7099.000000
5530.000000
5220.000000
4551.000000
4110.000000
3766.000000
3574.000000
3663.000000
3830.000000
4204.000000
4305.000000
3987.000000
3762.000000
3190.000000
3008.000000
2483.000000
2168.000000
2003.000000
1629.000000
1439.000000
1419.000000
1439.000000
1450.000000
1399.000000
1347.000000
1327.000000
1263.000000
1207.000000
1152.000000
1128.000000
1064.000000
1099.000000
1149.000000
1231.000000
1363.000000
1254.000000
1285.000000
1167.000000
1104.000000
900.000000
833.000000
761.000000
655.000000
622.000000
646.000000
620.000000
659.000000
688.000000
603.000000
706.000000
687.000000
759.000000
790.000000
807.000000
737.000000
771.000000
816.000000
832.000000
907.000000
920.000000
897.000000
768.000000
748.000000
690.000000
611.000000
584.000000
508.000000
437.000000
459.000000
526.000000
503.000000
499.000000
493.000000
503.000000
561.000000
534.000000
580.000000
621.000000
611.000000
625.000000
676.000000
788.000000
748.000000
700.000000
635.000000
602.000000
595.000000
527.000000
431.000000
397.000000
344.000000
356.000000
327.000000
385.000000
349.000000
350.000000
376.000000
341.000000
386.000000
381.000000
391.000000
425.000000
431.000000
379.000000
439.000000
459.000000
665.000000
547.000000
513.000000
472.000000
408.000000
357.000000
309.000000
242.000000
245.000000
215.000000
223.000000
261.000000
274.000000
265.000000
290.000000
294.000000
317.000000
352.000000
369.000000
327.000000
333.000000
308.000000
368.000000
376.000000
464.000000
469.000000
440.000000
463.000000
428.000000
306.000000
294.000000
253.000000
233.000000
235.000000
206.000000
272.000000
275.000000
263.000000
316.000000
301.000000
321.000000
318.000000
352.000000
