765.000000
734.000000
775.000000
764.000000
694.000000
707.000000
557.000000
553.000000
487.000000
491.000000
383.000000
299.000000
244.000000
166.000000
133.000000
104.000000
97.000000
112.000000
119.000000
271.000000
467.000000
617.000000
718.000000
785.000000
822.000000
812.000000
838.000000
793.000000
740.000000
705.000000
634.000000
614.000000
592.000000
500.000000
446.000000
351.000000
228.000000
155.000000
99.000000
101.000000
92.000000
113.000000
209.000000
276.000000
480.000000
735.000000
824.000000
817.000000
888.000000
849.000000
856.000000
924.000000
839.000000
746.000000
747.000000
738.000000
701.000000
628.000000
574.000000
467.000000
306.000000
224.000000
156.000000
139.000000
166.000000
161.000000
250.000000
403.000000
704.000000
971.000000
1179.000000
1213.000000
1217.000000
1207.000000
1193.000000
1267.000000
1138.000000
1132.000000
1104.000000
1068.000000
1081.000000
874.000000
807.000000
669.000000
489.000000
286.000000
255.000000
219.000000
210.000000
201.000000
350.000000
729.000000
1237.000000
1797.000000
1954.000000
5253.000000
3418.000000
3890.000000
3360.000000
3244.000000
3122.000000
2946.000000
2576.000000
2241.000000
1999.000000
1791.000000
1661.000000
1271.000000
968.000000
648.000000
441.000000
354.000000
310.000000
251.000000
346.000000
518.000000
908.000000
1130.000000
1260.000000
1443.000000
1451.000000
1391.000000
1331.000000
1199.000000
1288.000000
1344.000000
1398.000000
1283.000000
1302.000000
1354.000000
1267.000000
1092.000000
846.000000
625.000000
507.000000
349.000000
299.000000
316.000000
379.000000
675.000000
1081.000000
1601.000000
1969.000000
2284.000000
2356.000000
2382.000000
2493.000000
2589.000000
2561.000000
3123.000000
3582.000000
3619.000000
3836.000000
4095.000000
3757.000000
3514.000000
3415.000000
2817.000000
2101.000000
2098.000000
1965.000000
2238.000000
3110.000000
5342.000000
8609.000000
11696.000000
12365.000000
13359.000000
13786.000000
12089.000000
10915.000000
11067.000000
9647.000000
9869.000000
10384.000000
9904.000000
7841.000000
8749.000000
7512.000000
5556.000000
4124.000000
2473.000000
1746.000000
1287.000000
1080.000000
1156.000000
1242.000000
1728.000000
2373.000000
2488.000000
2572.000000
2371.000000
2165.000000
1995.000000
1769.000000
1624.000000
1499.000000
1419.000000
1374.000000
1482.000000
1306.000000
1162.000000
1014.000000
773.000000
561.000000
418.000000
359.000000
326.000000
248.000000
226.000000
287.000000
405.000000
547.000000
695.000000
714.000000
839.000000
743.000000
711.000000
691.000000
583.000000
622.000000
551.000000
577.000000
588.000000
531.000000
475.000000
422.000000
308.000000
253.000000
182.000000
185.000000
169.000000
122.000000
170.000000
176.000000
270.000000
357.000000
434.000000
464.000000
450.000000
482.000000
429.000000
422.000000
417.000000
421.000000
382.000000
338.000000
327.000000
348.000000
338.000000
307.000000
241.000000
186.000000
148.000000
122.000000
115.000000
87.000000
100.000000
94.000000
150.000000
254.000000
290.000000
267.000000
315.000000
276.000000
283.000000
314.000000
274.000000
244.000000
179.000000
189.000000
185.000000
179.000000
168.000000
176.000000
133.000000
108.000000
81.000000
72.000000
56.000000
51.000000
41.000000
60.000000
67.000000
103.000000
128.000000
143.000000
152.000000
135.000000
140.000000
153.000000
144.000000
143.000000
135.000000
139.000000
156.000000
143.000000
144.000000
114.000000
110.000000
85.000000
60.000000
33.000000
48.000000
50.000000
49.000000
45.000000
75.000000
76.000000
107.000000
117.000000
127.000000
149.000000
138.000000
167.000000
152.000000
136.000000
131.000000
140.000000
144.000000
163.000000
139.000000
133.000000
124.000000
85.000000
73.000000
74.000000
52.000000
61.000000
62.000000
68.000000
85.000000
113.000000
184.000000
192.000000
195.000000
198.000000
