3033.000000
3059.000000
2745.000000
2260.000000
1645.000000
1453.000000
1224.000000
1144.000000
1042.000000
961.000000
950.000000
1217.000000
1364.000000
1397.000000
1367.000000
1343.000000
1468.000000
1497.000000
1518.000000
1596.000000
1759.000000
1878.000000
2181.000000
2979.000000
3734.000000
3902.000000
3563.000000
3019.000000
2335.000000
2050.000000
1744.000000
1555.000000
1429.000000
1335.000000
1396.000000
1517.000000
1914.000000
1838.000000
1753.000000
1828.000000
1914.000000
1962.000000
1818.000000
2066.000000
2394.000000
2590.000000
3030.000000
3798.000000
4410.000000
4504.000000
3912.000000
3297.000000
2707.000000
2331.000000
2043.000000
1891.000000
1581.000000
1424.000000
1412.000000
1523.000000
1908.000000
1883.000000
1784.000000
1661.000000
1623.000000
1554.000000
1656.000000
1643.000000
1718.000000
1899.000000
1936.000000
2324.000000
2676.000000
2916.000000
2532.000000
2338.000000
2015.000000
1754.000000
1594.000000
1541.000000
1430.000000
1507.000000
1507.000000
1701.000000
2011.000000
2198.000000
2303.000000
2233.000000
2218.000000
2436.000000
2210.000000
2273.000000
2203.000000
2377.000000
2564.000000
3226.000000
4075.000000
4400.000000
4176.000000
3867.000000
3367.000000
2730.000000
2208.000000
2104.000000
2057.000000
2259.000000
2479.000000
3151.000000
4131.000000
4437.000000
4698.000000
4831.000000
4747.000000
4805.000000
4863.000000
4921.000000
5495.000000
5658.000000
6032.000000
7362.000000
9123.000000
10128.000000
9839.000000
9523.000000
7664.000000
6824.000000
5486.000000
4742.000000
4549.000000
4309.000000
4691.000000
6377.000000
8379.000000
9402.000000
9473.000000
9551.000000
8949.000000
8748.000000
8616.000000
8401.000000
8617.000000
8463.000000
8979.000000
11172.000000
13555.000000
14899.000000
14496.000000
13328.000000
12277.000000
11314.000000
9972.000000
9071.000000
8720.000000
8273.000000
8222.000000
9470.000000
11348.000000
12038.000000
11821.000000
11483.000000
11416.000000
10984.000000
11999.000000
13103.000000
13565.000000
12890.000000
13705.000000
17998.000000
45184.000000
36804.000000
31330.000000
31890.000000
24795.000000
21848.000000
20189.000000
16622.000000
15443.000000
13406.000000
12440.000000
13094.000000
15127.000000
14543.000000
12781.000000
10425.000000
8617.000000
7491.000000
6851.000000
6169.000000
5669.000000
5289.000000
5936.000000
7298.000000
8469.000000
9016.000000
8271.000000
7233.000000
6516.000000
5743.000000
5203.000000
4702.000000
4063.000000
3640.000000
3317.000000
3327.000000
3451.000000
3487.000000
4057.000000
2753.000000
2439.000000
2352.000000
2351.000000
2123.000000
2253.000000
2127.000000
2438.000000
2968.000000
3609.000000
3665.000000
3431.000000
3043.000000
2908.000000
2675.000000
2308.000000
2128.000000
1940.000000
1709.000000
1661.000000
1624.000000
1728.000000
1809.000000
1708.000000
1573.000000
1539.000000
1353.000000
1385.000000
1299.000000
1217.000000
1267.000000
1358.000000
1573.000000
1928.000000
1898.000000
2518.000000
1672.000000
1414.000000
1447.000000
1420.000000
1439.000000
1377.000000
1237.000000
1286.000000
1292.000000
1389.000000
1496.000000
1396.000000
1297.000000
1251.000000
1218.000000
1171.000000
1068.000000
1213.000000
1257.000000
1253.000000
1603.000000
1920.000000
1840.000000
1766.000000
1466.000000
1346.000000
1148.000000
1019.000000
1127.000000
942.000000
842.000000
845.000000
1002.000000
1128.000000
1034.000000
926.000000
906.000000
922.000000
1061.000000
890.000000
938.000000
995.000000
936.000000
1147.000000
1474.000000
1921.000000
1890.000000
1684.000000
1277.000000
1070.000000
964.000000
837.000000
733.000000
697.000000
568.000000
549.000000
661.000000
732.000000
742.000000
697.000000
605.000000
628.000000
532.000000
564.000000
694.000000
694.000000
762.000000
828.000000
1041.000000
1239.000000
1349.000000
1218.000000
1003.000000
796.000000
914.000000
1499.000000
1923.000000
2904.000000
1844.000000
1654.000000
1645.000000
1517.000000
1546.000000
1453.000000
1192.000000
1040.000000
1049.000000
1027.000000
1031.000000
892.000000
920.000000
1003.000000
1433.000000
1602.000000
