776.000000
768.000000
817.000000
1038.000000
893.000000
814.000000
528.000000
314.000000
246.000000
198.000000
173.000000
153.000000
181.000000
280.000000
477.000000
651.000000
921.000000
1019.000000
927.000000
1054.000000
1054.000000
958.000000
1024.000000
1113.000000
1140.000000
1135.000000
1138.000000
1122.000000
1077.000000
809.000000
588.000000
473.000000
352.000000
257.000000
260.000000
270.000000
398.000000
658.000000
1063.000000
1516.000000
1861.000000
2105.000000
2158.000000
2212.000000
2080.000000
2278.000000
2055.000000
1768.000000
1760.000000
1771.000000
1992.000000
1939.000000
1524.000000
1224.000000
912.000000
731.000000
501.000000
406.000000
471.000000
496.000000
682.000000
1175.000000
1924.000000
2582.000000
2775.000000
2958.000000
2942.000000
3068.000000
3004.000000
2752.000000
2703.000000
2458.000000
2437.000000
2527.000000
2564.000000
2762.000000
2697.000000
2170.000000
1264.000000
980.000000
721.000000
552.000000
502.000000
620.000000
860.000000
1429.000000
2153.000000
2772.000000
3190.000000
3599.000000
3759.000000
3808.000000
3859.000000
3598.000000
3665.000000
3482.000000
3432.000000
3615.000000
3972.000000
3679.000000
3529.000000
2527.000000
1928.000000
1359.000000
1047.000000
800.000000
715.000000
801.000000
1266.000000
2063.000000
3139.000000
4464.000000
4946.000000
5561.000000
5675.000000
5560.000000
5775.000000
5778.000000
5728.000000
6034.000000
5754.000000
5761.000000
5460.000000
5863.000000
6227.000000
4152.000000
3148.000000
2531.000000
1841.000000
1657.000000
1543.000000
1871.000000
3103.000000
6027.000000
9044.000000
12340.000000
13271.000000
13715.000000
14114.000000
13479.000000
12851.000000
12456.000000
12180.000000
12502.000000
13250.000000
12839.000000
12557.000000
12234.000000
12127.000000
10680.000000
8585.000000
6989.000000
5960.000000
5353.000000
4997.000000
5127.000000
8461.000000
14038.000000
21158.000000
24915.000000
27248.000000
30734.000000
32570.000000
32216.000000
30332.000000
31143.000000
31376.000000
32934.000000
33575.000000
31731.000000
30430.000000
28903.000000
23722.000000
18839.000000
14347.000000
10104.000000
7217.000000
5490.000000
4234.000000
3651.000000
3822.000000
5163.000000
6725.000000
8023.000000
8979.000000
9028.000000
8367.000000
7971.000000
7439.000000
6889.000000
6280.000000
5997.000000
6008.000000
5370.000000
5176.000000
5129.000000
4173.000000
3217.000000
2505.000000
1884.000000
1465.000000
1281.000000
1070.000000
1095.000000
1395.000000
1990.000000
2885.000000
3432.000000
3483.000000
3464.000000
3629.000000
3264.000000
2968.000000
2863.000000
2695.000000
2303.000000
2129.000000
1974.000000
1936.000000
1861.000000
1640.000000
1330.000000
960.000000
737.000000
595.000000
540.000000
466.000000
444.000000
567.000000
829.000000
1058.000000
1219.000000
1209.000000
1389.000000
1366.000000
1480.000000
1262.000000
1248.000000
1219.000000
1034.000000
956.000000
950.000000
929.000000
908.000000
854.000000
661.000000
559.000000
387.000000
326.000000
240.000000
195.000000
265.000000
307.000000
389.000000
537.000000
718.000000
706.000000
817.000000
845.000000
750.000000
788.000000
715.000000
661.000000
611.000000
600.000000
554.000000
580.000000
622.000000
540.000000
404.000000
357.000000
277.000000
203.000000
164.000000
162.000000
157.000000
224.000000
274.000000
386.000000
500.000000
523.000000
549.000000
588.000000
649.000000
519.000000
536.000000
499.000000
449.000000
448.000000
465.000000
514.000000
436.000000
432.000000
369.000000
255.000000
196.000000
145.000000
127.000000
151.000000
142.000000
177.000000
215.000000
299.000000
379.000000
394.000000
474.000000
526.000000
481.000000
389.000000
357.000000
392.000000
349.000000
316.000000
319.000000
324.000000
288.000000
320.000000
236.000000
199.000000
161.000000
146.000000
114.000000
102.000000
122.000000
116.000000
157.000000
181.000000
219.000000
236.000000
341.000000
282.000000
280.000000
300.000000
303.000000
278.000000
275.000000
306.000000
