1457.000000
1553.000000
1491.000000
1456.000000
1386.000000
1333.000000
1281.000000
1387.000000
1286.000000
1387.000000
1317.000000
1006.000000
699.000000
487.000000
339.000000
172.000000
166.000000
227.000000
417.000000
673.000000
945.000000
1416.000000
1509.000000
1565.000000
1664.000000
1622.000000
1627.000000
1645.000000
1558.000000
1577.000000
1495.000000
1536.000000
1504.000000
1657.000000
1537.000000
1206.000000
949.000000
641.000000
445.000000
270.000000
210.000000
304.000000
557.000000
0.000000
1242.000000
1693.000000
1902.000000
1819.000000
1932.000000
1978.000000
2024.000000
2079.000000
2113.000000
1883.000000
1860.000000
1842.000000
1794.000000
1766.000000
1807.000000
1466.000000
1113.000000
771.000000
529.000000
344.000000
294.000000
320.000000
592.000000
932.000000
1316.000000
1682.000000
1856.000000
1975.000000
2070.000000
2006.000000
1901.000000
1873.000000
1820.000000
1865.000000
1813.000000
1752.000000
1703.000000
1732.000000
1602.000000
1452.000000
1102.000000
742.000000
464.000000
349.000000
290.000000
242.000000
451.000000
772.000000
1295.000000
1705.000000
2197.000000
2533.000000
2767.000000
2579.000000
2687.000000
2595.000000
2505.000000
2391.000000
2465.000000
2633.000000
2442.000000
2374.000000
2490.000000
2207.000000
1520.000000
1050.000000
658.000000
483.000000
352.000000
295.000000
546.000000
961.000000
1457.000000
2457.000000
2336.000000
2375.000000
2443.000000
2260.000000
2308.000000
2279.000000
2353.000000
2721.000000
2729.000000
2793.000000
2938.000000
3299.000000
3150.000000
2444.000000
1820.000000
1277.000000
810.000000
578.000000
465.000000
642.000000
1384.000000
2169.000000
3364.000000
5904.000000
5772.000000
5225.000000
5734.000000
5230.000000
4875.000000
5020.000000
5364.000000
4990.000000
4870.000000
5091.000000
5716.000000
6345.000000
6418.000000
5315.000000
4371.000000
3241.000000
2228.000000
1866.000000
1590.000000
2465.000000
5738.000000
11282.000000
21263.000000
28090.000000
31770.000000
35112.000000
36423.000000
32490.000000
32042.000000
27569.000000
23736.000000
21827.000000
20918.000000
19694.000000
18642.000000
22447.000000
17557.000000
13444.000000
9908.000000
5960.000000
3776.000000
2348.000000
1868.000000
2121.000000
3464.000000
5080.000000
6100.000000
6266.000000
6022.000000
5447.000000
5384.000000
4798.000000
4266.000000
4053.000000
3899.000000
3723.000000
3428.000000
3395.000000
3127.000000
3214.000000
3113.000000
2660.000000
1813.000000
1278.000000
893.000000
696.000000
577.000000
554.000000
922.000000
1284.000000
1625.000000
1728.000000
1773.000000
1701.000000
1740.000000
1663.000000
1649.000000
1524.000000
1595.000000
1528.000000
1344.000000
1329.000000
1279.000000
1287.000000
1155.000000
1006.000000
764.000000
493.000000
345.000000
242.000000
169.000000
221.000000
346.000000
509.000000
658.000000
722.000000
804.000000
808.000000
825.000000
743.000000
760.000000
746.000000
802.000000
759.000000
794.000000
711.000000
605.000000
655.000000
629.000000
573.000000
451.000000
329.000000
198.000000
149.000000
135.000000
130.000000
188.000000
292.000000
413.000000
592.000000
641.000000
673.000000
721.000000
792.000000
731.000000
599.000000
666.000000
634.000000
787.000000
642.000000
537.000000
604.000000
638.000000
565.000000
315.000000
266.000000
137.000000
140.000000
104.000000
109.000000
151.000000
325.000000
342.000000
435.000000
444.000000
453.000000
436.000000
693.000000
456.000000
442.000000
373.000000
451.000000
452.000000
379.000000
431.000000
361.000000
369.000000
317.000000
192.000000
172.000000
112.000000
94.000000
67.000000
81.000000
111.000000
185.000000
235.000000
296.000000
325.000000
366.000000
330.000000
361.000000
359.000000
350.000000
299.000000
327.000000
275.000000
300.000000
276.000000
275.000000
237.000000
229.000000
155.000000
124.000000
91.000000
69.000000
44.000000
75.000000
86.000000
131.000000
177.000000
209.000000
254.000000
238.000000
293.000000
