701.000000
618.000000
578.000000
671.000000
648.000000
629.000000
527.000000
479.000000
516.000000
468.000000
475.000000
459.000000
409.000000
266.000000
240.000000
223.000000
173.000000
194.000000
195.000000
293.000000
334.000000
433.000000
506.000000
558.000000
612.000000
590.000000
582.000000
570.000000
633.000000
593.000000
564.000000
512.000000
447.000000
438.000000
432.000000
421.000000
351.000000
249.000000
217.000000
191.000000
185.000000
181.000000
225.000000
263.000000
308.000000
442.000000
537.000000
645.000000
687.000000
659.000000
638.000000
671.000000
671.000000
708.000000
620.000000
544.000000
441.000000
468.000000
443.000000
447.000000
332.000000
259.000000
216.000000
206.000000
191.000000
164.000000
168.000000
245.000000
283.000000
341.000000
436.000000
486.000000
502.000000
541.000000
521.000000
505.000000
537.000000
554.000000
505.000000
483.000000
472.000000
446.000000
571.000000
500.000000
453.000000
355.000000
277.000000
250.000000
231.000000
237.000000
233.000000
304.000000
447.000000
563.000000
666.000000
832.000000
783.000000
914.000000
869.000000
894.000000
916.000000
871.000000
889.000000
962.000000
933.000000
1015.000000
1150.000000
1085.000000
878.000000
695.000000
591.000000
533.000000
593.000000
620.000000
636.000000
823.000000
1167.000000
1546.000000
2079.000000
2254.000000
2427.000000
2395.000000
2406.000000
2603.000000
2859.000000
2618.000000
2480.000000
2261.000000
2117.000000
2209.000000
2423.000000
2287.000000
1868.000000
1650.000000
1367.000000
1512.000000
1554.000000
1743.000000
1902.000000
2624.000000
3616.000000
4845.000000
6392.000000
6678.000000
6651.000000
6733.000000
6785.000000
7274.000000
7838.000000
8501.000000
8417.000000
8465.000000
8696.000000
9287.000000
9176.000000
8261.000000
6275.000000
4591.000000
3475.000000
2755.000000
2523.000000
2536.000000
2868.000000
4281.000000
6952.000000
10205.000000
11985.000000
12172.000000
12348.000000
11171.000000
10770.000000
9867.000000
9546.000000
8741.000000
8146.000000
6813.000000
5832.000000
5817.000000
5067.000000
4135.000000
3187.000000
2425.000000
1638.000000
1374.000000
1171.000000
1144.000000
1133.000000
1413.000000
2018.000000
2459.000000
2758.000000
2601.000000
2321.000000
2221.000000
2067.000000
1818.000000
1737.000000
1558.000000
1459.000000
1249.000000
1224.000000
1188.000000
1178.000000
1071.000000
858.000000
641.000000
545.000000
431.000000
334.000000
357.000000
303.000000
399.000000
482.000000
591.000000
659.000000
666.000000
646.000000
669.000000
710.000000
632.000000
548.000000
554.000000
504.000000
460.000000
465.000000
399.000000
429.000000
340.000000
310.000000
258.000000
217.000000
175.000000
172.000000
130.000000
167.000000
158.000000
221.000000
259.000000
298.000000
324.000000
326.000000
301.000000
332.000000
361.000000
456.000000
479.000000
326.000000
280.000000
249.000000
264.000000
277.000000
240.000000
222.000000
181.000000
162.000000
127.000000
118.000000
126.000000
111.000000
109.000000
154.000000
182.000000
254.000000
266.000000
275.000000
242.000000
279.000000
261.000000
268.000000
237.000000
268.000000
258.000000
217.000000
203.000000
199.000000
226.000000
166.000000
146.000000
108.000000
93.000000
95.000000
120.000000
122.000000
130.000000
145.000000
196.000000
243.000000
271.000000
261.000000
249.000000
209.000000
262.000000
239.000000
220.000000
198.000000
183.000000
150.000000
174.000000
164.000000
154.000000
154.000000
114.000000
97.000000
72.000000
86.000000
69.000000
84.000000
94.000000
124.000000
154.000000
198.000000
184.000000
204.000000
207.000000
219.000000
207.000000
190.000000
189.000000
164.000000
176.000000
145.000000
158.000000
166.000000
153.000000
111.000000
93.000000
87.000000
92.000000
63.000000
66.000000
83.000000
79.000000
121.000000
122.000000
149.000000
161.000000
171.000000
