2673.000000
2413.000000
2279.000000
1939.000000
1793.000000
1744.000000
1554.000000
1329.000000
1257.000000
1170.000000
1276.000000
1326.000000
1480.000000
1277.000000
1184.000000
1220.000000
1244.000000
1319.000000
2860.000000
1917.000000
3776.000000
2191.000000
3351.000000
7742.000000
4854.000000
3864.000000
2383.000000
2075.000000
1827.000000
1701.000000
1629.000000
1372.000000
1203.000000
1148.000000
1296.000000
1470.000000
1436.000000
1363.000000
1285.000000
1281.000000
1427.000000
1418.000000
1449.000000
1641.000000
2700.000000
1894.000000
2177.000000
2648.000000
2909.000000
2726.000000
2530.000000
2209.000000
1960.000000
1723.000000
1514.000000
1414.000000
1279.000000
1131.000000
1287.000000
1481.000000
1462.000000
1476.000000
1348.000000
1357.000000
1421.000000
2701.000000
1643.000000
1659.000000
1819.000000
2053.000000
2241.000000
2861.000000
3113.000000
3163.000000
2760.000000
2708.000000
2632.000000
2412.000000
2252.000000
1507.000000
1382.000000
1284.000000
1461.000000
1647.000000
1760.000000
1660.000000
1855.000000
1711.000000
1800.000000
1679.000000
1884.000000
1916.000000
2070.000000
2009.000000
2433.000000
3008.000000
3264.000000
3218.000000
2843.000000
2363.000000
2007.000000
1917.000000
1671.000000
1586.000000
1467.000000
1325.000000
1444.000000
1724.000000
1670.000000
1701.000000
1690.000000
1603.000000
1533.000000
1541.000000
1665.000000
1557.000000
1574.000000
2211.000000
1970.000000
2252.000000
2313.000000
2212.000000
2128.000000
1919.000000
1663.000000
1684.000000
1696.000000
1620.000000
1620.000000
1526.000000
1533.000000
1819.000000
1937.000000
2225.000000
2046.000000
2160.000000
2053.000000
2052.000000
2200.000000
4591.000000
5163.000000
4732.000000
4767.000000
3777.000000
3526.000000
3788.000000
3747.000000
3474.000000
3045.000000
2837.000000
2561.000000
2635.000000
2548.000000
2825.000000
2891.000000
3295.000000
3870.000000
3990.000000
4228.000000
4079.000000
4370.000000
6373.000000
8183.000000
9374.000000
9950.000000
10039.000000
11218.000000
12046.000000
12412.000000
11674.000000
10645.000000
10262.000000
12047.000000
8485.000000
6867.000000
6245.000000
5869.000000
6191.000000
7439.000000
8875.000000
10629.000000
10983.000000
11113.000000
11052.000000
9827.000000
8614.000000
8298.000000
7699.000000
7440.000000
7279.000000
8687.000000
9073.000000
9223.000000
8580.000000
8565.000000
7389.000000
6600.000000
5263.000000
4710.000000
4556.000000
4018.000000
3500.000000
3203.000000
3205.000000
3464.000000
3231.000000
3229.000000
2812.000000
2720.000000
2505.000000
2310.000000
2149.000000
2128.000000
2134.000000
2397.000000
2535.000000
2639.000000
2512.000000
2301.000000
2818.000000
1970.000000
1675.000000
1520.000000
1505.000000
1352.000000
1176.000000
1061.000000
1267.000000
1154.000000
1065.000000
1150.000000
1199.000000
1184.000000
965.000000
1077.000000
954.000000
1000.000000
1079.000000
1323.000000
1443.000000
1419.000000
1256.000000
1228.000000
991.000000
852.000000
833.000000
798.000000
769.000000
666.000000
593.000000
695.000000
695.000000
653.000000
661.000000
677.000000
697.000000
611.000000
630.000000
689.000000
620.000000
693.000000
704.000000
813.000000
897.000000
997.000000
924.000000
815.000000
668.000000
634.000000
568.000000
576.000000
514.000000
482.000000
488.000000
463.000000
432.000000
487.000000
534.000000
537.000000
542.000000
543.000000
469.000000
479.000000
546.000000
542.000000
551.000000
643.000000
721.000000
692.000000
662.000000
614.000000
557.000000
486.000000
507.000000
484.000000
438.000000
421.000000
478.000000
396.000000
433.000000
437.000000
419.000000
476.000000
474.000000
517.000000
446.000000
454.000000
493.000000
568.000000
503.000000
565.000000
781.000000
679.000000
693.000000
605.000000
577.000000
565.000000
527.000000
535.000000
473.000000
482.000000
397.000000
423.000000
465.000000
481.000000
543.000000
473.000000
620.000000
609.000000
565.000000
661.000000
675.000000
802.000000
726.000000
748.000000
875.000000
915.000000
