25   6650.533937
26   6187.182402
27   5666.273239
28   5116.178194
29   4565.840248
30   4042.794358
31   3571.400440
32   3171.394013
33   2856.832434
34   2635.483560
35   2508.671357
36   2471.561583
37   2513.842300
38   2620.730297
39   2774.216859
40   2954.455477
41   3141.190417
42   3315.128343
43   3459.164793
44   3559.392225
45   3605.835262
46   3592.880196
47   3519.388126
48   3388.502873
49   3207.184445
50   2985.515370
51   2735.839509
52   2471.800624
53   2207.350710
54   1955.795946
55   1728.941673
56   1536.387553
57   1385.011095
58   1278.662929
59   1218.081755
60   1201.021808
61   1222.571953
62   1275.634018
63   1351.519241
64   1440.616288
65   1533.082229
66   1619.509164
67   1691.523579
68   1742.282439
69   1766.839011
70   1762.361573
71   1728.198963
72   1665.797377
73   1578.482489
74   1471.129053
75   1349.746358
76   1221.011841
77   1091.786771
78   968.647125
79   857.459936
80   763.030615
81   688.840607
82   636.887698
83   607.633756
84   600.057363
85   611.801962
86   639.404397
87   678.584240
88   724.571387
89   772.448155
90   817.482452
91   855.430492
92   882.790753
93   896.995041
94   896.527516
95   880.967713
96   850.958855
97   808.107577
98   754.825360
99   694.125245
100   629.389602
101   564.125790
102   501.726407
103   445.249671
104   397.233312
105   359.552443
106   333.328452
107   318.892269
108   315.801591
109   322.908174
110   338.468222
111   360.286444
112   385.882638
113   412.668758
114   438.124365
115   459.959034
116   476.251773
117   485.559438
118   486.988599
119   480.227911
120   465.540791
121   443.720771
122   416.014204
123   384.016907
124   349.552688
125   314.542507
126   280.873226
127   250.274497
128   224.211438
129   203.799366
130   189.745136
131   182.317744
132   181.348805
133   186.261609
134   196.125617
135   209.731805
136   225.683091
137   242.493350
138   258.688249
139   272.901305
140   283.959113
141   290.950679
142   293.276971
143   290.678259
144   283.238311
145   271.366061
146   255.756758
147   237.335875
148   217.190018
149   196.489785
150   176.409823
151   158.051373
152   142.372210
153   130.128267
154   121.830326
155   117.718086
156   117.752730
157   121.627878
158   128.797662
159   138.519563
160   149.908815
161   162.000498
162   173.815089
163   184.423127
164   193.004816
165   198.900869
166   201.651504
167   201.021403
168   197.009362
