25   5921.883296
26   5298.785835
27   4770.361853
28   4377.521322
29   3996.428779
30   3759.622831
31   3511.752057
32   3380.674554
33   3282.186204
34   3339.058510
35   3417.339240
36   3487.681537
37   3576.256031
38   3618.262044
39   3806.441484
40   3978.601769
41   4119.433570
42   4238.831555
43   4388.421973
44   4389.025454
45   4437.054076
46   4520.226375
47   4584.408961
48   4554.472544
49   4270.602995
50   3910.708303
51   3641.511157
52   3354.510345
53   3148.906085
54   3173.760790
55   2822.342730
56   2687.495568
57   2684.719668
58   2685.394885
59   2746.112186
60   2819.054553
61   2904.491559
62   3039.874232
63   3193.716646
64   3372.459022
65   3534.193855
66   3687.086332
67   3813.078109
68   4068.916177
69   4135.746912
70   4170.174011
71   4025.884380
72   3946.021397
73   3700.021142
74   3361.447688
75   3050.152473
76   2790.613508
77   2585.043205
78   2421.550649
79   2294.081456
80   2223.629228
81   2244.855979
82   2239.138479
83   2322.607017
84   2417.890714
85   2491.272738
86   2625.751655
87   2879.902566
88   3042.486963
89   3357.634124
90   3589.198132
91   3704.692055
92   3847.776296
93   3992.922676
94   4118.765773
95   3984.699588
96   3884.856672
97   3537.274030
98   3206.239574
99   2849.047315
100   2572.969101
101   2418.149842
102   2257.953035
103   2145.623639
104   2114.066867
105   2104.993003
106   2131.079672
107   2211.567398
108   2288.211143
109   2354.618356
110   2719.189405
111   2911.583882
112   2962.994756
113   3130.091862
114   3245.257561
115   3514.148462
116   3718.766989
117   3629.017318
118   3494.234034
119   3354.470753
120   3389.166599
121   3165.607785
122   2802.051886
123   2529.392700
124   2304.156847
125   2192.919927
126   2056.500552
127   1999.353803
128   1886.956792
129   1892.720109
130   1952.100539
131   2020.573035
132   2133.155660
133   2221.910494
134   2469.555428
135   2551.100794
136   2764.378136
137   2807.976938
138   2912.110964
139   2894.611947
140   2921.531534
141   2980.176408
142   3065.354215
143   3239.882575
144   3357.756766
145   3534.511633
146   2889.025343
147   2469.957444
148   2229.870072
149   2108.930832
150   2012.492074
151   1931.630955
152   1900.275052
153   1868.865249
154   1935.531368
155   2027.950215
156   2122.465288
157   2207.223759
158   2294.365251
159   2408.267014
160   2562.665085
161   2688.670398
162   2792.835099
163   2869.289072
164   2939.637577
165   2996.054753
166   3062.773724
167   3250.680456
168   3407.205528
