1   14295.0
2   12030.0
3   12189.0
4   11126.0
5   10950.0
6   8483.0
7   7117.0
8   5858.0
9   5049.0
10   4712.0
11   4500.0
12   4767.0
13   5922.0
14   6652.0
15   6957.0
16   6553.0
17   6030.0
18   5708.0
19   6053.0
20   8236.0
21   8266.0
22   7883.0
23   7175.0
24   6828.0
25   6474.0
26   6339.0
27   5741.0
28   5164.0
29   4697.0
30   3760.0
31   3221.0
32   3019.0
33   2734.0
34   2414.0
35   2322.0
36   2318.0
37   2156.0
38   2432.0
39   2476.0
40   2486.0
41   2504.0
42   2546.0
43   2870.0
44   2883.0
45   2935.0
46   3022.0
47   2903.0
48   3324.0
49   3162.0
50   3166.0
51   3010.0
52   2731.0
53   2400.0
54   2070.0
55   1720.0
56   1452.0
57   1469.0
58   1400.0
59   1361.0
60   1118.0
61   1213.0
62   1249.0
63   1370.0
64   1323.0
65   1470.0
66   1402.0
67   1511.0
68   1887.0
69   1845.0
70   1886.0
71   1624.0
72   1572.0
73   1477.0
74   1541.0
75   1534.0
76   1572.0
77   1310.0
78   1044.0
79   887.0
80   936.0
81   835.0
82   817.0
83   731.0
84   672.0
85   693.0
86   734.0
87   773.0
88   765.0
89   884.0
90   905.0
91   983.0
92   1061.0
93   1132.0
94   1187.0
95   1234.0
96   1162.0
97   1088.0
98   1090.0
99   1153.0
100   1082.0
101   986.0
102   957.0
103   725.0
104   658.0
105   577.0
106   614.0
107   519.0
108   526.0
109   616.0
110   612.0
111   584.0
112   699.0
113   672.0
114   634.0
115   742.0
116   851.0
117   951.0
118   933.0
119   995.0
120   924.0
121   945.0
122   913.0
123   913.0
124   868.0
125   718.0
126   681.0
127   542.0
128   613.0
129   446.0
130   499.0
131   417.0
132   421.0
133   352.0
134   427.0
135   503.0
136   493.0
137   510.0
138   588.0
139   510.0
140   565.0
141   625.0
142   706.0
143   742.0
144   698.0
145   730.0
146   736.0
147   686.0
148   701.0
149   653.0
150   565.0
151   530.0
152   438.0
153   468.0
154   468.0
155   444.0
156   557.0
157   417.0
158   453.0
159   430.0
160   456.0
161   531.0
162   544.0
163   528.0
164   579.0
165   648.0
166   655.0
167   793.0
168   738.0
