25  5597.870670
26  5533.276057
27  5471.823366
28  5413.251619
29  5357.329872
30  5303.852864
31  5252.637414
32  5203.519423
33  5156.351362
34  5111.000157
35  5067.345395
36  5025.277799
37  4984.697922
38  4945.515024
39  4907.646104
40  4871.015065
41  4835.551977
42  4801.192448
43  4767.877063
44  4735.550892
45  4704.163063
46  4673.666376
47  4644.016966
48  4615.174005
49  4587.099429
50  4559.757701
51  4533.115599
52  4507.142019
53  4481.807806
54  4457.085596
55  4432.949675
56  4409.375852
57  4386.341345
58  4363.824672
59  4341.805561
60  4320.264859
61  4299.184454
62  4278.547203
63  4258.336864
64  4238.538037
65  4219.136106
66  4200.117190
67  4181.468095
68  4163.176268
69  4145.229760
70  4127.617187
71  4110.327697
72  4093.350936
73  4076.677020
74  4060.296509
75  4044.200377
76  4028.379994
77  4012.827099
78  3997.533783
79  3982.492469
80  3967.695890
81  3953.137081
82  3938.809355
83  3924.706292
84  3910.821726
85  3897.149731
86  3883.684607
87  3870.420873
88  3857.353255
89  3844.476671
90  3831.786230
91  3819.277218
92  3806.945088
93  3794.785457
94  3782.794097
95  3770.966925
96  3759.300000
97  3747.789516
98  3736.431793
99  3725.223277
100  3714.160529
101  3703.240225
102  3692.459147
103  3681.814181
104  3671.302312
105  3660.920619
106  3650.666274
107  3640.536535
108  3630.528744
109  3620.640324
110  3610.868777
111  3601.211676
112  3591.666668
113  3582.231469
114  3572.903860
115  3563.681687
116  3554.562855
117  3545.545333
118  3536.627141
119  3527.806358
120  3519.081115
121  3510.449594
122  3501.910026
123  3493.460689
124  3485.099908
125  3476.826052
126  3468.637533
127  3460.532803
128  3452.510355
129  3444.568721
130  3436.706470
131  3428.922207
132  3421.214571
133  3413.582237
134  3406.023910
135  3398.538329
136  3391.124263
137  3383.780509
138  3376.505895
139  3369.299277
140  3362.159536
141  3355.085581
142  3348.076344
143  3341.130786
144  3334.247887
145  3327.426653
146  3320.666113
147  3313.965315
148  3307.323332
149  3300.739254
150  3294.212193
151  3287.741280
152  3281.325665
153  3274.964517
154  3268.657021
155  3262.402381
156  3256.199817
157  3250.048567
158  3243.947882
159  3237.897031
160  3231.895297
161  3225.941978
162  3220.036387
163  3214.177850
164  3208.365707
165  3202.599310
166  3196.878027
167  3191.201234
168  3185.568323
