25  7342.102661
26  7400.353174
27  7336.077258
28  7153.589341
29  6871.042317
30  6517.736440
31  6129.159350
32  5741.214032
33  5385.265219
34  5085.127334
35  4856.255575
36  4706.647401
37  4638.608176
38  4650.588159
39  4738.575080
40  4896.828630
41  5117.962951
42  5392.510293
43  5708.172723
44  6049.030439
45  6395.040700
46  6722.210474
47  7003.805736
48  7212.805097
49  7325.476792
50  7325.499738
51  7207.620176
52  6979.674391
53  6662.108275
54  6284.872552
55  5882.479394
56  5488.633570
57  5131.882050
58  4833.178544
59  4605.464619
60  4454.729612
61  4381.752398
62  4383.821532
63  4456.000428
64  4591.778669
65  4783.143476
66  5020.214054
67  5290.642368
68  5579.031418
69  5866.666765
70  6131.879078
71  6351.310767
72  6502.199427
73  6565.496640
74  6529.265864
75  6391.489425
76  6161.351505
77  5858.381444
78  5509.490427
79  5144.655817
80  4792.452837
81  4476.582338
82  4214.050047
83  4015.001735
84  3883.725358
85  3820.154231
86  3821.305070
87  3882.314368
88  3996.960927
89  4157.717527
90  4355.461636
91  4579.023227
92  4814.783274
93  5046.565617
94  5256.070261
95  5424.043516
96  5532.235571
97  5565.953324
98  5516.726887
99  5384.388137
100  5177.851168
101  4914.171544
102  4615.984904
103  4307.973544
104  4013.319092
105  3751.019657
106  3534.542796
107  3371.778445
108  3265.885917
109  3216.507457
110  3220.909023
111  3274.792159
112  3372.696497
113  3508.033704
114  3672.862315
115  3857.551270
116  4050.507176
117  4238.159662
118  4405.396227
119  4536.586475
120  4617.211965
121  4635.922520
122  4586.618185
123  4470.000430
124  4294.052896
125  4073.156099
126  3825.955300
127  3572.517086
128  3331.529752
129  3118.220210
130  2943.333603
131  2813.128950
132  2730.064159
133  2693.756582
134  2701.877981
135  2750.786652
136  2835.836526
137  2951.398404
138  3090.683315
139  3245.489348
140  3406.014933
141  3560.894938
142  3697.609285
143  3803.366658
144  3866.461575
145  3877.945211
146  3833.277808
147  3733.517231
148  3585.625276
149  3401.677996
150  3197.097682
151  2988.346925
152  2790.686550
153  2616.523291
154  2474.610181
155  2370.053604
156  2304.863713
157  2278.719478
158  2289.678580
159  2334.676430
160  2409.767386
161  2510.137604
162  2629.963839
163  2762.218771
164  2898.541148
165  3029.298800
166  3143.964297
167  3231.880781
168  3283.406936
