13.000000
15.000000
18.000000
8.000000
12.000000
5.000000
7.000000
1.000000
1.000000
4.000000
6.000000
5.000000
5.000000
6.000000
12.000000
11.000000
10.000000
7.000000
7.000000
10.000000
15.000000
13.000000
17.000000
5.000000
15.000000
18.000000
8.000000
5.000000
7.000000
14.000000
2.000000
6.000000
1.000000
2.000000
3.000000
7.000000
3.000000
9.000000
7.000000
11.000000
11.000000
7.000000
10.000000
5.000000
5.000000
16.000000
11.000000
10.000000
4.000000
15.000000
10.000000
7.000000
6.000000
10.000000
2.000000
5.000000
4.000000
2.000000
4.000000
8.000000
5.000000
7.000000
9.000000
11.000000
12.000000
5.000000
8.000000
10.000000
15.000000
18.000000
13.000000
7.000000
11.000000
10.000000
17.000000
12.000000
16.000000
7.000000
4.000000
4.000000
5.000000
1.000000
3.000000
6.000000
12.000000
19.000000
11.000000
16.000000
9.000000
23.000000
28.000000
20.000000
11.000000
18.000000
15.000000
16.000000
12.000000
20.000000
12.000000
15.000000
4.000000
13.000000
14.000000
5.000000
1.000000
2.000000
8.000000
5.000000
7.000000
11.000000
11.000000
13.000000
8.000000
29.000000
17.000000
17.000000
12.000000
13.000000
19.000000
21.000000
26.000000
9.000000
15.000000
20.000000
6.000000
6.000000
1.000000
5.000000
4.000000
1.000000
6.000000
14.000000
9.000000
17.000000
12.000000
17.000000
23.000000
10.000000
25.000000
21.000000
27.000000
15.000000
21.000000
18.000000
14.000000
31.000000
12.000000
21.000000
15.000000
12.000000
5.000000
7.000000
7.000000
9.000000
5.000000
8.000000
15.000000
19.000000
25.000000
34.000000
28.000000
43.000000
42.000000
36.000000
59.000000
119.000000
169.000000
1175.000000
1768.000000
1666.000000
798.000000
726.000000
589.000000
395.000000
278.000000
197.000000
211.000000
181.000000
243.000000
402.000000
532.000000
506.000000
474.000000
451.000000
491.000000
287.000000
280.000000
265.000000
231.000000
236.000000
199.000000
160.000000
189.000000
210.000000
150.000000
174.000000
153.000000
127.000000
84.000000
75.000000
49.000000
61.000000
48.000000
48.000000
56.000000
91.000000
84.000000
96.000000
93.000000
80.000000
61.000000
71.000000
79.000000
74.000000
75.000000
122.000000
69.000000
67.000000
59.000000
74.000000
43.000000
37.000000
41.000000
30.000000
13.000000
19.000000
21.000000
26.000000
25.000000
56.000000
43.000000
49.000000
64.000000
31.000000
35.000000
38.000000
46.000000
39.000000
39.000000
35.000000
42.000000
61.000000
37.000000
23.000000
35.000000
19.000000
18.000000
13.000000
12.000000
9.000000
20.000000
16.000000
16.000000
27.000000
29.000000
23.000000
43.000000
60.000000
47.000000
44.000000
24.000000
37.000000
38.000000
42.000000
40.000000
43.000000
34.000000
36.000000
15.000000
18.000000
18.000000
14.000000
10.000000
24.000000
6.000000
16.000000
26.000000
28.000000
25.000000
20.000000
24.000000
34.000000
26.000000
24.000000
52.000000
41.000000
35.000000
38.000000
24.000000
26.000000
25.000000
37.000000
16.000000
16.000000
13.000000
12.000000
12.000000
15.000000
11.000000
17.000000
28.000000
34.000000
40.000000
42.000000
54.000000
35.000000
31.000000
38.000000
41.000000
24.000000
18.000000
19.000000
28.000000
39.000000
37.000000
25.000000
23.000000
7.000000
6.000000
8.000000
10.000000
6.000000
16.000000
11.000000
20.000000
17.000000
18.000000
17.000000
16.000000
13.000000
19.000000
24.000000
8.000000
40.000000
14.000000
24.000000
21.000000
