3076.000000
4578.000000
2974.000000
1754.000000
1357.000000
658.000000
369.000000
292.000000
249.000000
278.000000
480.000000
698.000000
958.000000
1255.000000
1326.000000
1741.000000
1591.000000
1476.000000
1389.000000
1297.000000
1356.000000
1381.000000
1509.000000
1440.000000
1407.000000
1290.000000
996.000000
768.000000
446.000000
313.000000
196.000000
166.000000
124.000000
167.000000
263.000000
448.000000
514.000000
828.000000
826.000000
976.000000
1106.000000
1368.000000
1020.000000
986.000000
1106.000000
1065.000000
1389.000000
1189.000000
1112.000000
988.000000
735.000000
546.000000
333.000000
241.000000
193.000000
126.000000
108.000000
140.000000
220.000000
349.000000
514.000000
661.000000
744.000000
813.000000
1050.000000
1302.000000
990.000000
978.000000
994.000000
1055.000000
1249.000000
1232.000000
1259.000000
1036.000000
809.000000
638.000000
406.000000
255.000000
209.000000
144.000000
128.000000
160.000000
320.000000
500.000000
704.000000
994.000000
1088.000000
1270.000000
1542.000000
1934.000000
1478.000000
1401.000000
1539.000000
1543.000000
2095.000000
1807.000000
1663.000000
1581.000000
1344.000000
1213.000000
893.000000
589.000000
379.000000
258.000000
210.000000
219.000000
299.000000
592.000000
1109.000000
1930.000000
2620.000000
3091.000000
2735.000000
2758.000000
2357.000000
2222.000000
2090.000000
2065.000000
2132.000000
2198.000000
2110.000000
1784.000000
1318.000000
963.000000
591.000000
469.000000
307.000000
194.000000
166.000000
167.000000
209.000000
392.000000
676.000000
939.000000
1101.000000
1259.000000
1460.000000
1611.000000
1687.000000
1643.000000
1928.000000
1933.000000
2212.000000
2356.000000
2388.000000
2166.000000
2959.000000
2577.000000
1694.000000
751.000000
493.000000
356.000000
307.000000
389.000000
644.000000
1278.000000
2160.000000
2825.000000
3266.000000
3439.000000
4219.000000
4934.000000
5218.000000
4650.000000
6066.000000
7408.000000
10894.000000
16267.000000
31945.000000
24967.000000
15704.000000
14236.000000
24645.000000
6178.000000
2792.000000
1852.000000
1566.000000
2197.000000
3599.000000
5039.000000
4834.000000
4546.000000
3962.000000
3697.000000
3324.000000
2961.000000
2589.000000
2450.000000
2356.000000
2192.000000
1884.000000
1888.000000
1552.000000
1388.000000
1121.000000
829.000000
592.000000
408.000000
308.000000
244.000000
197.000000
175.000000
290.000000
384.000000
528.000000
676.000000
636.000000
643.000000
595.000000
652.000000
604.000000
599.000000
644.000000
585.000000
576.000000
621.000000
578.000000
491.000000
451.000000
366.000000
254.000000
177.000000
135.000000
84.000000
76.000000
117.000000
155.000000
192.000000
253.000000
256.000000
309.000000
341.000000
373.000000
366.000000
300.000000
360.000000
309.000000
320.000000
320.000000
342.000000
345.000000
303.000000
258.000000
218.000000
148.000000
102.000000
96.000000
70.000000
52.000000
64.000000
78.000000
136.000000
221.000000
203.000000
250.000000
218.000000
264.000000
278.000000
247.000000
306.000000
264.000000
218.000000
293.000000
258.000000
255.000000
234.000000
236.000000
220.000000
141.000000
107.000000
97.000000
67.000000
71.000000
59.000000
67.000000
98.000000
156.000000
196.000000
245.000000
245.000000
257.000000
255.000000
285.000000
280.000000
339.000000
362.000000
351.000000
401.000000
388.000000
334.000000
238.000000
256.000000
137.000000
130.000000
98.000000
66.000000
45.000000
54.000000
78.000000
90.000000
100.000000
121.000000
155.000000
177.000000
151.000000
192.000000
172.000000
205.000000
264.000000
268.000000
277.000000
267.000000
398.000000
239.000000
220.000000
242.000000
148.000000
105.000000
67.000000
45.000000
57.000000
72.000000
74.000000
108.000000
190.000000
185.000000
193.000000
165.000000
151.000000
162.000000
153.000000
188.000000
144.000000
175.000000
156.000000
165.000000
200.000000
