202.000000
102.000000
59.000000
47.000000
32.000000
36.000000
35.000000
19.000000
37.000000
46.000000
57.000000
68.000000
72.000000
78.000000
67.000000
58.000000
68.000000
54.000000
44.000000
60.000000
59.000000
61.000000
62.000000
50.000000
38.000000
24.000000
25.000000
20.000000
16.000000
17.000000
19.000000
11.000000
17.000000
21.000000
27.000000
38.000000
40.000000
21.000000
42.000000
33.000000
34.000000
31.000000
28.000000
40.000000
32.000000
25.000000
23.000000
20.000000
31.000000
18.000000
12.000000
11.000000
16.000000
22.000000
10.000000
7.000000
19.000000
15.000000
24.000000
19.000000
43.000000
30.000000
32.000000
32.000000
32.000000
33.000000
36.000000
27.000000
33.000000
33.000000
30.000000
32.000000
29.000000
20.000000
24.000000
20.000000
10.000000
9.000000
11.000000
17.000000
12.000000
23.000000
21.000000
30.000000
27.000000
33.000000
32.000000
33.000000
27.000000
38.000000
32.000000
37.000000
34.000000
34.000000
41.000000
43.000000
44.000000
27.000000
22.000000
14.000000
17.000000
19.000000
13.000000
17.000000
20.000000
24.000000
27.000000
44.000000
30.000000
31.000000
33.000000
41.000000
34.000000
60.000000
75.000000
84.000000
50.000000
54.000000
77.000000
61.000000
59.000000
57.000000
44.000000
26.000000
24.000000
42.000000
27.000000
32.000000
41.000000
35.000000
31.000000
58.000000
60.000000
55.000000
63.000000
51.000000
94.000000
76.000000
121.000000
89.000000
137.000000
193.000000
443.000000
342.000000
268.000000
236.000000
189.000000
149.000000
166.000000
137.000000
84.000000
114.000000
87.000000
101.000000
133.000000
169.000000
205.000000
152.000000
202.000000
196.000000
192.000000
197.000000
230.000000
291.000000
354.000000
507.000000
530.000000
1322.000000
2128.000000
1143.000000
705.000000
536.000000
438.000000
333.000000
288.000000
310.000000
324.000000
331.000000
373.000000
405.000000
377.000000
349.000000
319.000000
366.000000
315.000000
301.000000
269.000000
232.000000
279.000000
209.000000
206.000000
171.000000
171.000000
115.000000
97.000000
88.000000
76.000000
73.000000
52.000000
53.000000
72.000000
75.000000
61.000000
66.000000
97.000000
84.000000
120.000000
129.000000
114.000000
77.000000
106.000000
77.000000
93.000000
102.000000
76.000000
71.000000
68.000000
64.000000
41.000000
51.000000
39.000000
22.000000
29.000000
35.000000
27.000000
36.000000
30.000000
41.000000
37.000000
65.000000
53.000000
48.000000
50.000000
68.000000
53.000000
54.000000
67.000000
58.000000
65.000000
60.000000
47.000000
50.000000
38.000000
28.000000
23.000000
26.000000
20.000000
35.000000
24.000000
20.000000
28.000000
29.000000
36.000000
44.000000
44.000000
46.000000
42.000000
63.000000
73.000000
44.000000
55.000000
50.000000
44.000000
38.000000
35.000000
30.000000
33.000000
23.000000
31.000000
21.000000
15.000000
25.000000
14.000000
24.000000
32.000000
25.000000
30.000000
42.000000
25.000000
43.000000
37.000000
30.000000
36.000000
48.000000
64.000000
34.000000
33.000000
40.000000
37.000000
29.000000
37.000000
17.000000
18.000000
20.000000
18.000000
18.000000
21.000000
21.000000
19.000000
26.000000
24.000000
30.000000
34.000000
42.000000
44.000000
48.000000
60.000000
41.000000
39.000000
48.000000
42.000000
35.000000
26.000000
30.000000
26.000000
35.000000
16.000000
23.000000
17.000000
15.000000
17.000000
16.000000
25.000000
16.000000
31.000000
34.000000
38.000000
35.000000
45.000000
20.000000
27.000000
27.000000
40.000000
28.000000
34.000000
25.000000
29.000000
