1977.000000
1728.000000
1156.000000
940.000000
816.000000
783.000000
750.000000
896.000000
962.000000
1285.000000
1471.000000
2002.000000
2195.000000
2216.000000
2323.000000
2300.000000
2267.000000
2429.000000
2190.000000
2022.000000
2190.000000
1831.000000
2013.000000
1887.000000
1726.000000
1431.000000
1138.000000
966.000000
813.000000
773.000000
794.000000
776.000000
927.000000
1255.000000
1591.000000
1868.000000
2112.000000
2252.000000
2233.000000
2312.000000
2344.000000
2409.000000
2305.000000
2126.000000
2240.000000
2002.000000
1806.000000
2053.000000
1877.000000
1475.000000
1257.000000
989.000000
808.000000
829.000000
752.000000
877.000000
1013.000000
1285.000000
1624.000000
2085.000000
2428.000000
2615.000000
2710.000000
2890.000000
2799.000000
2844.000000
2725.000000
2667.000000
2488.000000
2283.000000
2183.000000
1883.000000
1649.000000
1460.000000
1265.000000
1062.000000
1060.000000
915.000000
973.000000
1042.000000
1267.000000
1470.000000
2007.000000
2324.000000
2573.000000
2732.000000
2960.000000
2989.000000
3271.000000
3344.000000
3305.000000
3050.000000
2936.000000
2805.000000
2746.000000
2461.000000
2228.000000
2038.000000
1630.000000
1535.000000
1387.000000
1347.000000
1386.000000
1374.000000
1881.000000
2396.000000
3079.000000
3602.000000
3764.000000
4378.000000
4432.000000
4492.000000
4406.000000
4527.000000
4568.000000
4128.000000
4182.000000
3612.000000
3430.000000
3122.000000
2741.000000
2517.000000
2027.000000
1809.000000
1737.000000
1664.000000
1665.000000
1934.000000
2069.000000
2400.000000
2990.000000
3448.000000
3819.000000
4409.000000
4477.000000
5150.000000
5155.000000
5540.000000
5360.000000
5224.000000
5199.000000
6168.000000
5199.000000
4764.000000
4570.000000
4567.000000
3691.000000
3280.000000
2852.000000
2852.000000
2789.000000
2891.000000
3354.000000
4214.000000
5979.000000
7994.000000
9445.000000
11500.000000
13267.000000
14663.000000
15863.000000
17975.000000
21133.000000
29529.000000
48853.000000
41567.000000
54164.000000
47220.000000
102579.000000
50824.000000
29708.000000
20746.000000
16179.000000
13344.000000
11295.000000
11214.000000
14484.000000
19044.000000
21385.000000
22991.000000
22493.000000
20895.000000
19353.000000
18078.000000
16695.000000
15555.000000
14416.000000
12854.000000
11321.000000
10080.000000
9271.000000
7993.000000
7488.000000
6412.000000
5648.000000
4871.000000
4121.000000
3424.000000
3271.000000
3211.000000
3452.000000
4174.000000
4884.000000
5316.000000
5244.000000
5608.000000
5768.000000
5864.000000
5622.000000
5309.000000
4910.000000
4584.000000
4306.000000
3710.000000
3857.000000
3488.000000
3394.000000
2996.000000
2534.000000
2076.000000
1831.000000
1535.000000
1515.000000
1535.000000
1497.000000
1908.000000
2194.000000
2586.000000
2761.000000
2763.000000
2896.000000
2916.000000
2778.000000
2808.000000
2799.000000
2360.000000
2150.000000
1812.000000
1928.000000
1823.000000
1783.000000
1689.000000
1300.000000
1166.000000
883.000000
883.000000
768.000000
840.000000
849.000000
1098.000000
1194.000000
1334.000000
1572.000000
1633.000000
1712.000000
1764.000000
1691.000000
1713.000000
1639.000000
1597.000000
1519.000000
1396.000000
1374.000000
1376.000000
1300.000000
1343.000000
1010.000000
906.000000
750.000000
571.000000
608.000000
621.000000
716.000000
813.000000
945.000000
1173.000000
1281.000000
1262.000000
1246.000000
1347.000000
1342.000000
1293.000000
1243.000000
1212.000000
1037.000000
1046.000000
1017.000000
943.000000
1041.000000
927.000000
817.000000
729.000000
569.000000
536.000000
506.000000
512.000000
586.000000
604.000000
707.000000
779.000000
882.000000
935.000000
1165.000000
1148.000000
1199.000000
1244.000000
1313.000000
1409.000000
1284.000000
1248.000000
1160.000000
1051.000000
937.000000
906.000000
733.000000
659.000000
556.000000
447.000000
426.000000
484.000000
459.000000
469.000000
610.000000
762.000000
885.000000
961.000000
1144.000000
1204.000000
1291.000000
1201.000000
1247.000000
1100.000000
1039.000000
1144.000000
1122.000000
1019.000000
991.000000
