99.000000
106.000000
57.000000
51.000000
46.000000
54.000000
60.000000
51.000000
74.000000
81.000000
99.000000
133.000000
86.000000
96.000000
104.000000
126.000000
101.000000
113.000000
117.000000
109.000000
111.000000
116.000000
130.000000
123.000000
109.000000
74.000000
63.000000
48.000000
55.000000
41.000000
40.000000
47.000000
58.000000
82.000000
108.000000
86.000000
116.000000
105.000000
119.000000
115.000000
123.000000
125.000000
117.000000
127.000000
152.000000
125.000000
137.000000
160.000000
84.000000
61.000000
64.000000
69.000000
59.000000
66.000000
58.000000
55.000000
57.000000
86.000000
91.000000
107.000000
125.000000
112.000000
118.000000
161.000000
172.000000
146.000000
187.000000
217.000000
234.000000
203.000000
249.000000
206.000000
202.000000
148.000000
98.000000
106.000000
84.000000
92.000000
95.000000
100.000000
105.000000
106.000000
160.000000
173.000000
172.000000
176.000000
192.000000
215.000000
220.000000
252.000000
276.000000
301.000000
296.000000
391.000000
420.000000
637.000000
444.000000
415.000000
225.000000
194.000000
174.000000
161.000000
151.000000
173.000000
203.000000
205.000000
248.000000
258.000000
325.000000
352.000000
388.000000
325.000000
402.000000
402.000000
548.000000
538.000000
462.000000
447.000000
487.000000
394.000000
318.000000
270.000000
188.000000
216.000000
219.000000
167.000000
204.000000
219.000000
247.000000
297.000000
334.000000
420.000000
490.000000
473.000000
476.000000
477.000000
470.000000
605.000000
632.000000
634.000000
768.000000
583.000000
690.000000
580.000000
535.000000
415.000000
396.000000
340.000000
309.000000
309.000000
360.000000
412.000000
512.000000
619.000000
871.000000
972.000000
971.000000
1052.000000
1106.000000
1253.000000
1497.000000
1613.000000
1763.000000
1903.000000
2527.000000
7319.000000
12038.000000
10922.000000
12841.000000
3616.000000
2073.000000
1623.000000
1583.000000
1480.000000
1451.000000
1557.000000
1699.000000
1770.000000
1708.000000
1476.000000
1387.000000
1340.000000
1244.000000
1195.000000
1068.000000
1018.000000
929.000000
920.000000
717.000000
695.000000
572.000000
474.000000
354.000000
354.000000
239.000000
203.000000
228.000000
216.000000
245.000000
268.000000
232.000000
267.000000
326.000000
282.000000
281.000000
269.000000
273.000000
254.000000
296.000000
267.000000
252.000000
276.000000
257.000000
177.000000
163.000000
163.000000
127.000000
116.000000
112.000000
95.000000
92.000000
76.000000
89.000000
91.000000
99.000000
107.000000
104.000000
108.000000
99.000000
120.000000
121.000000
115.000000
141.000000
136.000000
108.000000
99.000000
103.000000
132.000000
128.000000
89.000000
77.000000
82.000000
65.000000
64.000000
47.000000
63.000000
52.000000
54.000000
44.000000
40.000000
84.000000
85.000000
81.000000
77.000000
76.000000
86.000000
64.000000
95.000000
81.000000
81.000000
103.000000
120.000000
96.000000
116.000000
71.000000
82.000000
40.000000
41.000000
39.000000
44.000000
35.000000
37.000000
44.000000
51.000000
38.000000
49.000000
60.000000
76.000000
64.000000
64.000000
70.000000
75.000000
68.000000
98.000000
54.000000
77.000000
48.000000
56.000000
61.000000
46.000000
23.000000
32.000000
26.000000
29.000000
26.000000
27.000000
35.000000
36.000000
31.000000
127.000000
36.000000
46.000000
47.000000
39.000000
58.000000
56.000000
66.000000
41.000000
42.000000
53.000000
58.000000
62.000000
40.000000
39.000000
23.000000
17.000000
20.000000
32.000000
28.000000
23.000000
25.000000
15.000000
26.000000
25.000000
41.000000
46.000000
35.000000
45.000000
40.000000
43.000000
52.000000
57.000000
37.000000
34.000000
42.000000
52.000000
43.000000
