0.000000
3.000000
3.000000
3.000000
1.000000
5.000000
2.000000
0.000000
1.000000
0.000000
2.000000
4.000000
4.000000
4.000000
3.000000
4.000000
5.000000
3.000000
6.000000
4.000000
0.000000
1.000000
2.000000
0.000000
0.000000
3.000000
2.000000
2.000000
1.000000
1.000000
2.000000
1.000000
2.000000
2.000000
3.000000
3.000000
1.000000
3.000000
4.000000
0.000000
2.000000
3.000000
1.000000
5.000000
0.000000
0.000000
2.000000
1.000000
1.000000
3.000000
0.000000
1.000000
2.000000
1.000000
1.000000
2.000000
0.000000
0.000000
0.000000
1.000000
0.000000
0.000000
0.000000
1.000000
2.000000
0.000000
2.000000
4.000000
1.000000
0.000000
2.000000
0.000000
0.000000
0.000000
2.000000
0.000000
1.000000
2.000000
3.000000
5.000000
2.000000
5.000000
3.000000
0.000000
1.000000
2.000000
4.000000
2.000000
2.000000
1.000000
2.000000
2.000000
0.000000
5.000000
6.000000
2.000000
2.000000
6.000000
1.000000
4.000000
2.000000
1.000000
0.000000
2.000000
0.000000
2.000000
2.000000
3.000000
6.000000
3.000000
2.000000
6.000000
19.000000
7.000000
4.000000
4.000000
7.000000
8.000000
6.000000
5.000000
6.000000
1.000000
3.000000
3.000000
1.000000
6.000000
1.000000
2.000000
6.000000
5.000000
4.000000
3.000000
7.000000
11.000000
5.000000
6.000000
9.000000
13.000000
11.000000
9.000000
10.000000
10.000000
11.000000
16.000000
13.000000
23.000000
26.000000
25.000000
21.000000
27.000000
16.000000
12.000000
17.000000
22.000000
29.000000
18.000000
23.000000
37.000000
28.000000
31.000000
31.000000
31.000000
31.000000
33.000000
54.000000
63.000000
122.000000
186.000000
252.000000
208.000000
98.000000
100.000000
85.000000
81.000000
74.000000
73.000000
95.000000
77.000000
88.000000
97.000000
84.000000
69.000000
62.000000
65.000000
70.000000
76.000000
53.000000
37.000000
39.000000
46.000000
36.000000
49.000000
21.000000
18.000000
22.000000
17.000000
13.000000
4.000000
13.000000
7.000000
10.000000
9.000000
23.000000
28.000000
24.000000
29.000000
17.000000
15.000000
19.000000
20.000000
23.000000
20.000000
17.000000
7.000000
14.000000
7.000000
9.000000
16.000000
10.000000
13.000000
5.000000
7.000000
8.000000
6.000000
7.000000
13.000000
8.000000
11.000000
20.000000
14.000000
7.000000
8.000000
10.000000
10.000000
2.000000
4.000000
9.000000
13.000000
13.000000
21.000000
6.000000
8.000000
10.000000
5.000000
6.000000
4.000000
3.000000
5.000000
4.000000
11.000000
1.000000
2.000000
6.000000
14.000000
6.000000
6.000000
7.000000
12.000000
6.000000
9.000000
3.000000
4.000000
11.000000
5.000000
4.000000
6.000000
6.000000
4.000000
10.000000
6.000000
6.000000
8.000000
3.000000
2.000000
6.000000
3.000000
5.000000
13.000000
4.000000
7.000000
10.000000
11.000000
9.000000
7.000000
4.000000
7.000000
3.000000
7.000000
4.000000
3.000000
5.000000
3.000000
6.000000
5.000000
0.000000
4.000000
4.000000
0.000000
0.000000
8.000000
3.000000
8.000000
4.000000
8.000000
4.000000
7.000000
8.000000
1.000000
3.000000
7.000000
3.000000
2.000000
1.000000
1.000000
1.000000
2.000000
1.000000
4.000000
2.000000
0.000000
4.000000
3.000000
6.000000
3.000000
4.000000
6.000000
4.000000
7.000000
3.000000
5.000000
3.000000
10.000000
11.000000
8.000000
4.000000
4.000000
7.000000
