1910.000000
1702.000000
1189.000000
948.000000
778.000000
658.000000
709.000000
695.000000
954.000000
1208.000000
1615.000000
2105.000000
2410.000000
2429.000000
2629.000000
2556.000000
2505.000000
2587.000000
2450.000000
2243.000000
2405.000000
2343.000000
2492.000000
2366.000000
1969.000000
1590.000000
1242.000000
951.000000
863.000000
792.000000
795.000000
862.000000
932.000000
1319.000000
1715.000000
1892.000000
2168.000000
2250.000000
2307.000000
2455.000000
2610.000000
2497.000000
2396.000000
2461.000000
2433.000000
2313.000000
2584.000000
1916.000000
1662.000000
1544.000000
1274.000000
880.000000
792.000000
722.000000
652.000000
796.000000
959.000000
1316.000000
1662.000000
1879.000000
2205.000000
2443.000000
2550.000000
2602.000000
2639.000000
2652.000000
2583.000000
2741.000000
2898.000000
2885.000000
2759.000000
2741.000000
2553.000000
2094.000000
1515.000000
1226.000000
1036.000000
959.000000
944.000000
982.000000
1338.000000
1752.000000
2413.000000
2838.000000
3075.000000
3173.000000
3522.000000
3593.000000
3656.000000
3653.000000
3747.000000
3721.000000
3986.000000
3917.000000
3546.000000
3627.000000
2325.000000
1710.000000
1309.000000
1203.000000
1121.000000
1209.000000
1211.000000
1398.000000
1654.000000
2135.000000
2881.000000
3109.000000
3295.000000
3519.000000
3308.000000
3598.000000
3459.000000
3448.000000
3361.000000
3290.000000
3315.000000
3069.000000
2834.000000
2270.000000
2193.000000
1945.000000
1572.000000
1339.000000
1123.000000
1213.000000
1194.000000
1171.000000
1398.000000
1710.000000
2366.000000
2629.000000
3098.000000
3534.000000
3855.000000
3833.000000
3748.000000
3957.000000
4031.000000
5023.000000
6880.000000
7661.000000
7229.000000
7474.000000
7201.000000
6590.000000
5677.000000
4597.000000
3979.000000
3790.000000
3745.000000
3775.000000
4268.000000
5785.000000
8062.000000
10803.000000
13238.000000
15468.000000
18257.000000
20012.000000
21498.000000
24334.000000
27837.000000
39667.000000
55906.000000
46063.000000
49428.000000
50300.000000
106855.000000
41523.000000
26172.000000
19399.000000
15952.000000
13341.000000
10707.000000
10067.000000
11588.000000
14370.000000
15537.000000
16407.000000
15994.000000
16960.000000
16521.000000
14954.000000
13909.000000
12731.000000
11445.000000
10138.000000
9154.000000
8273.000000
7415.000000
6730.000000
6296.000000
5379.000000
4366.000000
3795.000000
3564.000000
3167.000000
3372.000000
2933.000000
2692.000000
3226.000000
3686.000000
4180.000000
4338.000000
4341.000000
4347.000000
4502.000000
4204.000000
3909.000000
3578.000000
3273.000000
3060.000000
2978.000000
2874.000000
2749.000000
2575.000000
2150.000000
1771.000000
1576.000000
1303.000000
1125.000000
1049.000000
1007.000000
1151.000000
1328.000000
1672.000000
1781.000000
1985.000000
2134.000000
2219.000000
2112.000000
2186.000000
2145.000000
2017.000000
2032.000000
1754.000000
1709.000000
1670.000000
1693.000000
1480.000000
1437.000000
1178.000000
1015.000000
882.000000
747.000000
761.000000
700.000000
774.000000
981.000000
1181.000000
1265.000000
1415.000000
1728.000000
1661.000000
1721.000000
1849.000000
1676.000000
1592.000000
1514.000000
1450.000000
1274.000000
1286.000000
1211.000000
1204.000000
1106.000000
876.000000
779.000000
549.000000
504.000000
520.000000
489.000000
506.000000
621.000000
861.000000
959.000000
1061.000000
1061.000000
1136.000000
1199.000000
1124.000000
1095.000000
1080.000000
931.000000
883.000000
770.000000
821.000000
814.000000
823.000000
709.000000
640.000000
523.000000
472.000000
422.000000
360.000000
349.000000
352.000000
434.000000
524.000000
627.000000
668.000000
722.000000
802.000000
844.000000
798.000000
919.000000
855.000000
861.000000
879.000000
871.000000
818.000000
843.000000
828.000000
794.000000
665.000000
585.000000
459.000000
358.000000
352.000000
333.000000
327.000000
374.000000
459.000000
643.000000
682.000000
705.000000
755.000000
880.000000
909.000000
1020.000000
934.000000
974.000000
941.000000
836.000000
809.000000
656.000000
653.000000
