3328.000000
3302.000000
3066.000000
2753.000000
2487.000000
2478.000000
2485.000000
2754.000000
2831.000000
2950.000000
3240.000000
3571.000000
3972.000000
3976.000000
4230.000000
4514.000000
4046.000000
3772.000000
3836.000000
3812.000000
3516.000000
3478.000000
9515.000000
9184.000000
15295.000000
9368.000000
7237.000000
6289.000000
5469.000000
5219.000000
4896.000000
4857.000000
5394.000000
5897.000000
6168.000000
6269.000000
6621.000000
6531.000000
6262.000000
6063.000000
5611.000000
5113.000000
4835.000000
4560.000000
4076.000000
3719.000000
3591.000000
3383.000000
3549.000000
3230.000000
3285.000000
2921.000000
2841.000000
2757.000000
2795.000000
2766.000000
2818.000000
3322.000000
3525.000000
3697.000000
3831.000000
3783.000000
4303.000000
4344.000000
4359.000000
4003.000000
4274.000000
3808.000000
3542.000000
3240.000000
3312.000000
3071.000000
2917.000000
3010.000000
2781.000000
2569.000000
2623.000000
2466.000000
2448.000000
2639.000000
2768.000000
2973.000000
3262.000000
3364.000000
3652.000000
3695.000000
3746.000000
3955.000000
3897.000000
3784.000000
3744.000000
3681.000000
3519.000000
3223.000000
4236.000000
4399.000000
3790.000000
3818.000000
3688.000000
3288.000000
3308.000000
3107.000000
3102.000000
3496.000000
3625.000000
4319.000000
4846.000000
4798.000000
5290.000000
5315.000000
5504.000000
5414.000000
5115.000000
4815.000000
4954.000000
4529.000000
3861.000000
3862.000000
3817.000000
4065.000000
4554.000000
4980.000000
5261.000000
4412.000000
4480.000000
4242.000000
4026.000000
4095.000000
4178.000000
4304.000000
4593.000000
5173.000000
5817.000000
6255.000000
6325.000000
6568.000000
6298.000000
6190.000000
6008.000000
5798.000000
5508.000000
5988.000000
5528.000000
5742.000000
6266.000000
6859.000000
7188.000000
7352.000000
7128.000000
7023.000000
7270.000000
7483.000000
7926.000000
7908.000000
9299.000000
10310.000000
11678.000000
13568.000000
14236.000000
15656.000000
16576.000000
16465.000000
18337.000000
28814.000000
54884.000000
80029.000000
136416.000000
147427.000000
185272.000000
179965.000000
70997.000000
45285.000000
37443.000000
30692.000000
26808.000000
26483.000000
27809.000000
29375.000000
30528.000000
30456.000000
29269.000000
27551.000000
26393.000000
23002.000000
18363.000000
16514.000000
14542.000000
12881.000000
11349.000000
10141.000000
12307.000000
10824.000000
9756.000000
9899.000000
8590.000000
7613.000000
6938.000000
6569.000000
6315.000000
6241.000000
6348.000000
6981.000000
7048.000000
7076.000000
6921.000000
7001.000000
7107.000000
6430.000000
5988.000000
5284.000000
4819.000000
4565.000000
4031.000000
3671.000000
3327.000000
3272.000000
3225.000000
3120.000000
3132.000000
3170.000000
2810.000000
2842.000000
2697.000000
2985.000000
2941.000000
3413.000000
3417.000000
3775.000000
4310.000000
4682.000000
4839.000000
4701.000000
4119.000000
3638.000000
3112.000000
2868.000000
2588.000000
2194.000000
2240.000000
2184.000000
2162.000000
2151.000000
2049.000000
2035.000000
2020.000000
1976.000000
1914.000000
1964.000000
2092.000000
2395.000000
2447.000000
2591.000000
2780.000000
2769.000000
2896.000000
2778.000000
2692.000000
2456.000000
2579.000000
2252.000000
1969.000000
1782.000000
2122.000000
1986.000000
1834.000000
1796.000000
1743.000000
1682.000000
1691.000000
1609.000000
1731.000000
1688.000000
1794.000000
1959.000000
2386.000000
2233.000000
2506.000000
2589.000000
2503.000000
2542.000000
2288.000000
2000.000000
2111.000000
1912.000000
1509.000000
1468.000000
1372.000000
1382.000000
1483.000000
1434.000000
1357.000000
1462.000000
1666.000000
1720.000000
1737.000000
1659.000000
1635.000000
1545.000000
1726.000000
1859.000000
1977.000000
2353.000000
2153.000000
2094.000000
2025.000000
1985.000000
1847.000000
1714.000000
1436.000000
1354.000000
1210.000000
1247.000000
1273.000000
1300.000000
1265.000000
1433.000000
1441.000000
1487.000000
1978.000000
3038.000000
3551.000000
3347.000000
3423.000000
2522.000000
2307.000000
2228.000000
2066.000000
1936.000000
1990.000000
1808.000000
1744.000000
1546.000000
1282.000000
1192.000000
1063.000000
1047.000000
1133.000000
