3389.000000
1917.000000
3809.000000
2407.000000
1450.000000
932.000000
786.000000
563.000000
482.000000
411.000000
361.000000
437.000000
669.000000
804.000000
1045.000000
1228.000000
1685.000000
1353.000000
1273.000000
1271.000000
1277.000000
1240.000000
1254.000000
1171.000000
1532.000000
1535.000000
1512.000000
1609.000000
1059.000000
735.000000
656.000000
397.000000
401.000000
304.000000
324.000000
402.000000
492.000000
725.000000
880.000000
1010.000000
1120.000000
1003.000000
902.000000
864.000000
953.000000
956.000000
903.000000
967.000000
980.000000
976.000000
802.000000
709.000000
824.000000
577.000000
472.000000
394.000000
320.000000
274.000000
298.000000
404.000000
460.000000
513.000000
657.000000
676.000000
673.000000
755.000000
769.000000
1052.000000
1029.000000
1226.000000
1225.000000
1365.000000
2141.000000
3626.000000
3193.000000
2161.000000
1511.000000
1055.000000
871.000000
717.000000
586.000000
525.000000
510.000000
716.000000
800.000000
930.000000
1026.000000
1262.000000
1096.000000
1070.000000
1032.000000
1073.000000
998.000000
1091.000000
964.000000
1258.000000
1234.000000
1029.000000
1189.000000
1102.000000
731.000000
616.000000
551.000000
518.000000
383.000000
349.000000
322.000000
409.000000
512.000000
642.000000
861.000000
809.000000
874.000000
933.000000
1049.000000
1059.000000
1214.000000
1220.000000
1211.000000
1242.000000
1202.000000
992.000000
1029.000000
929.000000
802.000000
654.000000
569.000000
465.000000
362.000000
308.000000
321.000000
417.000000
503.000000
665.000000
908.000000
1164.000000
1460.000000
1675.000000
1690.000000
1721.000000
1716.000000
1770.000000
1795.000000
1812.000000
1805.000000
1789.000000
1562.000000
1667.000000
1350.000000
1144.000000
988.000000
782.000000
701.000000
634.000000
633.000000
683.000000
881.000000
1483.000000
1863.000000
2445.000000
3262.000000
4077.000000
4669.000000
4533.000000
4640.000000
4833.000000
6105.000000
10612.000000
18334.000000
13498.000000
9925.000000
8162.000000
4090.000000
2866.000000
2092.000000
1590.000000
1298.000000
1230.000000
1089.000000
1389.000000
1700.000000
1672.000000
1758.000000
1753.000000
1755.000000
1740.000000
1692.000000
1587.000000
1499.000000
1356.000000
1274.000000
1110.000000
965.000000
924.000000
797.000000
647.000000
505.000000
416.000000
312.000000
265.000000
244.000000
192.000000
203.000000
247.000000
305.000000
366.000000
374.000000
361.000000
428.000000
421.000000
396.000000
408.000000
398.000000
423.000000
457.000000
396.000000
391.000000
369.000000
353.000000
317.000000
281.000000
233.000000
150.000000
134.000000
110.000000
131.000000
126.000000
90.000000
170.000000
214.000000
220.000000
218.000000
202.000000
270.000000
272.000000
264.000000
299.000000
288.000000
274.000000
249.000000
250.000000
314.000000
321.000000
261.000000
189.000000
139.000000
125.000000
105.000000
91.000000
75.000000
67.000000
104.000000
129.000000
203.000000
166.000000
213.000000
255.000000
235.000000
233.000000
199.000000
267.000000
243.000000
231.000000
220.000000
260.000000
255.000000
185.000000
188.000000
135.000000
130.000000
111.000000
102.000000
89.000000
70.000000
42.000000
87.000000
94.000000
108.000000
131.000000
168.000000
197.000000
181.000000
229.000000
247.000000
378.000000
232.000000
195.000000
259.000000
218.000000
189.000000
174.000000
186.000000
178.000000
133.000000
114.000000
100.000000
96.000000
77.000000
111.000000
104.000000
136.000000
144.000000
159.000000
191.000000
197.000000
292.000000
246.000000
222.000000
216.000000
202.000000
246.000000
210.000000
224.000000
240.000000
269.000000
298.000000
205.000000
145.000000
121.000000
93.000000
80.000000
80.000000
107.000000
68.000000
98.000000
142.000000
165.000000
233.000000
240.000000
277.000000
327.000000
353.000000
381.000000
359.000000
514.000000
937.000000
854.000000
