0.000000
13.000000
19.000000
12.000000
10.000000
3.000000
7.000000
9.000000
7.000000
11.000000
4.000000
1.000000
4.000000
4.000000
5.000000
4.000000
3.000000
1.000000
6.000000
4.000000
3.000000
6.000000
10.000000
7.000000
7.000000
8.000000
4.000000
7.000000
1.000000
4.000000
1.000000
1.000000
2.000000
1.000000
1.000000
0.000000
1.000000
3.000000
2.000000
5.000000
5.000000
2.000000
4.000000
0.000000
6.000000
6.000000
8.000000
12.000000
5.000000
15.000000
5.000000
3.000000
2.000000
4.000000
5.000000
2.000000
2.000000
3.000000
2.000000
3.000000
1.000000
1.000000
3.000000
2.000000
0.000000
1.000000
3.000000
1.000000
3.000000
2.000000
4.000000
2.000000
4.000000
1.000000
0.000000
2.000000
2.000000
2.000000
1.000000
2.000000
1.000000
4.000000
2.000000
0.000000
1.000000
0.000000
2.000000
1.000000
1.000000
3.000000
3.000000
8.000000
2.000000
4.000000
10.000000
7.000000
5.000000
1.000000
2.000000
7.000000
2.000000
2.000000
6.000000
1.000000
5.000000
3.000000
0.000000
1.000000
1.000000
2.000000
1.000000
2.000000
4.000000
5.000000
2.000000
4.000000
8.000000
9.000000
2.000000
5.000000
7.000000
7.000000
2.000000
3.000000
8.000000
2.000000
0.000000
5.000000
2.000000
1.000000
1.000000
2.000000
2.000000
1.000000
2.000000
1.000000
0.000000
3.000000
6.000000
2.000000
10.000000
7.000000
8.000000
11.000000
10.000000
15.000000
7.000000
13.000000
8.000000
11.000000
19.000000
6.000000
5.000000
4.000000
1.000000
8.000000
1.000000
9.000000
3.000000
7.000000
5.000000
5.000000
8.000000
13.000000
23.000000
50.000000
68.000000
111.000000
310.000000
175.000000
103.000000
100.000000
79.000000
63.000000
53.000000
48.000000
59.000000
32.000000
55.000000
30.000000
37.000000
30.000000
30.000000
50.000000
38.000000
39.000000
55.000000
49.000000
36.000000
50.000000
44.000000
63.000000
52.000000
36.000000
25.000000
24.000000
22.000000
18.000000
25.000000
25.000000
21.000000
26.000000
8.000000
12.000000
10.000000
16.000000
7.000000
17.000000
9.000000
12.000000
21.000000
19.000000
11.000000
30.000000
22.000000
18.000000
22.000000
19.000000
8.000000
20.000000
16.000000
19.000000
9.000000
17.000000
8.000000
10.000000
8.000000
8.000000
10.000000
1.000000
2.000000
11.000000
4.000000
9.000000
17.000000
14.000000
11.000000
21.000000
17.000000
16.000000
15.000000
9.000000
8.000000
10.000000
14.000000
4.000000
8.000000
8.000000
12.000000
5.000000
3.000000
7.000000
3.000000
2.000000
3.000000
11.000000
10.000000
9.000000
7.000000
5.000000
12.000000
20.000000
13.000000
12.000000
11.000000
10.000000
4.000000
13.000000
4.000000
5.000000
2.000000
7.000000
4.000000
1.000000
4.000000
1.000000
6.000000
0.000000
3.000000
5.000000
7.000000
6.000000
3.000000
7.000000
11.000000
11.000000
7.000000
13.000000
13.000000
13.000000
10.000000
4.000000
3.000000
7.000000
2.000000
11.000000
2.000000
2.000000
1.000000
1.000000
6.000000
4.000000
1.000000
1.000000
2.000000
5.000000
13.000000
2.000000
3.000000
5.000000
7.000000
6.000000
7.000000
11.000000
8.000000
12.000000
3.000000
1.000000
6.000000
7.000000
7.000000
0.000000
4.000000
1.000000
8.000000
4.000000
3.000000
2.000000
2.000000
4.000000
4.000000
5.000000
3.000000
3.000000
2.000000
6.000000
11.000000
