27.000000
20.000000
15.000000
19.000000
19.000000
21.000000
16.000000
20.000000
13.000000
6.000000
5.000000
6.000000
9.000000
4.000000
9.000000
7.000000
12.000000
15.000000
11.000000
17.000000
18.000000
22.000000
23.000000
24.000000
15.000000
22.000000
16.000000
20.000000
17.000000
21.000000
20.000000
14.000000
13.000000
15.000000
16.000000
13.000000
10.000000
12.000000
5.000000
8.000000
7.000000
17.000000
20.000000
18.000000
29.000000
33.000000
32.000000
28.000000
33.000000
20.000000
21.000000
30.000000
15.000000
16.000000
21.000000
19.000000
16.000000
8.000000
10.000000
6.000000
7.000000
9.000000
2.000000
9.000000
6.000000
12.000000
25.000000
16.000000
20.000000
29.000000
30.000000
26.000000
13.000000
21.000000
19.000000
23.000000
16.000000
23.000000
28.000000
26.000000
17.000000
20.000000
13.000000
11.000000
12.000000
8.000000
12.000000
7.000000
17.000000
19.000000
22.000000
21.000000
25.000000
23.000000
29.000000
31.000000
36.000000
26.000000
36.000000
31.000000
35.000000
34.000000
34.000000
32.000000
33.000000
32.000000
23.000000
17.000000
17.000000
15.000000
23.000000
47.000000
18.000000
18.000000
50.000000
53.000000
69.000000
47.000000
41.000000
81.000000
69.000000
58.000000
58.000000
60.000000
61.000000
66.000000
55.000000
54.000000
61.000000
51.000000
35.000000
24.000000
20.000000
28.000000
33.000000
23.000000
24.000000
40.000000
50.000000
63.000000
85.000000
113.000000
103.000000
154.000000
433.000000
285.000000
227.000000
241.000000
225.000000
256.000000
182.000000
170.000000
149.000000
116.000000
89.000000
103.000000
74.000000
88.000000
86.000000
72.000000
138.000000
138.000000
137.000000
159.000000
190.000000
261.000000
445.000000
357.000000
1080.000000
995.000000
632.000000
558.000000
528.000000
434.000000
356.000000
380.000000
311.000000
263.000000
228.000000
172.000000
144.000000
137.000000
132.000000
147.000000
128.000000
164.000000
195.000000
179.000000
185.000000
201.000000
189.000000
202.000000
187.000000
166.000000
147.000000
165.000000
146.000000
128.000000
135.000000
117.000000
98.000000
81.000000
73.000000
66.000000
37.000000
50.000000
44.000000
39.000000
58.000000
61.000000
78.000000
71.000000
75.000000
74.000000
84.000000
97.000000
87.000000
84.000000
81.000000
74.000000
68.000000
77.000000
75.000000
52.000000
50.000000
34.000000
29.000000
47.000000
28.000000
25.000000
74.000000
25.000000
34.000000
30.000000
26.000000
47.000000
46.000000
61.000000
61.000000
55.000000
67.000000
75.000000
60.000000
62.000000
50.000000
50.000000
44.000000
54.000000
42.000000
28.000000
26.000000
26.000000
35.000000
25.000000
21.000000
27.000000
18.000000
23.000000
25.000000
38.000000
36.000000
58.000000
47.000000
42.000000
40.000000
46.000000
36.000000
45.000000
57.000000
36.000000
52.000000
48.000000
37.000000
37.000000
33.000000
19.000000
25.000000
17.000000
21.000000
19.000000
16.000000
31.000000
17.000000
28.000000
30.000000
40.000000
36.000000
39.000000
35.000000
35.000000
23.000000
30.000000
27.000000
31.000000
31.000000
21.000000
22.000000
29.000000
18.000000
18.000000
18.000000
12.000000
11.000000
16.000000
15.000000
10.000000
23.000000
32.000000
34.000000
34.000000
45.000000
52.000000
50.000000
39.000000
104.000000
86.000000
53.000000
57.000000
40.000000
30.000000
29.000000
26.000000
29.000000
19.000000
16.000000
21.000000
18.000000
14.000000
20.000000
24.000000
27.000000
40.000000
36.000000
40.000000
76.000000
76.000000
146.000000
