19.000000
30.000000
23.000000
21.000000
17.000000
7.000000
14.000000
12.000000
7.000000
11.000000
4.000000
5.000000
7.000000
9.000000
6.000000
5.000000
7.000000
12.000000
8.000000
25.000000
13.000000
13.000000
21.000000
30.000000
14.000000
16.000000
12.000000
20.000000
14.000000
14.000000
11.000000
14.000000
7.000000
6.000000
7.000000
7.000000
6.000000
10.000000
7.000000
13.000000
6.000000
14.000000
14.000000
9.000000
14.000000
12.000000
12.000000
18.000000
29.000000
15.000000
14.000000
8.000000
4.000000
13.000000
20.000000
15.000000
9.000000
7.000000
6.000000
5.000000
4.000000
2.000000
6.000000
4.000000
8.000000
13.000000
7.000000
14.000000
16.000000
10.000000
21.000000
20.000000
20.000000
15.000000
13.000000
15.000000
9.000000
10.000000
12.000000
12.000000
7.000000
6.000000
3.000000
7.000000
4.000000
9.000000
2.000000
5.000000
11.000000
15.000000
15.000000
15.000000
12.000000
22.000000
10.000000
13.000000
23.000000
25.000000
12.000000
15.000000
14.000000
17.000000
10.000000
9.000000
11.000000
7.000000
8.000000
5.000000
7.000000
8.000000
13.000000
16.000000
16.000000
24.000000
44.000000
28.000000
33.000000
33.000000
33.000000
41.000000
37.000000
53.000000
21.000000
31.000000
36.000000
27.000000
33.000000
30.000000
28.000000
24.000000
20.000000
28.000000
14.000000
18.000000
11.000000
26.000000
28.000000
37.000000
26.000000
51.000000
95.000000
162.000000
211.000000
532.000000
398.000000
302.000000
267.000000
284.000000
229.000000
202.000000
191.000000
141.000000
161.000000
138.000000
100.000000
98.000000
84.000000
95.000000
76.000000
90.000000
89.000000
131.000000
131.000000
162.000000
204.000000
295.000000
238.000000
957.000000
1980.000000
1114.000000
915.000000
664.000000
598.000000
510.000000
441.000000
383.000000
351.000000
292.000000
240.000000
191.000000
209.000000
179.000000
175.000000
179.000000
220.000000
231.000000
272.000000
248.000000
257.000000
226.000000
241.000000
201.000000
183.000000
178.000000
170.000000
124.000000
134.000000
122.000000
108.000000
109.000000
89.000000
61.000000
61.000000
50.000000
55.000000
61.000000
32.000000
57.000000
81.000000
72.000000
81.000000
122.000000
123.000000
183.000000
152.000000
127.000000
113.000000
118.000000
121.000000
130.000000
93.000000
98.000000
78.000000
77.000000
58.000000
46.000000
52.000000
28.000000
31.000000
28.000000
41.000000
32.000000
52.000000
97.000000
201.000000
243.000000
217.000000
259.000000
206.000000
150.000000
302.000000
301.000000
262.000000
174.000000
125.000000
123.000000
80.000000
69.000000
58.000000
65.000000
38.000000
42.000000
27.000000
28.000000
29.000000
37.000000
37.000000
44.000000
66.000000
55.000000
54.000000
72.000000
46.000000
53.000000
42.000000
43.000000
40.000000
65.000000
40.000000
40.000000
42.000000
33.000000
23.000000
17.000000
27.000000
20.000000
20.000000
20.000000
19.000000
13.000000
28.000000
21.000000
25.000000
30.000000
30.000000
27.000000
28.000000
41.000000
35.000000
19.000000
30.000000
24.000000
27.000000
25.000000
36.000000
27.000000
30.000000
25.000000
16.000000
17.000000
11.000000
12.000000
14.000000
15.000000
15.000000
18.000000
22.000000
26.000000
27.000000
37.000000
36.000000
35.000000
38.000000
34.000000
17.000000
20.000000
34.000000
14.000000
25.000000
25.000000
28.000000
23.000000
12.000000
24.000000
21.000000
21.000000
15.000000
13.000000
11.000000
19.000000
22.000000
17.000000
29.000000
31.000000
21.000000
24.000000
29.000000
