122.000000
86.000000
70.000000
53.000000
36.000000
60.000000
36.000000
34.000000
46.000000
33.000000
28.000000
21.000000
18.000000
20.000000
18.000000
22.000000
18.000000
23.000000
32.000000
41.000000
37.000000
46.000000
53.000000
24.000000
40.000000
18.000000
31.000000
44.000000
27.000000
23.000000
33.000000
29.000000
26.000000
17.000000
7.000000
16.000000
11.000000
13.000000
10.000000
9.000000
15.000000
17.000000
19.000000
17.000000
16.000000
28.000000
41.000000
31.000000
29.000000
20.000000
21.000000
24.000000
28.000000
23.000000
31.000000
16.000000
18.000000
21.000000
12.000000
17.000000
11.000000
5.000000
10.000000
13.000000
15.000000
14.000000
10.000000
22.000000
23.000000
23.000000
34.000000
26.000000
24.000000
19.000000
29.000000
33.000000
22.000000
20.000000
36.000000
32.000000
21.000000
17.000000
7.000000
12.000000
15.000000
7.000000
8.000000
12.000000
16.000000
11.000000
15.000000
45.000000
21.000000
22.000000
22.000000
24.000000
36.000000
28.000000
25.000000
30.000000
33.000000
32.000000
25.000000
29.000000
25.000000
25.000000
14.000000
19.000000
20.000000
18.000000
13.000000
18.000000
19.000000
22.000000
49.000000
58.000000
55.000000
62.000000
49.000000
60.000000
70.000000
63.000000
58.000000
48.000000
59.000000
52.000000
48.000000
49.000000
53.000000
50.000000
35.000000
35.000000
36.000000
34.000000
30.000000
32.000000
24.000000
33.000000
47.000000
56.000000
86.000000
95.000000
101.000000
135.000000
269.000000
258.000000
966.000000
1094.000000
716.000000
555.000000
439.000000
430.000000
386.000000
298.000000
275.000000
266.000000
206.000000
171.000000
159.000000
165.000000
197.000000
291.000000
297.000000
320.000000
391.000000
533.000000
871.000000
564.000000
1667.000000
1354.000000
893.000000
728.000000
650.000000
566.000000
434.000000
380.000000
393.000000
269.000000
203.000000
202.000000
177.000000
160.000000
156.000000
157.000000
163.000000
189.000000
189.000000
207.000000
215.000000
196.000000
183.000000
149.000000
189.000000
171.000000
153.000000
120.000000
125.000000
113.000000
115.000000
89.000000
88.000000
85.000000
49.000000
55.000000
52.000000
73.000000
45.000000
56.000000
48.000000
63.000000
64.000000
96.000000
72.000000
69.000000
74.000000
81.000000
84.000000
111.000000
81.000000
72.000000
65.000000
65.000000
65.000000
57.000000
61.000000
63.000000
38.000000
25.000000
38.000000
24.000000
24.000000
24.000000
23.000000
41.000000
34.000000
49.000000
39.000000
42.000000
50.000000
43.000000
49.000000
41.000000
36.000000
45.000000
54.000000
67.000000
45.000000
38.000000
41.000000
29.000000
23.000000
26.000000
27.000000
20.000000
14.000000
23.000000
11.000000
19.000000
26.000000
29.000000
32.000000
33.000000
29.000000
46.000000
36.000000
34.000000
32.000000
31.000000
32.000000
39.000000
31.000000
34.000000
32.000000
15.000000
22.000000
15.000000
5.000000
8.000000
6.000000
7.000000
16.000000
17.000000
28.000000
22.000000
27.000000
25.000000
27.000000
20.000000
33.000000
31.000000
33.000000
33.000000
20.000000
31.000000
24.000000
24.000000
18.000000
18.000000
20.000000
20.000000
12.000000
22.000000
12.000000
11.000000
14.000000
16.000000
28.000000
39.000000
22.000000
27.000000
17.000000
24.000000
33.000000
19.000000
25.000000
29.000000
30.000000
29.000000
28.000000
23.000000
30.000000
23.000000
11.000000
11.000000
17.000000
11.000000
12.000000
7.000000
14.000000
17.000000
17.000000
27.000000
27.000000
15.000000
30.000000
36.000000
39.000000
