870.000000
695.000000
512.000000
414.000000
352.000000
288.000000
264.000000
345.000000
288.000000
332.000000
327.000000
419.000000
471.000000
499.000000
586.000000
509.000000
589.000000
579.000000
584.000000
551.000000
677.000000
589.000000
531.000000
538.000000
591.000000
568.000000
482.000000
396.000000
367.000000
304.000000
286.000000
266.000000
271.000000
274.000000
326.000000
358.000000
400.000000
478.000000
507.000000
527.000000
515.000000
580.000000
686.000000
937.000000
755.000000
672.000000
701.000000
609.000000
716.000000
704.000000
757.000000
853.000000
656.000000
612.000000
411.000000
410.000000
373.000000
390.000000
400.000000
513.000000
540.000000
666.000000
604.000000
573.000000
653.000000
576.000000
596.000000
594.000000
672.000000
628.000000
568.000000
721.000000
794.000000
799.000000
903.000000
822.000000
631.000000
568.000000
480.000000
421.000000
406.000000
453.000000
520.000000
583.000000
597.000000
725.000000
875.000000
1504.000000
996.000000
920.000000
900.000000
880.000000
1058.000000
904.000000
1054.000000
1077.000000
1150.000000
1126.000000
1173.000000
895.000000
759.000000
659.000000
652.000000
682.000000
664.000000
753.000000
894.000000
1012.000000
1154.000000
1433.000000
1468.000000
1522.000000
1659.000000
1759.000000
1496.000000
1632.000000
1932.000000
1992.000000
2422.000000
4158.000000
4032.000000
4080.000000
2995.000000
2367.000000
1587.000000
1385.000000
1295.000000
1258.000000
1271.000000
1187.000000
1150.000000
1309.000000
1528.000000
1665.000000
1714.000000
1924.000000
2047.000000
2108.000000
2035.000000
1872.000000
1971.000000
2262.000000
2657.000000
3056.000000
4954.000000
7011.000000
5306.000000
2874.000000
1979.000000
1658.000000
1655.000000
1600.000000
1515.000000
1613.000000
1658.000000
1619.000000
1678.000000
2039.000000
2103.000000
2087.000000
2264.000000
2362.000000
2360.000000
2383.000000
2678.000000
2983.000000
3387.000000
4872.000000
9761.000000
7477.000000
6183.000000
8228.000000
3934.000000
3095.000000
2798.000000
2499.000000
2163.000000
2094.000000
2107.000000
2386.000000
2631.000000
2644.000000
2429.000000
2268.000000
2014.000000
1806.000000
1744.000000
1769.000000
1577.000000
1538.000000
1477.000000
1239.000000
1049.000000
1016.000000
930.000000
850.000000
763.000000
625.000000
585.000000
515.000000
603.000000
559.000000
599.000000
683.000000
802.000000
811.000000
820.000000
748.000000
735.000000
727.000000
684.000000
710.000000
620.000000
599.000000
577.000000
580.000000
496.000000
467.000000
431.000000
387.000000
358.000000
292.000000
301.000000
316.000000
280.000000
267.000000
321.000000
387.000000
407.000000
366.000000
445.000000
430.000000
421.000000
482.000000
423.000000
401.000000
462.000000
435.000000
356.000000
323.000000
324.000000
366.000000
309.000000
300.000000
277.000000
238.000000
178.000000
203.000000
199.000000
237.000000
255.000000
244.000000
304.000000
305.000000
305.000000
327.000000
319.000000
272.000000
258.000000
326.000000
282.000000
281.000000
250.000000
247.000000
300.000000
286.000000
243.000000
221.000000
168.000000
193.000000
173.000000
152.000000
192.000000
151.000000
181.000000
232.000000
250.000000
211.000000
234.000000
263.000000
194.000000
250.000000
180.000000
201.000000
226.000000
206.000000
195.000000
223.000000
230.000000
202.000000
267.000000
236.000000
251.000000
214.000000
182.000000
157.000000
158.000000
225.000000
198.000000
180.000000
216.000000
214.000000
232.000000
213.000000
239.000000
202.000000
212.000000
202.000000
188.000000
233.000000
170.000000
172.000000
174.000000
217.000000
194.000000
159.000000
159.000000
141.000000
119.000000
120.000000
110.000000
117.000000
131.000000
121.000000
157.000000
140.000000
165.000000
126.000000
163.000000
138.000000
157.000000
221.000000
221.000000
202.000000
208.000000
185.000000
202.000000
