334.000000
430.000000
373.000000
214.000000
146.000000
143.000000
115.000000
101.000000
90.000000
122.000000
159.000000
144.000000
143.000000
162.000000
144.000000
167.000000
170.000000
189.000000
169.000000
210.000000
276.000000
249.000000
240.000000
272.000000
242.000000
188.000000
137.000000
122.000000
117.000000
99.000000
90.000000
86.000000
107.000000
136.000000
168.000000
215.000000
202.000000
276.000000
284.000000
342.000000
275.000000
300.000000
322.000000
294.000000
308.000000
341.000000
398.000000
383.000000
376.000000
249.000000
198.000000
161.000000
134.000000
92.000000
113.000000
136.000000
158.000000
168.000000
274.000000
324.000000
309.000000
282.000000
483.000000
461.000000
418.000000
396.000000
416.000000
410.000000
455.000000
456.000000
462.000000
475.000000
530.000000
329.000000
265.000000
207.000000
174.000000
154.000000
145.000000
172.000000
199.000000
258.000000
298.000000
364.000000
372.000000
457.000000
438.000000
467.000000
399.000000
377.000000
404.000000
378.000000
452.000000
639.000000
589.000000
678.000000
613.000000
409.000000
301.000000
239.000000
214.000000
166.000000
204.000000
179.000000
291.000000
315.000000
370.000000
439.000000
426.000000
510.000000
544.000000
581.000000
539.000000
480.000000
536.000000
539.000000
580.000000
592.000000
659.000000
605.000000
539.000000
413.000000
326.000000
264.000000
206.000000
215.000000
202.000000
229.000000
266.000000
310.000000
415.000000
447.000000
463.000000
478.000000
508.000000
770.000000
753.000000
885.000000
788.000000
907.000000
915.000000
1083.000000
1092.000000
1093.000000
1250.000000
945.000000
755.000000
580.000000
506.000000
454.000000
466.000000
518.000000
662.000000
655.000000
891.000000
954.000000
1141.000000
1249.000000
1273.000000
1358.000000
1421.000000
1468.000000
1854.000000
2549.000000
3769.000000
5251.000000
8717.000000
11367.000000
17735.000000
10078.000000
3618.000000
1749.000000
1162.000000
906.000000
986.000000
769.000000
840.000000
1054.000000
1206.000000
1172.000000
1008.000000
1026.000000
874.000000
905.000000
713.000000
653.000000
607.000000
509.000000
522.000000
497.000000
500.000000
376.000000
386.000000
292.000000
233.000000
201.000000
154.000000
151.000000
130.000000
131.000000
129.000000
163.000000
190.000000
203.000000
242.000000
194.000000
257.000000
260.000000
258.000000
223.000000
219.000000
234.000000
230.000000
235.000000
240.000000
255.000000
223.000000
172.000000
188.000000
102.000000
120.000000
153.000000
116.000000
119.000000
114.000000
156.000000
153.000000
202.000000
187.000000
224.000000
222.000000
219.000000
193.000000
190.000000
185.000000
143.000000
171.000000
180.000000
180.000000
156.000000
207.000000
138.000000
91.000000
68.000000
73.000000
77.000000
62.000000
58.000000
64.000000
75.000000
88.000000
103.000000
124.000000
84.000000
106.000000
116.000000
115.000000
108.000000
111.000000
90.000000
113.000000
88.000000
108.000000
116.000000
95.000000
71.000000
42.000000
46.000000
31.000000
44.000000
52.000000
39.000000
46.000000
60.000000
54.000000
64.000000
82.000000
101.000000
83.000000
86.000000
72.000000
72.000000
90.000000
83.000000
103.000000
81.000000
97.000000
99.000000
72.000000
68.000000
65.000000
35.000000
33.000000
38.000000
42.000000
43.000000
45.000000
41.000000
69.000000
55.000000
61.000000
87.000000
98.000000
76.000000
86.000000
78.000000
62.000000
65.000000
67.000000
77.000000
73.000000
120.000000
109.000000
252.000000
86.000000
46.000000
40.000000
35.000000
35.000000
26.000000
41.000000
35.000000
55.000000
54.000000
49.000000
61.000000
59.000000
64.000000
111.000000
252.000000
90.000000
62.000000
68.000000
63.000000
73.000000
102.000000
61.000000
