11.000000
23.000000
20.000000
17.000000
23.000000
21.000000
8.000000
9.000000
7.000000
6.000000
4.000000
11.000000
5.000000
12.000000
18.000000
12.000000
14.000000
17.000000
17.000000
10.000000
18.000000
24.000000
19.000000
16.000000
17.000000
27.000000
24.000000
17.000000
16.000000
13.000000
9.000000
12.000000
9.000000
5.000000
12.000000
10.000000
7.000000
9.000000
11.000000
9.000000
22.000000
20.000000
23.000000
22.000000
25.000000
14.000000
15.000000
36.000000
25.000000
34.000000
22.000000
20.000000
14.000000
23.000000
26.000000
11.000000
11.000000
15.000000
11.000000
8.000000
13.000000
11.000000
15.000000
25.000000
21.000000
22.000000
21.000000
15.000000
14.000000
29.000000
10.000000
24.000000
18.000000
19.000000
17.000000
17.000000
18.000000
26.000000
18.000000
12.000000
10.000000
11.000000
11.000000
10.000000
10.000000
15.000000
17.000000
11.000000
15.000000
17.000000
17.000000
21.000000
27.000000
25.000000
24.000000
21.000000
21.000000
37.000000
24.000000
27.000000
27.000000
31.000000
28.000000
14.000000
25.000000
11.000000
11.000000
20.000000
22.000000
12.000000
17.000000
26.000000
28.000000
64.000000
59.000000
65.000000
48.000000
48.000000
66.000000
68.000000
42.000000
47.000000
47.000000
38.000000
47.000000
38.000000
26.000000
34.000000
25.000000
16.000000
23.000000
21.000000
22.000000
20.000000
34.000000
33.000000
55.000000
35.000000
45.000000
78.000000
99.000000
107.000000
159.000000
562.000000
395.000000
339.000000
325.000000
246.000000
190.000000
172.000000
172.000000
141.000000
129.000000
110.000000
110.000000
87.000000
96.000000
85.000000
122.000000
96.000000
151.000000
201.000000
174.000000
169.000000
250.000000
408.000000
473.000000
852.000000
1715.000000
1086.000000
878.000000
708.000000
690.000000
569.000000
468.000000
391.000000
285.000000
246.000000
227.000000
204.000000
199.000000
198.000000
207.000000
233.000000
291.000000
283.000000
273.000000
265.000000
240.000000
230.000000
240.000000
197.000000
192.000000
176.000000
154.000000
161.000000
171.000000
136.000000
116.000000
90.000000
86.000000
76.000000
52.000000
60.000000
51.000000
58.000000
61.000000
78.000000
101.000000
94.000000
71.000000
88.000000
89.000000
80.000000
91.000000
83.000000
95.000000
91.000000
85.000000
84.000000
58.000000
76.000000
61.000000
39.000000
44.000000
27.000000
29.000000
30.000000
36.000000
49.000000
35.000000
46.000000
58.000000
52.000000
58.000000
49.000000
58.000000
71.000000
49.000000
56.000000
82.000000
45.000000
52.000000
52.000000
53.000000
44.000000
44.000000
34.000000
26.000000
23.000000
15.000000
21.000000
22.000000
26.000000
24.000000
30.000000
40.000000
42.000000
47.000000
39.000000
53.000000
39.000000
41.000000
41.000000
60.000000
43.000000
37.000000
39.000000
40.000000
41.000000
36.000000
34.000000
25.000000
23.000000
25.000000
16.000000
38.000000
21.000000
26.000000
39.000000
47.000000
45.000000
46.000000
55.000000
61.000000
54.000000
43.000000
45.000000
41.000000
48.000000
44.000000
37.000000
33.000000
35.000000
49.000000
30.000000
20.000000
19.000000
10.000000
20.000000
24.000000
24.000000
23.000000
30.000000
30.000000
52.000000
41.000000
44.000000
66.000000
72.000000
61.000000
119.000000
73.000000
65.000000
56.000000
54.000000
57.000000
35.000000
45.000000
26.000000
29.000000
28.000000
18.000000
28.000000
24.000000
26.000000
42.000000
29.000000
34.000000
39.000000
35.000000
39.000000
43.000000
79.000000
101.000000
124.000000
220.000000
