4.000000
4.000000
2.000000
1.000000
1.000000
2.000000
0.000000
3.000000
0.000000
7.000000
1.000000
2.000000
2.000000
0.000000
0.000000
0.000000
0.000000
3.000000
1.000000
1.000000
4.000000
2.000000
1.000000
1.000000
1.000000
3.000000
1.000000
2.000000
1.000000
2.000000
2.000000
0.000000
2.000000
1.000000
0.000000
0.000000
0.000000
1.000000
4.000000
1.000000
3.000000
9.000000
7.000000
3.000000
6.000000
13.000000
8.000000
6.000000
7.000000
7.000000
6.000000
6.000000
3.000000
2.000000
1.000000
8.000000
7.000000
2.000000
3.000000
2.000000
1.000000
3.000000
3.000000
1.000000
1.000000
5.000000
2.000000
6.000000
3.000000
5.000000
8.000000
3.000000
6.000000
1.000000
4.000000
9.000000
4.000000
8.000000
7.000000
4.000000
5.000000
2.000000
2.000000
1.000000
1.000000
2.000000
1.000000
0.000000
1.000000
1.000000
4.000000
2.000000
1.000000
0.000000
3.000000
1.000000
0.000000
2.000000
1.000000
8.000000
2.000000
0.000000
3.000000
8.000000
1.000000
0.000000
1.000000
0.000000
2.000000
1.000000
2.000000
1.000000
2.000000
3.000000
2.000000
6.000000
4.000000
4.000000
4.000000
5.000000
1.000000
2.000000
5.000000
2.000000
4.000000
9.000000
2.000000
4.000000
1.000000
9.000000
2.000000
2.000000
2.000000
4.000000
1.000000
5.000000
5.000000
15.000000
59.000000
76.000000
178.000000
539.000000
223.000000
209.000000
148.000000
151.000000
133.000000
190.000000
147.000000
162.000000
172.000000
157.000000
127.000000
67.000000
49.000000
84.000000
38.000000
22.000000
39.000000
49.000000
56.000000
100.000000
121.000000
112.000000
121.000000
156.000000
138.000000
445.000000
590.000000
571.000000
508.000000
572.000000
516.000000
475.000000
393.000000
339.000000
281.000000
279.000000
331.000000
292.000000
317.000000
268.000000
281.000000
257.000000
312.000000
339.000000
408.000000
403.000000
413.000000
461.000000
497.000000
465.000000
471.000000
352.000000
232.000000
216.000000
213.000000
207.000000
223.000000
185.000000
146.000000
110.000000
84.000000
104.000000
68.000000
108.000000
95.000000
80.000000
107.000000
121.000000
140.000000
140.000000
143.000000
149.000000
212.000000
167.000000
193.000000
195.000000
181.000000
193.000000
179.000000
173.000000
156.000000
117.000000
104.000000
87.000000
65.000000
69.000000
56.000000
61.000000
71.000000
62.000000
63.000000
84.000000
123.000000
121.000000
112.000000
132.000000
111.000000
123.000000
130.000000
168.000000
133.000000
148.000000
131.000000
137.000000
126.000000
108.000000
82.000000
86.000000
84.000000
77.000000
80.000000
73.000000
53.000000
86.000000
85.000000
108.000000
110.000000
146.000000
140.000000
129.000000
138.000000
134.000000
166.000000
134.000000
135.000000
169.000000
136.000000
125.000000
113.000000
91.000000
80.000000
81.000000
44.000000
55.000000
54.000000
38.000000
46.000000
68.000000
51.000000
81.000000
87.000000
88.000000
101.000000
82.000000
73.000000
78.000000
77.000000
78.000000
93.000000
110.000000
95.000000
80.000000
83.000000
80.000000
57.000000
59.000000
57.000000
50.000000
53.000000
65.000000
49.000000
40.000000
79.000000
68.000000
58.000000
56.000000
64.000000
76.000000
68.000000
81.000000
83.000000
92.000000
86.000000
89.000000
89.000000
96.000000
103.000000
86.000000
79.000000
76.000000
42.000000
10.000000
16.000000
11.000000
6.000000
7.000000
4.000000
10.000000
7.000000
12.000000
14.000000
15.000000
14.000000
30.000000
15.000000
