10.000000
91.000000
150.000000
92.000000
73.000000
74.000000
56.000000
81.000000
70.000000
43.000000
52.000000
43.000000
41.000000
30.000000
43.000000
32.000000
18.000000
28.000000
34.000000
18.000000
26.000000
20.000000
24.000000
27.000000
21.000000
28.000000
40.000000
45.000000
45.000000
31.000000
43.000000
41.000000
32.000000
35.000000
28.000000
35.000000
23.000000
31.000000
30.000000
22.000000
12.000000
13.000000
12.000000
11.000000
10.000000
10.000000
17.000000
10.000000
26.000000
15.000000
24.000000
17.000000
27.000000
20.000000
30.000000
23.000000
27.000000
20.000000
21.000000
14.000000
19.000000
17.000000
26.000000
10.000000
14.000000
11.000000
9.000000
17.000000
6.000000
11.000000
8.000000
11.000000
14.000000
19.000000
26.000000
20.000000
23.000000
24.000000
15.000000
20.000000
23.000000
22.000000
30.000000
18.000000
20.000000
17.000000
20.000000
12.000000
11.000000
9.000000
13.000000
12.000000
11.000000
7.000000
10.000000
14.000000
19.000000
23.000000
23.000000
24.000000
33.000000
26.000000
33.000000
37.000000
26.000000
26.000000
19.000000
26.000000
24.000000
17.000000
13.000000
13.000000
7.000000
19.000000
21.000000
26.000000
18.000000
13.000000
11.000000
34.000000
31.000000
35.000000
36.000000
51.000000
50.000000
53.000000
59.000000
43.000000
51.000000
39.000000
52.000000
44.000000
44.000000
34.000000
66.000000
28.000000
36.000000
26.000000
26.000000
24.000000
40.000000
44.000000
65.000000
93.000000
363.000000
308.000000
268.000000
222.000000
312.000000
279.000000
302.000000
257.000000
206.000000
224.000000
181.000000
150.000000
160.000000
149.000000
156.000000
109.000000
102.000000
103.000000
82.000000
71.000000
92.000000
166.000000
187.000000
716.000000
1106.000000
750.000000
593.000000
583.000000
528.000000
419.000000
500.000000
408.000000
379.000000
366.000000
272.000000
269.000000
248.000000
195.000000
185.000000
162.000000
116.000000
105.000000
95.000000
100.000000
91.000000
87.000000
110.000000
131.000000
121.000000
123.000000
113.000000
116.000000
134.000000
116.000000
123.000000
105.000000
114.000000
116.000000
91.000000
81.000000
81.000000
98.000000
66.000000
44.000000
32.000000
39.000000
37.000000
38.000000
32.000000
42.000000
34.000000
36.000000
36.000000
30.000000
43.000000
51.000000
46.000000
67.000000
57.000000
51.000000
58.000000
56.000000
45.000000
45.000000
39.000000
36.000000
36.000000
32.000000
27.000000
20.000000
16.000000
24.000000
18.000000
17.000000
24.000000
26.000000
36.000000
18.000000
25.000000
35.000000
36.000000
28.000000
35.000000
34.000000
26.000000
37.000000
41.000000
37.000000
39.000000
36.000000
36.000000
27.000000
21.000000
25.000000
11.000000
14.000000
6.000000
21.000000
19.000000
15.000000
14.000000
43.000000
38.000000
41.000000
36.000000
24.000000
48.000000
31.000000
25.000000
30.000000
26.000000
33.000000
32.000000
26.000000
21.000000
18.000000
14.000000
10.000000
15.000000
14.000000
13.000000
19.000000
18.000000
12.000000
17.000000
9.000000
22.000000
21.000000
23.000000
27.000000
24.000000
27.000000
28.000000
19.000000
38.000000
33.000000
40.000000
31.000000
18.000000
23.000000
25.000000
14.000000
17.000000
17.000000
23.000000
15.000000
25.000000
18.000000
19.000000
23.000000
23.000000
21.000000
25.000000
35.000000
23.000000
34.000000
32.000000
22.000000
20.000000
20.000000
26.000000
23.000000
23.000000
41.000000
23.000000
17.000000
24.000000
15.000000
10.000000
22.000000
26.000000
24.000000
19.000000
