6.000000
5.000000
4.000000
7.000000
4.000000
9.000000
6.000000
7.000000
4.000000
5.000000
2.000000
2.000000
1.000000
2.000000
1.000000
3.000000
4.000000
1.000000
7.000000
5.000000
2.000000
5.000000
8.000000
11.000000
3.000000
3.000000
9.000000
8.000000
7.000000
1.000000
4.000000
3.000000
1.000000
4.000000
4.000000
3.000000
1.000000
1.000000
1.000000
1.000000
1.000000
3.000000
2.000000
9.000000
1.000000
2.000000
3.000000
7.000000
4.000000
4.000000
2.000000
3.000000
4.000000
2.000000
6.000000
1.000000
1.000000
2.000000
2.000000
1.000000
1.000000
1.000000
0.000000
2.000000
3.000000
7.000000
4.000000
5.000000
1.000000
4.000000
6.000000
2.000000
7.000000
6.000000
1.000000
6.000000
6.000000
2.000000
3.000000
4.000000
10.000000
1.000000
4.000000
3.000000
2.000000
2.000000
3.000000
1.000000
3.000000
1.000000
1.000000
0.000000
4.000000
4.000000
7.000000
6.000000
4.000000
2.000000
5.000000
4.000000
8.000000
6.000000
3.000000
3.000000
3.000000
9.000000
3.000000
3.000000
5.000000
2.000000
1.000000
1.000000
3.000000
6.000000
8.000000
9.000000
6.000000
10.000000
11.000000
3.000000
7.000000
10.000000
17.000000
6.000000
8.000000
11.000000
5.000000
3.000000
7.000000
3.000000
5.000000
7.000000
7.000000
5.000000
4.000000
3.000000
4.000000
8.000000
8.000000
12.000000
11.000000
12.000000
9.000000
22.000000
33.000000
27.000000
19.000000
34.000000
24.000000
15.000000
17.000000
18.000000
14.000000
15.000000
11.000000
8.000000
8.000000
11.000000
6.000000
4.000000
18.000000
8.000000
9.000000
14.000000
61.000000
67.000000
92.000000
108.000000
525.000000
348.000000
276.000000
185.000000
158.000000
147.000000
104.000000
80.000000
109.000000
72.000000
78.000000
71.000000
80.000000
63.000000
60.000000
74.000000
50.000000
64.000000
114.000000
91.000000
77.000000
78.000000
71.000000
77.000000
56.000000
65.000000
66.000000
38.000000
34.000000
34.000000
42.000000
23.000000
18.000000
22.000000
18.000000
12.000000
15.000000
12.000000
13.000000
14.000000
24.000000
14.000000
20.000000
19.000000
40.000000
21.000000
29.000000
31.000000
22.000000
18.000000
23.000000
22.000000
16.000000
17.000000
21.000000
27.000000
7.000000
12.000000
10.000000
10.000000
4.000000
9.000000
6.000000
9.000000
12.000000
11.000000
9.000000
15.000000
19.000000
13.000000
21.000000
22.000000
12.000000
17.000000
11.000000
13.000000
5.000000
14.000000
6.000000
11.000000
8.000000
5.000000
5.000000
2.000000
4.000000
12.000000
12.000000
8.000000
7.000000
9.000000
11.000000
11.000000
8.000000
9.000000
6.000000
18.000000
13.000000
11.000000
9.000000
5.000000
10.000000
7.000000
5.000000
7.000000
4.000000
9.000000
3.000000
3.000000
7.000000
8.000000
6.000000
2.000000
6.000000
8.000000
7.000000
5.000000
6.000000
7.000000
9.000000
12.000000
17.000000
17.000000
10.000000
6.000000
7.000000
10.000000
5.000000
10.000000
2.000000
6.000000
4.000000
2.000000
6.000000
2.000000
2.000000
6.000000
6.000000
1.000000
4.000000
6.000000
4.000000
10.000000
14.000000
12.000000
12.000000
5.000000
4.000000
8.000000
4.000000
3.000000
3.000000
5.000000
6.000000
5.000000
5.000000
3.000000
1.000000
8.000000
2.000000
2.000000
1.000000
7.000000
9.000000
2.000000
10.000000
3.000000
12.000000
14.000000
8.000000
