265.000000
254.000000
174.000000
164.000000
112.000000
81.000000
70.000000
81.000000
78.000000
91.000000
116.000000
133.000000
160.000000
233.000000
216.000000
217.000000
233.000000
236.000000
204.000000
201.000000
245.000000
222.000000
228.000000
319.000000
424.000000
391.000000
308.000000
261.000000
149.000000
154.000000
157.000000
325.000000
275.000000
139.000000
178.000000
215.000000
312.000000
301.000000
300.000000
278.000000
282.000000
285.000000
295.000000
333.000000
317.000000
291.000000
370.000000
307.000000
319.000000
347.000000
247.000000
210.000000
120.000000
126.000000
121.000000
112.000000
112.000000
117.000000
144.000000
195.000000
225.000000
283.000000
305.000000
378.000000
422.000000
386.000000
394.000000
355.000000
336.000000
333.000000
303.000000
313.000000
311.000000
273.000000
294.000000
208.000000
141.000000
108.000000
115.000000
127.000000
124.000000
135.000000
156.000000
180.000000
227.000000
266.000000
296.000000
318.000000
348.000000
368.000000
404.000000
373.000000
365.000000
399.000000
435.000000
658.000000
686.000000
803.000000
464.000000
253.000000
217.000000
177.000000
171.000000
219.000000
182.000000
178.000000
203.000000
274.000000
347.000000
317.000000
380.000000
411.000000
464.000000
514.000000
914.000000
1012.000000
895.000000
660.000000
625.000000
621.000000
583.000000
554.000000
388.000000
305.000000
257.000000
205.000000
234.000000
271.000000
226.000000
318.000000
346.000000
460.000000
681.000000
1017.000000
1117.000000
1084.000000
1242.000000
1401.000000
1223.000000
1192.000000
1335.000000
1388.000000
1599.000000
1552.000000
1328.000000
1216.000000
1009.000000
822.000000
632.000000
617.000000
611.000000
618.000000
609.000000
728.000000
900.000000
1191.000000
1292.000000
1477.000000
1506.000000
1601.000000
1853.000000
1994.000000
2122.000000
2278.000000
2504.000000
2677.000000
3656.000000
12420.000000
16526.000000
15844.000000
5346.000000
2738.000000
1691.000000
1485.000000
1488.000000
1267.000000
1204.000000
1177.000000
1293.000000
1462.000000
1366.000000
1344.000000
1273.000000
1152.000000
1071.000000
1033.000000
987.000000
924.000000
816.000000
794.000000
703.000000
701.000000
513.000000
447.000000
397.000000
277.000000
251.000000
191.000000
205.000000
214.000000
171.000000
180.000000
223.000000
231.000000
265.000000
286.000000
258.000000
307.000000
318.000000
328.000000
308.000000
318.000000
263.000000
288.000000
267.000000
263.000000
225.000000
179.000000
216.000000
127.000000
104.000000
91.000000
117.000000
98.000000
86.000000
109.000000
83.000000
117.000000
130.000000
155.000000
147.000000
161.000000
156.000000
163.000000
164.000000
167.000000
137.000000
152.000000
152.000000
140.000000
152.000000
118.000000
108.000000
92.000000
61.000000
61.000000
54.000000
73.000000
74.000000
67.000000
59.000000
76.000000
98.000000
97.000000
102.000000
134.000000
153.000000
132.000000
131.000000
124.000000
137.000000
147.000000
132.000000
108.000000
115.000000
85.000000
87.000000
84.000000
58.000000
47.000000
41.000000
43.000000
61.000000
65.000000
64.000000
74.000000
104.000000
128.000000
115.000000
121.000000
144.000000
110.000000
167.000000
214.000000
262.000000
330.000000
325.000000
379.000000
380.000000
539.000000
508.000000
385.000000
185.000000
160.000000
139.000000
145.000000
136.000000
134.000000
120.000000
153.000000
147.000000
151.000000
138.000000
139.000000
148.000000
152.000000
139.000000
165.000000
145.000000
135.000000
130.000000
127.000000
133.000000
99.000000
87.000000
78.000000
43.000000
42.000000
45.000000
47.000000
53.000000
49.000000
54.000000
63.000000
68.000000
57.000000
62.000000
112.000000
101.000000
87.000000
80.000000
100.000000
73.000000
85.000000
119.000000
119.000000
165.000000
