803.000000
536.000000
407.000000
397.000000
330.000000
369.000000
424.000000
385.000000
363.000000
499.000000
523.000000
568.000000
604.000000
641.000000
747.000000
748.000000
907.000000
994.000000
1039.000000
1014.000000
1052.000000
1145.000000
1189.000000
1064.000000
843.000000
765.000000
453.000000
375.000000
369.000000
380.000000
393.000000
421.000000
451.000000
470.000000
539.000000
627.000000
717.000000
767.000000
807.000000
903.000000
980.000000
1006.000000
1157.000000
1134.000000
1197.000000
1145.000000
1111.000000
875.000000
638.000000
490.000000
379.000000
370.000000
363.000000
418.000000
402.000000
420.000000
513.000000
570.000000
716.000000
742.000000
864.000000
946.000000
1005.000000
1056.000000
1230.000000
1252.000000
1349.000000
1402.000000
1358.000000
1485.000000
1298.000000
1026.000000
824.000000
532.000000
427.000000
473.000000
409.000000
405.000000
504.000000
472.000000
547.000000
637.000000
764.000000
779.000000
927.000000
910.000000
993.000000
1054.000000
1098.000000
1219.000000
1307.000000
1485.000000
1627.000000
1719.000000
1507.000000
1155.000000
789.000000
504.000000
448.000000
410.000000
477.000000
473.000000
451.000000
576.000000
566.000000
727.000000
754.000000
800.000000
868.000000
973.000000
1038.000000
1081.000000
1179.000000
1276.000000
1415.000000
1474.000000
1596.000000
1604.000000
1386.000000
1229.000000
1024.000000
759.000000
635.000000
561.000000
607.000000
690.000000
757.000000
764.000000
907.000000
1177.000000
1245.000000
1343.000000
1437.000000
1708.000000
1758.000000
2046.000000
2234.000000
2389.000000
2697.000000
2845.000000
3052.000000
3341.000000
3082.000000
2448.000000
1809.000000
1484.000000
1189.000000
1189.000000
1273.000000
1703.000000
2401.000000
2548.000000
2929.000000
3310.000000
3763.000000
3026.000000
3109.000000
3484.000000
4220.000000
4842.000000
5725.000000
6549.000000
7730.000000
9288.000000
11862.000000
23081.000000
19387.000000
17586.000000
25787.000000
11902.000000
6144.000000
4850.000000
4272.000000
4380.000000
4341.000000
4616.000000
4297.000000
4655.000000
4382.000000
4159.000000
3797.000000
3544.000000
3236.000000
3183.000000
3032.000000
2863.000000
2775.000000
2641.000000
2634.000000
2391.000000
2099.000000
1854.000000
1442.000000
1234.000000
1026.000000
1058.000000
1082.000000
1067.000000
980.000000
1075.000000
1146.000000
1290.000000
1346.000000
1342.000000
1338.000000
1200.000000
1276.000000
1372.000000
1316.000000
1381.000000
1302.000000
1200.000000
1247.000000
1119.000000
1114.000000
977.000000
899.000000
745.000000
550.000000
488.000000
522.000000
505.000000
517.000000
499.000000
487.000000
597.000000
1070.000000
639.000000
716.000000
696.000000
755.000000
794.000000
917.000000
911.000000
891.000000
853.000000
925.000000
870.000000
779.000000
729.000000
573.000000
484.000000
392.000000
352.000000
327.000000
320.000000
286.000000
293.000000
349.000000
339.000000
401.000000
398.000000
449.000000
393.000000
454.000000
465.000000
517.000000
458.000000
522.000000
546.000000
516.000000
482.000000
495.000000
415.000000
425.000000
279.000000
241.000000
232.000000
248.000000
243.000000
236.000000
213.000000
249.000000
255.000000
281.000000
317.000000
295.000000
359.000000
403.000000
384.000000
355.000000
420.000000
494.000000
417.000000
387.000000
486.000000
481.000000
415.000000
323.000000
277.000000
185.000000
171.000000
197.000000
195.000000
190.000000
300.000000
200.000000
199.000000
353.000000
242.000000
235.000000
275.000000
315.000000
272.000000
326.000000
327.000000
353.000000
347.000000
374.000000
320.000000
295.000000
260.000000
248.000000
247.000000
171.000000
177.000000
170.000000
236.000000
182.000000
186.000000
158.000000
154.000000
219.000000
218.000000
174.000000
263.000000
221.000000
208.000000
235.000000
218.000000
244.000000
246.000000
264.000000
235.000000
230.000000
191.000000
192.000000
