4.000000
5.000000
6.000000
10.000000
2.000000
55.000000
79.000000
59.000000
56.000000
63.000000
64.000000
31.000000
41.000000
41.000000
34.000000
45.000000
19.000000
13.000000
20.000000
18.000000
15.000000
19.000000
14.000000
28.000000
28.000000
24.000000
24.000000
31.000000
31.000000
23.000000
24.000000
27.000000
38.000000
25.000000
20.000000
24.000000
18.000000
27.000000
11.000000
19.000000
9.000000
15.000000
4.000000
11.000000
7.000000
7.000000
7.000000
7.000000
11.000000
15.000000
22.000000
29.000000
27.000000
17.000000
13.000000
17.000000
20.000000
19.000000
13.000000
9.000000
10.000000
14.000000
10.000000
23.000000
5.000000
3.000000
10.000000
4.000000
4.000000
4.000000
6.000000
4.000000
5.000000
21.000000
9.000000
20.000000
11.000000
12.000000
21.000000
19.000000
12.000000
17.000000
11.000000
12.000000
10.000000
8.000000
8.000000
11.000000
3.000000
6.000000
7.000000
15.000000
4.000000
8.000000
10.000000
4.000000
17.000000
12.000000
18.000000
10.000000
17.000000
22.000000
18.000000
17.000000
22.000000
19.000000
18.000000
23.000000
11.000000
14.000000
21.000000
12.000000
14.000000
11.000000
12.000000
18.000000
10.000000
16.000000
17.000000
25.000000
23.000000
21.000000
18.000000
26.000000
22.000000
34.000000
16.000000
36.000000
25.000000
20.000000
26.000000
16.000000
18.000000
19.000000
17.000000
22.000000
21.000000
18.000000
13.000000
20.000000
22.000000
25.000000
36.000000
67.000000
257.000000
173.000000
214.000000
243.000000
243.000000
213.000000
162.000000
142.000000
160.000000
136.000000
121.000000
126.000000
101.000000
105.000000
98.000000
94.000000
64.000000
56.000000
55.000000
42.000000
59.000000
100.000000
142.000000
410.000000
748.000000
514.000000
481.000000
457.000000
413.000000
357.000000
355.000000
293.000000
279.000000
276.000000
210.000000
207.000000
173.000000
154.000000
157.000000
105.000000
107.000000
69.000000
73.000000
54.000000
69.000000
70.000000
80.000000
111.000000
104.000000
122.000000
108.000000
93.000000
105.000000
111.000000
144.000000
123.000000
74.000000
86.000000
81.000000
84.000000
63.000000
73.000000
52.000000
38.000000
46.000000
39.000000
21.000000
25.000000
35.000000
18.000000
25.000000
29.000000
45.000000
53.000000
51.000000
53.000000
59.000000
39.000000
55.000000
35.000000
46.000000
53.000000
52.000000
55.000000
48.000000
37.000000
51.000000
22.000000
20.000000
12.000000
17.000000
24.000000
26.000000
10.000000
19.000000
21.000000
19.000000
25.000000
30.000000
30.000000
20.000000
34.000000
31.000000
33.000000
21.000000
33.000000
29.000000
35.000000
25.000000
23.000000
26.000000
25.000000
5.000000
15.000000
13.000000
15.000000
5.000000
15.000000
8.000000
11.000000
16.000000
19.000000
20.000000
15.000000
15.000000
28.000000
27.000000
23.000000
21.000000
19.000000
32.000000
26.000000
22.000000
15.000000
17.000000
15.000000
15.000000
8.000000
10.000000
8.000000
17.000000
4.000000
9.000000
12.000000
16.000000
15.000000
22.000000
20.000000
17.000000
29.000000
39.000000
19.000000
27.000000
34.000000
18.000000
22.000000
22.000000
26.000000
17.000000
21.000000
16.000000
14.000000
7.000000
15.000000
14.000000
12.000000
8.000000
13.000000
23.000000
15.000000
17.000000
28.000000
24.000000
20.000000
25.000000
16.000000
27.000000
21.000000
23.000000
18.000000
16.000000
23.000000
22.000000
21.000000
14.000000
17.000000
17.000000
18.000000
5.000000
15.000000
14.000000
14.000000
23.000000
