42.000000
46.000000
48.000000
36.000000
49.000000
41.000000
37.000000
17.000000
17.000000
5.000000
11.000000
4.000000
11.000000
17.000000
35.000000
40.000000
63.000000
89.000000
78.000000
84.000000
83.000000
94.000000
110.000000
106.000000
118.000000
103.000000
122.000000
96.000000
85.000000
50.000000
27.000000
19.000000
6.000000
10.000000
6.000000
19.000000
18.000000
40.000000
86.000000
95.000000
103.000000
124.000000
123.000000
120.000000
126.000000
127.000000
118.000000
112.000000
108.000000
110.000000
129.000000
125.000000
91.000000
72.000000
45.000000
22.000000
20.000000
13.000000
25.000000
21.000000
31.000000
66.000000
103.000000
144.000000
113.000000
174.000000
186.000000
185.000000
222.000000
298.000000
237.000000
143.000000
222.000000
260.000000
271.000000
261.000000
225.000000
164.000000
68.000000
74.000000
45.000000
49.000000
32.000000
29.000000
65.000000
138.000000
217.000000
278.000000
324.000000
366.000000
345.000000
313.000000
299.000000
323.000000
318.000000
342.000000
335.000000
384.000000
398.000000
369.000000
316.000000
227.000000
136.000000
90.000000
52.000000
35.000000
18.000000
68.000000
84.000000
151.000000
203.000000
309.000000
365.000000
401.000000
508.000000
491.000000
459.000000
501.000000
450.000000
421.000000
466.000000
454.000000
480.000000
511.000000
436.000000
292.000000
198.000000
106.000000
80.000000
60.000000
55.000000
87.000000
194.000000
377.000000
719.000000
726.000000
693.000000
772.000000
960.000000
1025.000000
942.000000
927.000000
989.000000
1139.000000
1391.000000
1219.000000
1152.000000
1231.000000
1112.000000
956.000000
562.000000
371.000000
274.000000
173.000000
134.000000
205.000000
428.000000
878.000000
1495.000000
2008.000000
2342.000000
2599.000000
3705.000000
4739.000000
5817.000000
7589.000000
10108.000000
14775.000000
21968.000000
12414.000000
4084.000000
2964.000000
2451.000000
1863.000000
1315.000000
911.000000
663.000000
464.000000
388.000000
352.000000
524.000000
866.000000
1180.000000
1353.000000
1292.000000
1145.000000
1068.000000
961.000000
947.000000
864.000000
1180.000000
1351.000000
1250.000000
1089.000000
1111.000000
1114.000000
897.000000
853.000000
636.000000
498.000000
462.000000
349.000000
366.000000
402.000000
520.000000
722.000000
980.000000
1176.000000
1078.000000
1106.000000
1131.000000
1090.000000
954.000000
924.000000
844.000000
686.000000
642.000000
573.000000
517.000000
537.000000
452.000000
388.000000
321.000000
241.000000
209.000000
226.000000
229.000000
277.000000
244.000000
350.000000
432.000000
461.000000
400.000000
407.000000
413.000000
397.000000
362.000000
358.000000
343.000000
336.000000
297.000000
286.000000
271.000000
291.000000
253.000000
194.000000
155.000000
133.000000
112.000000
94.000000
130.000000
106.000000
135.000000
185.000000
303.000000
315.000000
257.000000
288.000000
326.000000
282.000000
298.000000
293.000000
285.000000
234.000000
220.000000
232.000000
193.000000
199.000000
193.000000
162.000000
145.000000
94.000000
86.000000
91.000000
97.000000
90.000000
112.000000
127.000000
151.000000
163.000000
177.000000
183.000000
227.000000
184.000000
202.000000
186.000000
208.000000
160.000000
135.000000
132.000000
133.000000
146.000000
120.000000
107.000000
84.000000
58.000000
66.000000
73.000000
83.000000
47.000000
97.000000
92.000000
104.000000
136.000000
160.000000
160.000000
144.000000
157.000000
139.000000
137.000000
141.000000
113.000000
124.000000
118.000000
137.000000
147.000000
132.000000
115.000000
74.000000
63.000000
91.000000
45.000000
65.000000
70.000000
66.000000
83.000000
107.000000
118.000000
125.000000
118.000000
134.000000
107.000000
75.000000
63.000000
71.000000
77.000000
50.000000
