3631.000000
1737.000000
2065.000000
1551.000000
690.000000
455.000000
317.000000
199.000000
142.000000
140.000000
287.000000
386.000000
441.000000
564.000000
1290.000000
1479.000000
1085.000000
1263.000000
1047.000000
1228.000000
1029.000000
1429.000000
1123.000000
948.000000
547.000000
621.000000
505.000000
358.000000
312.000000
241.000000
133.000000
85.000000
85.000000
94.000000
83.000000
160.000000
184.000000
266.000000
663.000000
710.000000
419.000000
413.000000
566.000000
534.000000
708.000000
1226.000000
1091.000000
1059.000000
945.000000
643.000000
914.000000
924.000000
451.000000
214.000000
120.000000
93.000000
78.000000
57.000000
104.000000
128.000000
161.000000
653.000000
631.000000
906.000000
693.000000
1149.000000
827.000000
766.000000
697.000000
593.000000
541.000000
915.000000
1105.000000
1310.000000
1182.000000
1058.000000
493.000000
289.000000
194.000000
120.000000
87.000000
74.000000
95.000000
105.000000
154.000000
243.000000
534.000000
988.000000
882.000000
418.000000
715.000000
579.000000
640.000000
651.000000
626.000000
642.000000
725.000000
690.000000
660.000000
442.000000
296.000000
238.000000
151.000000
134.000000
84.000000
72.000000
114.000000
140.000000
184.000000
305.000000
326.000000
695.000000
440.000000
1118.000000
1532.000000
1219.000000
1342.000000
1329.000000
741.000000
1344.000000
1498.000000
1007.000000
1220.000000
886.000000
467.000000
329.000000
256.000000
183.000000
120.000000
142.000000
193.000000
235.000000
356.000000
915.000000
799.000000
1133.000000
982.000000
997.000000
1315.000000
1501.000000
1558.000000
1630.000000
1781.000000
1487.000000
2505.000000
2204.000000
2305.000000
1309.000000
733.000000
487.000000
316.000000
258.000000
204.000000
187.000000
635.000000
922.000000
847.000000
855.000000
1426.000000
1274.000000
1388.000000
1090.000000
1182.000000
1583.000000
1612.000000
2070.000000
1972.000000
2871.000000
8036.000000
5639.000000
5183.000000
4076.000000
1533.000000
874.000000
595.000000
455.000000
341.000000
381.000000
584.000000
797.000000
921.000000
986.000000
955.000000
886.000000
849.000000
754.000000
663.000000
703.000000
619.000000
561.000000
517.000000
553.000000
675.000000
522.000000
473.000000
289.000000
213.000000
196.000000
143.000000
92.000000
91.000000
84.000000
108.000000
187.000000
162.000000
200.000000
191.000000
244.000000
224.000000
222.000000
232.000000
232.000000
223.000000
206.000000
219.000000
242.000000
245.000000
249.000000
195.000000
168.000000
115.000000
99.000000
55.000000
53.000000
54.000000
42.000000
56.000000
55.000000
79.000000
95.000000
114.000000
154.000000
164.000000
138.000000
118.000000
139.000000
156.000000
108.000000
147.000000
193.000000
226.000000
227.000000
194.000000
202.000000
135.000000
86.000000
77.000000
39.000000
34.000000
33.000000
27.000000
47.000000
73.000000
94.000000
80.000000
104.000000
102.000000
110.000000
127.000000
142.000000
144.000000
126.000000
109.000000
118.000000
129.000000
145.000000
137.000000
94.000000
81.000000
50.000000
37.000000
33.000000
33.000000
15.000000
23.000000
27.000000
64.000000
70.000000
64.000000
96.000000
66.000000
97.000000
127.000000
144.000000
134.000000
127.000000
107.000000
116.000000
104.000000
145.000000
113.000000
93.000000
80.000000
57.000000
33.000000
23.000000
18.000000
23.000000
29.000000
31.000000
42.000000
59.000000
64.000000
75.000000
64.000000
68.000000
69.000000
69.000000
83.000000
61.000000
93.000000
95.000000
116.000000
122.000000
113.000000
111.000000
55.000000
55.000000
23.000000
9.000000
19.000000
16.000000
17.000000
26.000000
21.000000
54.000000
74.000000
58.000000
54.000000
73.000000
58.000000
63.000000
56.000000
66.000000
77.000000
80.000000
104.000000
