399.000000
322.000000
292.000000
271.000000
245.000000
261.000000
318.000000
287.000000
312.000000
288.000000
372.000000
383.000000
366.000000
427.000000
464.000000
694.000000
541.000000
566.000000
644.000000
501.000000
423.000000
337.000000
317.000000
298.000000
282.000000
252.000000
227.000000
233.000000
269.000000
390.000000
443.000000
444.000000
472.000000
475.000000
600.000000
578.000000
616.000000
723.000000
649.000000
715.000000
784.000000
746.000000
740.000000
643.000000
470.000000
369.000000
316.000000
286.000000
315.000000
236.000000
254.000000
293.000000
366.000000
459.000000
432.000000
551.000000
501.000000
675.000000
710.000000
637.000000
640.000000
695.000000
738.000000
792.000000
824.000000
763.000000
911.000000
763.000000
656.000000
505.000000
430.000000
386.000000
409.000000
372.000000
358.000000
370.000000
366.000000
450.000000
497.000000
465.000000
488.000000
618.000000
709.000000
674.000000
761.000000
738.000000
707.000000
819.000000
863.000000
920.000000
1193.000000
1390.000000
1353.000000
1058.000000
773.000000
633.000000
649.000000
650.000000
566.000000
665.000000
737.000000
782.000000
948.000000
966.000000
1008.000000
1153.000000
1287.000000
1118.000000
1208.000000
1420.000000
1345.000000
1712.000000
1689.000000
1470.000000
1496.000000
1538.000000
1091.000000
874.000000
783.000000
678.000000
628.000000
618.000000
652.000000
775.000000
849.000000
984.000000
948.000000
1015.000000
1204.000000
1311.000000
1404.000000
1401.000000
1632.000000
1934.000000
2170.000000
2462.000000
2464.000000
2452.000000
2761.000000
2485.000000
2112.000000
1739.000000
1543.000000
1272.000000
1289.000000
1255.000000
1173.000000
1316.000000
1436.000000
1746.000000
1930.000000
2100.000000
2213.000000
2344.000000
2532.000000
2597.000000
2728.000000
3135.000000
3665.000000
3913.000000
4431.000000
4372.000000
4691.000000
5027.000000
5297.000000
6122.000000
7680.000000
12910.000000
18472.000000
17276.000000
13228.000000
7672.000000
4401.000000
4413.000000
4440.000000
3587.000000
3295.000000
2994.000000
2906.000000
2566.000000
2386.000000
2479.000000
2335.000000
1976.000000
1973.000000
1776.000000
1568.000000
1521.000000
1232.000000
1000.000000
837.000000
747.000000
762.000000
716.000000
612.000000
758.000000
745.000000
749.000000
774.000000
806.000000
914.000000
948.000000
1008.000000
1055.000000
1107.000000
1026.000000
986.000000
980.000000
1058.000000
934.000000
906.000000
925.000000
851.000000
777.000000
617.000000
735.000000
747.000000
619.000000
643.000000
608.000000
546.000000
543.000000
526.000000
548.000000
596.000000
637.000000
640.000000
651.000000
624.000000
829.000000
642.000000
732.000000
813.000000
690.000000
652.000000
626.000000
570.000000
534.000000
478.000000
427.000000
500.000000
371.000000
367.000000
362.000000
367.000000
321.000000
339.000000
336.000000
350.000000
361.000000
417.000000
412.000000
466.000000
497.000000
472.000000
476.000000
512.000000
550.000000
815.000000
626.000000
483.000000
495.000000
459.000000
336.000000
332.000000
322.000000
309.000000
338.000000
239.000000
286.000000
294.000000
339.000000
312.000000
379.000000
419.000000
320.000000
371.000000
361.000000
368.000000
392.000000
414.000000
428.000000
392.000000
368.000000
353.000000
282.000000
260.000000
215.000000
227.000000
201.000000
188.000000
166.000000
181.000000
226.000000
217.000000
236.000000
203.000000
252.000000
257.000000
291.000000
408.000000
355.000000
278.000000
292.000000
304.000000
383.000000
408.000000
325.000000
557.000000
523.000000
309.000000
226.000000
147.000000
184.000000
166.000000
144.000000
145.000000
196.000000
158.000000
172.000000
206.000000
204.000000
243.000000
228.000000
253.000000
223.000000
344.000000
266.000000
314.000000
302.000000
369.000000
441.000000
401.000000
345.000000
300.000000
1243.000000
846.000000
