267.000000
336.000000
496.000000
350.000000
236.000000
200.000000
129.000000
153.000000
147.000000
133.000000
181.000000
137.000000
170.000000
201.000000
210.000000
257.000000
266.000000
247.000000
264.000000
217.000000
270.000000
250.000000
267.000000
226.000000
216.000000
192.000000
214.000000
184.000000
171.000000
159.000000
171.000000
127.000000
142.000000
137.000000
143.000000
164.000000
204.000000
199.000000
190.000000
238.000000
207.000000
248.000000
367.000000
312.000000
317.000000
358.000000
304.000000
273.000000
286.000000
287.000000
261.000000
233.000000
253.000000
202.000000
208.000000
193.000000
188.000000
203.000000
196.000000
202.000000
217.000000
277.000000
314.000000
382.000000
345.000000
334.000000
303.000000
294.000000
306.000000
342.000000
277.000000
391.000000
661.000000
1079.000000
1223.000000
1015.000000
646.000000
506.000000
425.000000
376.000000
416.000000
396.000000
367.000000
392.000000
597.000000
684.000000
703.000000
708.000000
702.000000
739.000000
675.000000
659.000000
611.000000
641.000000
607.000000
581.000000
601.000000
612.000000
589.000000
510.000000
430.000000
453.000000
418.000000
399.000000
386.000000
407.000000
476.000000
529.000000
505.000000
646.000000
734.000000
793.000000
929.000000
1117.000000
1030.000000
999.000000
910.000000
947.000000
1039.000000
1073.000000
993.000000
921.000000
918.000000
867.000000
809.000000
701.000000
712.000000
689.000000
687.000000
669.000000
743.000000
826.000000
1110.000000
1478.000000
1660.000000
1739.000000
1672.000000
1350.000000
1605.000000
2361.000000
2608.000000
2329.000000
2285.000000
2422.000000
2216.000000
2066.000000
2093.000000
1845.000000
1783.000000
1628.000000
1662.000000
1563.000000
1513.000000
1478.000000
1585.000000
1749.000000
2311.000000
2435.000000
2553.000000
2781.000000
3153.000000
3154.000000
3485.000000
3785.000000
4250.000000
4989.000000
6790.000000
16257.000000
36198.000000
33263.000000
30834.000000
28982.000000
20713.000000
13020.000000
11084.000000
9770.000000
8700.000000
8081.000000
8305.000000
8839.000000
9507.000000
9836.000000
9228.000000
8312.000000
7974.000000
6650.000000
5730.000000
5377.000000
4896.000000
4879.000000
4429.000000
3699.000000
3773.000000
3539.000000
3453.000000
3367.000000
2795.000000
2376.000000
2261.000000
1971.000000
1780.000000
1857.000000
1794.000000
1930.000000
1976.000000
2117.000000
2233.000000
2424.000000
2335.000000
2337.000000
2178.000000
2095.000000
2156.000000
1990.000000
1979.000000
1928.000000
1940.000000
1746.000000
1736.000000
1652.000000
1532.000000
1502.000000
1376.000000
1101.000000
1177.000000
1120.000000
984.000000
1251.000000
1398.000000
1449.000000
1600.000000
1701.000000
1714.000000
1846.000000
1818.000000
1695.000000
1681.000000
1818.000000
1695.000000
1597.000000
1657.000000
1538.000000
1480.000000
1565.000000
1420.000000
1197.000000
1109.000000
1077.000000
1020.000000
847.000000
943.000000
1043.000000
1242.000000
1498.000000
1689.000000
1622.000000
1605.000000
1546.000000
1620.000000
1520.000000
1474.000000
1344.000000
1353.000000
1398.000000
1268.000000
1176.000000
1252.000000
1318.000000
948.000000
875.000000
710.000000
745.000000
720.000000
656.000000
717.000000
712.000000
940.000000
1000.000000
983.000000
1097.000000
1146.000000
1188.000000
1065.000000
1139.000000
1123.000000
1051.000000
1017.000000
1071.000000
1010.000000
1007.000000
955.000000
933.000000
829.000000
690.000000
642.000000
571.000000
572.000000
469.000000
573.000000
677.000000
758.000000
825.000000
889.000000
956.000000
950.000000
1164.000000
1086.000000
1007.000000
1007.000000
886.000000
894.000000
932.000000
942.000000
931.000000
992.000000
851.000000
760.000000
750.000000
569.000000
514.000000
460.000000
423.000000
464.000000
529.000000
691.000000
747.000000
831.000000
869.000000
912.000000
910.000000
856.000000
806.000000
871.000000
832.000000
902.000000
809.000000
758.000000
