12.000000
11.000000
21.000000
16.000000
16.000000
17.000000
24.000000
30.000000
14.000000
14.000000
11.000000
12.000000
3.000000
3.000000
4.000000
1.000000
7.000000
2.000000
4.000000
18.000000
16.000000
20.000000
18.000000
20.000000
15.000000
13.000000
20.000000
12.000000
23.000000
21.000000
23.000000
17.000000
11.000000
19.000000
21.000000
13.000000
12.000000
12.000000
7.000000
6.000000
9.000000
7.000000
4.000000
23.000000
20.000000
12.000000
16.000000
21.000000
23.000000
19.000000
26.000000
25.000000
28.000000
26.000000
33.000000
20.000000
18.000000
18.000000
29.000000
9.000000
6.000000
5.000000
2.000000
9.000000
8.000000
8.000000
10.000000
17.000000
17.000000
16.000000
29.000000
23.000000
22.000000
18.000000
25.000000
23.000000
20.000000
19.000000
11.000000
19.000000
19.000000
12.000000
22.000000
9.000000
10.000000
3.000000
5.000000
4.000000
0.000000
0.000000
9.000000
8.000000
17.000000
22.000000
26.000000
18.000000
26.000000
26.000000
22.000000
23.000000
17.000000
11.000000
18.000000
14.000000
15.000000
16.000000
12.000000
2.000000
7.000000
3.000000
1.000000
6.000000
4.000000
9.000000
9.000000
13.000000
32.000000
38.000000
36.000000
41.000000
22.000000
37.000000
46.000000
36.000000
31.000000
31.000000
25.000000
27.000000
20.000000
30.000000
122.000000
91.000000
41.000000
16.000000
14.000000
9.000000
5.000000
20.000000
76.000000
215.000000
307.000000
283.000000
275.000000
284.000000
244.000000
278.000000
215.000000
199.000000
237.000000
277.000000
288.000000
264.000000
315.000000
310.000000
303.000000
221.000000
136.000000
67.000000
38.000000
29.000000
32.000000
53.000000
227.000000
725.000000
1361.000000
1832.000000
1942.000000
2152.000000
2632.000000
2570.000000
1593.000000
1338.000000
1218.000000
1088.000000
956.000000
1064.000000
809.000000
723.000000
630.000000
350.000000
161.000000
105.000000
88.000000
107.000000
75.000000
125.000000
231.000000
340.000000
325.000000
381.000000
345.000000
296.000000
461.000000
448.000000
390.000000
305.000000
320.000000
377.000000
374.000000
328.000000
316.000000
275.000000
288.000000
495.000000
319.000000
318.000000
279.000000
397.000000
329.000000
342.000000
350.000000
421.000000
493.000000
484.000000
510.000000
483.000000
596.000000
628.000000
539.000000
483.000000
399.000000
427.000000
432.000000
366.000000
438.000000
322.000000
317.000000
259.000000
191.000000
160.000000
154.000000
139.000000
150.000000
132.000000
117.000000
174.000000
175.000000
203.000000
239.000000
271.000000
284.000000
345.000000
311.000000
317.000000
286.000000
251.000000
276.000000
339.000000
261.000000
250.000000
219.000000
198.000000
152.000000
108.000000
140.000000
116.000000
112.000000
107.000000
125.000000
113.000000
170.000000
149.000000
164.000000
166.000000
186.000000
212.000000
240.000000
228.000000
240.000000
192.000000
218.000000
241.000000
195.000000
190.000000
166.000000
142.000000
105.000000
96.000000
104.000000
107.000000
100.000000
88.000000
115.000000
116.000000
120.000000
139.000000
189.000000
164.000000
46.000000
52.000000
54.000000
39.000000
45.000000
38.000000
62.000000
49.000000
63.000000
48.000000
39.000000
33.000000
12.000000
19.000000
16.000000
17.000000
14.000000
17.000000
23.000000
28.000000
24.000000
24.000000
38.000000
37.000000
40.000000
30.000000
36.000000
35.000000
50.000000
63.000000
36.000000
30.000000
31.000000
42.000000
54.000000
30.000000
15.000000
14.000000
19.000000
14.000000
8.000000
12.000000
11.000000
17.000000
22.000000
46.000000
39.000000
40.000000
37.000000
