632.000000
546.000000
368.000000
286.000000
250.000000
261.000000
223.000000
266.000000
296.000000
317.000000
351.000000
369.000000
430.000000
481.000000
492.000000
492.000000
505.000000
557.000000
621.000000
608.000000
614.000000
571.000000
557.000000
534.000000
483.000000
362.000000
376.000000
263.000000
238.000000
238.000000
255.000000
239.000000
257.000000
308.000000
373.000000
381.000000
423.000000
501.000000
503.000000
560.000000
604.000000
604.000000
631.000000
610.000000
670.000000
747.000000
656.000000
645.000000
511.000000
400.000000
373.000000
316.000000
286.000000
261.000000
264.000000
313.000000
278.000000
341.000000
366.000000
478.000000
491.000000
541.000000
647.000000
633.000000
701.000000
716.000000
747.000000
829.000000
876.000000
890.000000
908.000000
782.000000
637.000000
541.000000
430.000000
349.000000
316.000000
317.000000
308.000000
345.000000
329.000000
413.000000
427.000000
520.000000
538.000000
566.000000
649.000000
650.000000
629.000000
735.000000
790.000000
827.000000
856.000000
986.000000
1023.000000
861.000000
736.000000
618.000000
476.000000
403.000000
360.000000
363.000000
380.000000
355.000000
389.000000
438.000000
575.000000
653.000000
632.000000
728.000000
706.000000
866.000000
839.000000
959.000000
926.000000
1032.000000
1056.000000
1111.000000
1192.000000
1177.000000
1009.000000
858.000000
611.000000
487.000000
448.000000
435.000000
514.000000
499.000000
589.000000
664.000000
788.000000
923.000000
1063.000000
1230.000000
1240.000000
1530.000000
1594.000000
1634.000000
1883.000000
2050.000000
2175.000000
2484.000000
2424.000000
2081.000000
1693.000000
1490.000000
1241.000000
1026.000000
913.000000
932.000000
1004.000000
1114.000000
1138.000000
1319.000000
1467.000000
1799.000000
1965.000000
2192.000000
2501.000000
2782.000000
2838.000000
3041.000000
3871.000000
4594.000000
5404.000000
6960.000000
16162.000000
16267.000000
17441.000000
11368.000000
5271.000000
3867.000000
3661.000000
3425.000000
3227.000000
3256.000000
3255.000000
3323.000000
3280.000000
3258.000000
3067.000000
2861.000000
2666.000000
2522.000000
2468.000000
2443.000000
2279.000000
2184.000000
2012.000000
1959.000000
1658.000000
1653.000000
1452.000000
1326.000000
1062.000000
893.000000
808.000000
782.000000
894.000000
824.000000
807.000000
851.000000
871.000000
1024.000000
1023.000000
1072.000000
1079.000000
1132.000000
1220.000000
1183.000000
1226.000000
1167.000000
1041.000000
986.000000
924.000000
864.000000
742.000000
754.000000
573.000000
496.000000
449.000000
440.000000
447.000000
409.000000
349.000000
392.000000
429.000000
485.000000
565.000000
586.000000
492.000000
596.000000
602.000000
624.000000
599.000000
581.000000
592.000000
503.000000
514.000000
488.000000
493.000000
437.000000
362.000000
320.000000
271.000000
265.000000
265.000000
247.000000
262.000000
287.000000
335.000000
339.000000
347.000000
352.000000
374.000000
364.000000
424.000000
430.000000
463.000000
476.000000
449.000000
411.000000
402.000000
462.000000
399.000000
365.000000
270.000000
191.000000
226.000000
223.000000
192.000000
197.000000
215.000000
212.000000
238.000000
235.000000
258.000000
282.000000
287.000000
374.000000
369.000000
367.000000
324.000000
322.000000
328.000000
361.000000
312.000000
332.000000
197.000000
174.000000
173.000000
115.000000
80.000000
107.000000
96.000000
104.000000
101.000000
103.000000
119.000000
108.000000
154.000000
145.000000
165.000000
167.000000
185.000000
174.000000
197.000000
153.000000
168.000000
174.000000
173.000000
204.000000
148.000000
137.000000
119.000000
113.000000
96.000000
70.000000
83.000000
80.000000
91.000000
84.000000
110.000000
96.000000
111.000000
140.000000
125.000000
125.000000
129.000000
165.000000
169.000000
169.000000
210.000000
177.000000
146.000000
164.000000
133.000000
