6.000000
7.000000
4.000000
3.000000
1.000000
3.000000
8.000000
4.000000
3.000000
0.000000
6.000000
2.000000
3.000000
4.000000
3.000000
1.000000
6.000000
4.000000
2.000000
0.000000
5.000000
1.000000
1.000000
3.000000
5.000000
5.000000
4.000000
4.000000
5.000000
1.000000
0.000000
1.000000
3.000000
3.000000
1.000000
0.000000
1.000000
2.000000
0.000000
2.000000
5.000000
0.000000
1.000000
4.000000
2.000000
0.000000
8.000000
2.000000
6.000000
4.000000
0.000000
2.000000
1.000000
0.000000
3.000000
1.000000
4.000000
1.000000
2.000000
0.000000
0.000000
0.000000
3.000000
0.000000
2.000000
1.000000
0.000000
4.000000
5.000000
2.000000
4.000000
1.000000
2.000000
3.000000
4.000000
2.000000
0.000000
1.000000
1.000000
4.000000
2.000000
3.000000
1.000000
4.000000
0.000000
2.000000
2.000000
1.000000
0.000000
1.000000
1.000000
2.000000
9.000000
7.000000
6.000000
2.000000
5.000000
1.000000
1.000000
3.000000
2.000000
2.000000
4.000000
0.000000
1.000000
2.000000
1.000000
2.000000
1.000000
2.000000
2.000000
3.000000
3.000000
4.000000
7.000000
4.000000
5.000000
1.000000
4.000000
5.000000
7.000000
5.000000
3.000000
7.000000
4.000000
7.000000
5.000000
3.000000
2.000000
6.000000
1.000000
12.000000
6.000000
3.000000
2.000000
2.000000
3.000000
13.000000
2.000000
3.000000
10.000000
7.000000
6.000000
8.000000
25.000000
20.000000
19.000000
25.000000
14.000000
15.000000
5.000000
13.000000
4.000000
13.000000
9.000000
11.000000
13.000000
8.000000
9.000000
6.000000
12.000000
8.000000
22.000000
18.000000
53.000000
58.000000
100.000000
103.000000
183.000000
124.000000
105.000000
50.000000
94.000000
92.000000
59.000000
34.000000
45.000000
53.000000
45.000000
25.000000
19.000000
29.000000
24.000000
23.000000
23.000000
35.000000
48.000000
40.000000
44.000000
34.000000
29.000000
23.000000
38.000000
122.000000
21.000000
33.000000
13.000000
21.000000
14.000000
14.000000
16.000000
7.000000
13.000000
5.000000
6.000000
4.000000
5.000000
4.000000
10.000000
12.000000
7.000000
17.000000
14.000000
18.000000
15.000000
29.000000
23.000000
14.000000
8.000000
12.000000
9.000000
6.000000
10.000000
10.000000
7.000000
8.000000
7.000000
7.000000
2.000000
4.000000
6.000000
5.000000
4.000000
10.000000
11.000000
10.000000
9.000000
11.000000
15.000000
7.000000
13.000000
12.000000
9.000000
9.000000
12.000000
14.000000
10.000000
4.000000
7.000000
6.000000
6.000000
5.000000
5.000000
5.000000
6.000000
6.000000
3.000000
2.000000
6.000000
6.000000
12.000000
2.000000
9.000000
6.000000
13.000000
15.000000
9.000000
13.000000
5.000000
7.000000
7.000000
6.000000
9.000000
8.000000
4.000000
8.000000
7.000000
8.000000
1.000000
4.000000
7.000000
11.000000
6.000000
7.000000
13.000000
8.000000
4.000000
7.000000
11.000000
7.000000
4.000000
5.000000
4.000000
1.000000
3.000000
6.000000
4.000000
3.000000
1.000000
7.000000
5.000000
2.000000
4.000000
3.000000
3.000000
2.000000
2.000000
9.000000
8.000000
10.000000
17.000000
13.000000
9.000000
13.000000
4.000000
8.000000
5.000000
4.000000
8.000000
9.000000
7.000000
6.000000
5.000000
7.000000
5.000000
10.000000
1.000000
8.000000
3.000000
7.000000
8.000000
13.000000
19.000000
18.000000
33.000000
25.000000
25.000000
