3.000000
7.000000
5.000000
5.000000
3.000000
6.000000
17.000000
30.000000
13.000000
11.000000
6.000000
5.000000
4.000000
3.000000
0.000000
1.000000
1.000000
1.000000
1.000000
0.000000
8.000000
1.000000
5.000000
3.000000
8.000000
3.000000
4.000000
6.000000
9.000000
12.000000
5.000000
12.000000
5.000000
13.000000
12.000000
4.000000
3.000000
0.000000
2.000000
1.000000
2.000000
1.000000
4.000000
4.000000
8.000000
11.000000
7.000000
4.000000
6.000000
3.000000
6.000000
3.000000
6.000000
6.000000
3.000000
6.000000
4.000000
5.000000
2.000000
0.000000
2.000000
2.000000
2.000000
0.000000
1.000000
0.000000
1.000000
1.000000
4.000000
1.000000
3.000000
5.000000
4.000000
5.000000
4.000000
2.000000
4.000000
2.000000
4.000000
7.000000
4.000000
3.000000
6.000000
4.000000
5.000000
2.000000
1.000000
1.000000
2.000000
1.000000
1.000000
7.000000
2.000000
4.000000
2.000000
5.000000
2.000000
5.000000
4.000000
6.000000
7.000000
4.000000
4.000000
3.000000
6.000000
12.000000
4.000000
4.000000
3.000000
1.000000
3.000000
1.000000
1.000000
2.000000
2.000000
4.000000
8.000000
4.000000
11.000000
7.000000
9.000000
3.000000
4.000000
5.000000
4.000000
11.000000
4.000000
15.000000
7.000000
7.000000
7.000000
4.000000
5.000000
4.000000
3.000000
4.000000
0.000000
1.000000
10.000000
9.000000
14.000000
12.000000
14.000000
13.000000
25.000000
18.000000
15.000000
21.000000
23.000000
13.000000
37.000000
26.000000
21.000000
25.000000
22.000000
11.000000
12.000000
4.000000
6.000000
7.000000
8.000000
12.000000
19.000000
42.000000
60.000000
68.000000
130.000000
175.000000
1290.000000
865.000000
580.000000
523.000000
496.000000
460.000000
425.000000
337.000000
327.000000
364.000000
283.000000
231.000000
172.000000
111.000000
110.000000
89.000000
79.000000
74.000000
97.000000
176.000000
249.000000
243.000000
218.000000
197.000000
183.000000
186.000000
173.000000
133.000000
116.000000
149.000000
106.000000
118.000000
117.000000
100.000000
80.000000
62.000000
82.000000
45.000000
25.000000
41.000000
27.000000
31.000000
42.000000
38.000000
52.000000
75.000000
58.000000
96.000000
47.000000
50.000000
56.000000
47.000000
37.000000
55.000000
21.000000
28.000000
36.000000
67.000000
40.000000
34.000000
34.000000
10.000000
16.000000
19.000000
17.000000
20.000000
22.000000
20.000000
33.000000
31.000000
33.000000
37.000000
32.000000
24.000000
24.000000
27.000000
30.000000
23.000000
26.000000
34.000000
27.000000
19.000000
32.000000
15.000000
7.000000
7.000000
5.000000
5.000000
14.000000
8.000000
7.000000
12.000000
13.000000
21.000000
30.000000
7.000000
30.000000
45.000000
53.000000
24.000000
12.000000
14.000000
14.000000
13.000000
16.000000
15.000000
12.000000
14.000000
14.000000
12.000000
10.000000
5.000000
10.000000
6.000000
12.000000
24.000000
27.000000
24.000000
27.000000
23.000000
28.000000
24.000000
26.000000
21.000000
25.000000
21.000000
20.000000
21.000000
42.000000
26.000000
16.000000
21.000000
10.000000
15.000000
10.000000
15.000000
11.000000
25.000000
21.000000
21.000000
24.000000
13.000000
21.000000
19.000000
29.000000
20.000000
30.000000
26.000000
34.000000
20.000000
18.000000
19.000000
24.000000
26.000000
23.000000
21.000000
15.000000
11.000000
13.000000
7.000000
4.000000
18.000000
22.000000
20.000000
25.000000
37.000000
35.000000
49.000000
45.000000
