193.000000
204.000000
312.000000
186.000000
139.000000
136.000000
78.000000
45.000000
52.000000
47.000000
46.000000
73.000000
120.000000
158.000000
213.000000
267.000000
239.000000
267.000000
328.000000
282.000000
338.000000
241.000000
222.000000
282.000000
352.000000
292.000000
282.000000
222.000000
201.000000
143.000000
101.000000
65.000000
66.000000
44.000000
62.000000
72.000000
119.000000
162.000000
226.000000
263.000000
296.000000
267.000000
243.000000
244.000000
236.000000
250.000000
522.000000
492.000000
403.000000
387.000000
384.000000
272.000000
225.000000
197.000000
134.000000
103.000000
64.000000
46.000000
63.000000
135.000000
222.000000
311.000000
363.000000
353.000000
332.000000
326.000000
841.000000
644.000000
532.000000
398.000000
477.000000
425.000000
854.000000
1029.000000
1114.000000
1027.000000
948.000000
366.000000
116.000000
76.000000
55.000000
59.000000
65.000000
78.000000
141.000000
147.000000
192.000000
227.000000
307.000000
244.000000
251.000000
242.000000
193.000000
266.000000
606.000000
861.000000
890.000000
889.000000
892.000000
831.000000
796.000000
319.000000
68.000000
68.000000
47.000000
38.000000
137.000000
87.000000
126.000000
185.000000
200.000000
221.000000
303.000000
343.000000
365.000000
521.000000
439.000000
552.000000
523.000000
510.000000
475.000000
491.000000
409.000000
375.000000
269.000000
282.000000
157.000000
103.000000
88.000000
100.000000
130.000000
200.000000
267.000000
502.000000
749.000000
997.000000
938.000000
494.000000
873.000000
846.000000
788.000000
693.000000
811.000000
1056.000000
1356.000000
1573.000000
1358.000000
742.000000
427.000000
358.000000
261.000000
174.000000
166.000000
145.000000
213.000000
324.000000
473.000000
640.000000
634.000000
600.000000
740.000000
699.000000
745.000000
934.000000
1097.000000
1056.000000
1273.000000
2128.000000
4828.000000
3341.000000
3617.000000
3775.000000
1382.000000
628.000000
516.000000
328.000000
291.000000
328.000000
455.000000
667.000000
879.000000
815.000000
721.000000
652.000000
740.000000
604.000000
575.000000
610.000000
618.000000
472.000000
462.000000
477.000000
420.000000
374.000000
339.000000
293.000000
177.000000
167.000000
126.000000
79.000000
54.000000
56.000000
75.000000
94.000000
143.000000
126.000000
153.000000
175.000000
175.000000
169.000000
209.000000
190.000000
185.000000
185.000000
164.000000
177.000000
161.000000
161.000000
156.000000
130.000000
82.000000
79.000000
57.000000
75.000000
39.000000
33.000000
41.000000
59.000000
87.000000
72.000000
91.000000
112.000000
105.000000
122.000000
104.000000
105.000000
113.000000
104.000000
115.000000
151.000000
167.000000
215.000000
170.000000
135.000000
92.000000
49.000000
59.000000
32.000000
33.000000
25.000000
22.000000
33.000000
34.000000
46.000000
71.000000
64.000000
78.000000
82.000000
73.000000
72.000000
79.000000
104.000000
97.000000
87.000000
98.000000
98.000000
96.000000
79.000000
53.000000
64.000000
31.000000
23.000000
19.000000
22.000000
14.000000
105.000000
38.000000
37.000000
57.000000
63.000000
56.000000
69.000000
77.000000
69.000000
112.000000
75.000000
53.000000
72.000000
89.000000
89.000000
69.000000
46.000000
34.000000
27.000000
32.000000
28.000000
16.000000
22.000000
21.000000
22.000000
57.000000
52.000000
53.000000
84.000000
51.000000
57.000000
52.000000
75.000000
54.000000
53.000000
46.000000
67.000000
60.000000
74.000000
78.000000
69.000000
38.000000
27.000000
19.000000
26.000000
10.000000
15.000000
15.000000
27.000000
26.000000
38.000000
42.000000
47.000000
58.000000
51.000000
39.000000
54.000000
46.000000
44.000000
51.000000
61.000000
65.000000
