97.000000
65.000000
61.000000
66.000000
43.000000
45.000000
45.000000
23.000000
35.000000
23.000000
28.000000
27.000000
24.000000
18.000000
31.000000
13.000000
25.000000
33.000000
38.000000
27.000000
51.000000
31.000000
28.000000
42.000000
39.000000
30.000000
34.000000
26.000000
20.000000
28.000000
42.000000
16.000000
15.000000
14.000000
12.000000
6.000000
9.000000
4.000000
15.000000
15.000000
16.000000
20.000000
15.000000
26.000000
31.000000
20.000000
26.000000
25.000000
26.000000
30.000000
16.000000
21.000000
12.000000
21.000000
20.000000
15.000000
11.000000
9.000000
6.000000
4.000000
11.000000
12.000000
5.000000
11.000000
12.000000
6.000000
19.000000
21.000000
23.000000
21.000000
17.000000
25.000000
23.000000
17.000000
12.000000
17.000000
21.000000
27.000000
19.000000
18.000000
12.000000
6.000000
16.000000
5.000000
14.000000
8.000000
4.000000
12.000000
20.000000
18.000000
18.000000
22.000000
19.000000
32.000000
17.000000
23.000000
26.000000
35.000000
21.000000
26.000000
29.000000
25.000000
20.000000
25.000000
26.000000
18.000000
10.000000
10.000000
10.000000
8.000000
6.000000
12.000000
15.000000
34.000000
44.000000
52.000000
34.000000
35.000000
57.000000
58.000000
43.000000
50.000000
27.000000
50.000000
39.000000
47.000000
47.000000
37.000000
36.000000
40.000000
25.000000
26.000000
36.000000
20.000000
25.000000
34.000000
29.000000
36.000000
31.000000
44.000000
61.000000
99.000000
117.000000
428.000000
328.000000
298.000000
249.000000
253.000000
181.000000
249.000000
128.000000
126.000000
129.000000
103.000000
79.000000
91.000000
69.000000
90.000000
74.000000
77.000000
99.000000
103.000000
113.000000
136.000000
183.000000
304.000000
270.000000
1290.000000
1451.000000
906.000000
716.000000
583.000000
490.000000
447.000000
412.000000
359.000000
292.000000
272.000000
184.000000
166.000000
142.000000
140.000000
131.000000
150.000000
194.000000
223.000000
210.000000
237.000000
194.000000
210.000000
211.000000
199.000000
212.000000
148.000000
162.000000
121.000000
129.000000
97.000000
96.000000
92.000000
88.000000
63.000000
51.000000
40.000000
54.000000
30.000000
44.000000
40.000000
49.000000
63.000000
90.000000
91.000000
77.000000
98.000000
76.000000
79.000000
78.000000
68.000000
77.000000
62.000000
81.000000
54.000000
47.000000
50.000000
50.000000
38.000000
29.000000
25.000000
32.000000
16.000000
23.000000
27.000000
32.000000
35.000000
46.000000
52.000000
41.000000
56.000000
49.000000
58.000000
52.000000
58.000000
43.000000
51.000000
38.000000
35.000000
38.000000
29.000000
29.000000
29.000000
18.000000
18.000000
23.000000
22.000000
21.000000
22.000000
24.000000
25.000000
32.000000
29.000000
31.000000
35.000000
31.000000
28.000000
35.000000
47.000000
38.000000
28.000000
35.000000
34.000000
45.000000
35.000000
27.000000
20.000000
24.000000
22.000000
20.000000
15.000000
18.000000
10.000000
12.000000
27.000000
22.000000
30.000000
24.000000
21.000000
26.000000
40.000000
31.000000
31.000000
23.000000
30.000000
30.000000
47.000000
32.000000
40.000000
18.000000
18.000000
17.000000
13.000000
13.000000
6.000000
8.000000
10.000000
17.000000
21.000000
25.000000
27.000000
19.000000
30.000000
27.000000
36.000000
27.000000
45.000000
30.000000
41.000000
25.000000
24.000000
20.000000
22.000000
27.000000
6.000000
18.000000
15.000000
14.000000
15.000000
17.000000
13.000000
26.000000
19.000000
21.000000
23.000000
31.000000
29.000000
34.000000
27.000000
26.000000
