363.000000
495.000000
373.000000
328.000000
293.000000
265.000000
224.000000
232.000000
222.000000
218.000000
272.000000
215.000000
303.000000
367.000000
369.000000
395.000000
484.000000
404.000000
386.000000
407.000000
354.000000
688.000000
551.000000
487.000000
425.000000
436.000000
388.000000
384.000000
308.000000
288.000000
254.000000
249.000000
263.000000
244.000000
274.000000
255.000000
343.000000
345.000000
371.000000
364.000000
413.000000
426.000000
461.000000
451.000000
416.000000
469.000000
459.000000
400.000000
425.000000
431.000000
1032.000000
1304.000000
989.000000
673.000000
563.000000
569.000000
537.000000
505.000000
563.000000
620.000000
676.000000
746.000000
774.000000
818.000000
839.000000
797.000000
723.000000
748.000000
710.000000
717.000000
645.000000
616.000000
637.000000
628.000000
628.000000
553.000000
532.000000
469.000000
428.000000
458.000000
429.000000
402.000000
478.000000
518.000000
612.000000
757.000000
804.000000
920.000000
977.000000
1200.000000
1457.000000
1266.000000
1168.000000
1098.000000
944.000000
867.000000
826.000000
804.000000
696.000000
666.000000
548.000000
543.000000
525.000000
526.000000
506.000000
537.000000
474.000000
579.000000
638.000000
813.000000
894.000000
912.000000
910.000000
900.000000
872.000000
891.000000
863.000000
846.000000
1417.000000
1391.000000
1026.000000
1138.000000
1028.000000
883.000000
830.000000
689.000000
591.000000
594.000000
644.000000
613.000000
625.000000
794.000000
784.000000
1011.000000
1092.000000
1162.000000
1199.000000
1240.000000
1221.000000
1266.000000
1266.000000
1295.000000
1204.000000
1346.000000
1323.000000
1395.000000
1331.000000
1249.000000
1159.000000
1097.000000
1069.000000
1123.000000
1035.000000
1045.000000
1095.000000
1282.000000
1582.000000
1820.000000
1879.000000
2072.000000
2235.000000
2373.000000
2617.000000
3127.000000
3660.000000
4187.000000
6979.000000
18762.000000
39751.000000
37215.000000
34200.000000
32221.000000
23040.000000
13975.000000
11479.000000
9930.000000
8227.000000
7517.000000
7603.000000
8665.000000
9602.000000
10429.000000
10219.000000
9221.000000
8627.000000
7156.000000
6433.000000
5751.000000
5037.000000
4870.000000
4468.000000
4031.000000
3704.000000
3222.000000
2932.000000
2659.000000
2491.000000
2297.000000
2043.000000
1882.000000
1857.000000
1771.000000
1751.000000
1897.000000
2103.000000
2351.000000
2533.000000
2485.000000
2347.000000
2305.000000
2125.000000
1843.000000
1935.000000
1852.000000
1698.000000
1754.000000
1576.000000
1565.000000
1568.000000
1523.000000
1342.000000
1227.000000
1137.000000
1037.000000
1006.000000
957.000000
909.000000
1048.000000
1109.000000
1237.000000
1455.000000
1466.000000
1397.000000
1346.000000
1354.000000
1409.000000
1418.000000
1313.000000
1182.000000
1248.000000
1282.000000
1273.000000
1313.000000
1313.000000
1198.000000
982.000000
879.000000
904.000000
742.000000
700.000000
775.000000
908.000000
1025.000000
1213.000000
1299.000000
1434.000000
1318.000000
1349.000000
1340.000000
1352.000000
1261.000000
1318.000000
1236.000000
1089.000000
1108.000000
1651.000000
1195.000000
1164.000000
1043.000000
924.000000
793.000000
722.000000
690.000000
663.000000
717.000000
784.000000
952.000000
974.000000
1079.000000
1159.000000
1121.000000
1213.000000
1128.000000
1094.000000
1074.000000
961.000000
970.000000
844.000000
904.000000
876.000000
888.000000
791.000000
740.000000
602.000000
597.000000
561.000000
519.000000
481.000000
513.000000
622.000000
719.000000
985.000000
1022.000000
1204.000000
1526.000000
1239.000000
1069.000000
986.000000
1002.000000
949.000000
875.000000
830.000000
846.000000
777.000000
791.000000
821.000000
649.000000
584.000000
535.000000
518.000000
430.000000
422.000000
436.000000
482.000000
625.000000
598.000000
722.000000
807.000000
794.000000
791.000000
798.000000
778.000000
719.000000
819.000000
686.000000
662.000000
649.000000
