11.000000
18.000000
16.000000
15.000000
14.000000
22.000000
9.000000
18.000000
18.000000
22.000000
26.000000
17.000000
18.000000
21.000000
27.000000
17.000000
15.000000
16.000000
16.000000
9.000000
11.000000
4.000000
14.000000
14.000000
13.000000
26.000000
22.000000
20.000000
23.000000
23.000000
16.000000
20.000000
24.000000
18.000000
26.000000
14.000000
25.000000
25.000000
14.000000
19.000000
14.000000
14.000000
7.000000
13.000000
7.000000
8.000000
10.000000
11.000000
22.000000
13.000000
27.000000
19.000000
8.000000
28.000000
12.000000
27.000000
16.000000
21.000000
20.000000
14.000000
12.000000
13.000000
20.000000
20.000000
11.000000
16.000000
18.000000
15.000000
18.000000
14.000000
9.000000
21.000000
25.000000
16.000000
29.000000
24.000000
20.000000
24.000000
21.000000
35.000000
27.000000
24.000000
14.000000
24.000000
24.000000
33.000000
34.000000
25.000000
18.000000
20.000000
22.000000
23.000000
17.000000
24.000000
22.000000
18.000000
25.000000
23.000000
42.000000
36.000000
41.000000
42.000000
41.000000
30.000000
35.000000
34.000000
37.000000
45.000000
43.000000
47.000000
45.000000
50.000000
38.000000
32.000000
52.000000
52.000000
43.000000
48.000000
44.000000
64.000000
73.000000
83.000000
59.000000
82.000000
76.000000
92.000000
80.000000
81.000000
80.000000
66.000000
75.000000
81.000000
67.000000
77.000000
93.000000
64.000000
78.000000
69.000000
61.000000
79.000000
85.000000
99.000000
141.000000
226.000000
837.000000
592.000000
489.000000
421.000000
473.000000
409.000000
423.000000
436.000000
384.000000
310.000000
403.000000
356.000000
303.000000
319.000000
326.000000
280.000000
264.000000
258.000000
239.000000
215.000000
256.000000
400.000000
495.000000
1007.000000
2072.000000
1204.000000
1012.000000
933.000000
840.000000
830.000000
753.000000
809.000000
793.000000
696.000000
547.000000
533.000000
473.000000
406.000000
363.000000
313.000000
270.000000
229.000000
234.000000
219.000000
187.000000
181.000000
220.000000
245.000000
283.000000
346.000000
277.000000
325.000000
310.000000
268.000000
297.000000
276.000000
322.000000
243.000000
216.000000
216.000000
204.000000
175.000000
185.000000
122.000000
127.000000
126.000000
102.000000
99.000000
78.000000
100.000000
89.000000
101.000000
88.000000
102.000000
122.000000
109.000000
126.000000
134.000000
115.000000
148.000000
116.000000
136.000000
119.000000
98.000000
110.000000
97.000000
99.000000
62.000000
57.000000
54.000000
58.000000
41.000000
52.000000
58.000000
53.000000
37.000000
61.000000
60.000000
77.000000
122.000000
101.000000
102.000000
88.000000
109.000000
94.000000
56.000000
69.000000
72.000000
62.000000
89.000000
66.000000
69.000000
65.000000
37.000000
46.000000
32.000000
29.000000
30.000000
40.000000
42.000000
47.000000
49.000000
58.000000
59.000000
61.000000
57.000000
63.000000
77.000000
82.000000
81.000000
59.000000
52.000000
51.000000
56.000000
56.000000
49.000000
51.000000
24.000000
42.000000
36.000000
25.000000
24.000000
36.000000
37.000000
32.000000
52.000000
59.000000
54.000000
47.000000
52.000000
48.000000
48.000000
62.000000
56.000000
47.000000
50.000000
53.000000
57.000000
52.000000
38.000000
43.000000
31.000000
36.000000
26.000000
27.000000
25.000000
17.000000
35.000000
36.000000
55.000000
42.000000
47.000000
58.000000
39.000000
52.000000
60.000000
42.000000
37.000000
39.000000
44.000000
30.000000
36.000000
36.000000
30.000000
26.000000
39.000000
27.000000
23.000000
21.000000
16.000000
12.000000
29.000000
23.000000
