23.000000
24.000000
38.000000
32.000000
25.000000
23.000000
55.000000
45.000000
36.000000
43.000000
20.000000
26.000000
11.000000
31.000000
15.000000
15.000000
13.000000
12.000000
12.000000
14.000000
14.000000
18.000000
16.000000
20.000000
19.000000
18.000000
37.000000
31.000000
31.000000
26.000000
28.000000
31.000000
29.000000
24.000000
19.000000
23.000000
15.000000
13.000000
7.000000
10.000000
14.000000
9.000000
10.000000
7.000000
8.000000
12.000000
11.000000
17.000000
32.000000
41.000000
78.000000
77.000000
57.000000
63.000000
48.000000
61.000000
46.000000
38.000000
47.000000
34.000000
35.000000
34.000000
12.000000
26.000000
7.000000
16.000000
11.000000
12.000000
12.000000
23.000000
25.000000
21.000000
26.000000
27.000000
35.000000
25.000000
24.000000
28.000000
29.000000
21.000000
37.000000
21.000000
28.000000
23.000000
20.000000
17.000000
9.000000
24.000000
17.000000
21.000000
10.000000
19.000000
20.000000
17.000000
15.000000
23.000000
35.000000
44.000000
44.000000
48.000000
33.000000
40.000000
56.000000
44.000000
32.000000
27.000000
30.000000
21.000000
28.000000
19.000000
29.000000
40.000000
28.000000
20.000000
39.000000
35.000000
34.000000
49.000000
75.000000
70.000000
72.000000
60.000000
52.000000
57.000000
53.000000
61.000000
72.000000
57.000000
72.000000
58.000000
38.000000
53.000000
35.000000
46.000000
35.000000
38.000000
33.000000
37.000000
28.000000
34.000000
42.000000
54.000000
61.000000
96.000000
184.000000
479.000000
265.000000
251.000000
259.000000
232.000000
219.000000
179.000000
201.000000
148.000000
169.000000
131.000000
120.000000
101.000000
85.000000
92.000000
93.000000
91.000000
77.000000
82.000000
138.000000
285.000000
275.000000
1139.000000
1490.000000
918.000000
778.000000
814.000000
745.000000
691.000000
597.000000
491.000000
468.000000
372.000000
332.000000
325.000000
280.000000
211.000000
162.000000
129.000000
186.000000
147.000000
135.000000
132.000000
149.000000
167.000000
185.000000
214.000000
215.000000
229.000000
188.000000
216.000000
173.000000
153.000000
133.000000
138.000000
146.000000
146.000000
123.000000
120.000000
97.000000
78.000000
60.000000
57.000000
56.000000
49.000000
56.000000
58.000000
76.000000
59.000000
91.000000
74.000000
74.000000
72.000000
72.000000
88.000000
83.000000
82.000000
81.000000
72.000000
78.000000
64.000000
89.000000
61.000000
47.000000
43.000000
38.000000
40.000000
28.000000
27.000000
19.000000
29.000000
37.000000
59.000000
35.000000
46.000000
50.000000
48.000000
51.000000
46.000000
78.000000
55.000000
59.000000
48.000000
39.000000
47.000000
65.000000
43.000000
38.000000
33.000000
26.000000
30.000000
26.000000
28.000000
30.000000
20.000000
22.000000
22.000000
37.000000
46.000000
44.000000
45.000000
54.000000
55.000000
60.000000
46.000000
55.000000
45.000000
43.000000
52.000000
37.000000
33.000000
38.000000
24.000000
30.000000
31.000000
24.000000
28.000000
25.000000
29.000000
21.000000
25.000000
49.000000
41.000000
30.000000
34.000000
44.000000
37.000000
32.000000
46.000000
36.000000
21.000000
36.000000
29.000000
24.000000
34.000000
21.000000
21.000000
27.000000
13.000000
7.000000
19.000000
17.000000
31.000000
35.000000
38.000000
94.000000
70.000000
69.000000
43.000000
57.000000
90.000000
78.000000
50.000000
37.000000
53.000000
54.000000
41.000000
24.000000
26.000000
38.000000
32.000000
33.000000
27.000000
13.000000
19.000000
22.000000
53.000000
96.000000
106.000000
116.000000
84.000000
61.000000
