6905.000000
7206.000000
6863.000000
5271.000000
4221.000000
3335.000000
2799.000000
2099.000000
1943.000000
1721.000000
1657.000000
1812.000000
2095.000000
2567.000000
3140.000000
3805.000000
4192.000000
4763.000000
5295.000000
5508.000000
5349.000000
5644.000000
5241.000000
4950.000000
5094.000000
4272.000000
4089.000000
3592.000000
3177.000000
2581.000000
2037.000000
1678.000000
1597.000000
1481.000000
1519.000000
1552.000000
1924.000000
2342.000000
2994.000000
3423.000000
3836.000000
3954.000000
4181.000000
4173.000000
4009.000000
4136.000000
3989.000000
4344.000000
4379.000000
4265.000000
4757.000000
4300.000000
3446.000000
3005.000000
2436.000000
1984.000000
1774.000000
1634.000000
1704.000000
1684.000000
2089.000000
2521.000000
3114.000000
3494.000000
3752.000000
4079.000000
4350.000000
4524.000000
4330.000000
4482.000000
4514.000000
4344.000000
4425.000000
4236.000000
3937.000000
3542.000000
3234.000000
2849.000000
2200.000000
1984.000000
1882.000000
1537.000000
1596.000000
1782.000000
2068.000000
2571.000000
3141.000000
3581.000000
4136.000000
4285.000000
4669.000000
4808.000000
4760.000000
4925.000000
5097.000000
4996.000000
4920.000000
4558.000000
4583.000000
4061.000000
4013.000000
3516.000000
2512.000000
2183.000000
2239.000000
2026.000000
2092.000000
2110.000000
2515.000000
3465.000000
4719.000000
5603.000000
5772.000000
5941.000000
6340.000000
6223.000000
5851.000000
6177.000000
6344.000000
6146.000000
7403.000000
7963.000000
7009.000000
6438.000000
6498.000000
4594.000000
3738.000000
2997.000000
2572.000000
2327.000000
2160.000000
2196.000000
2477.000000
2972.000000
4022.000000
4648.000000
5388.000000
5911.000000
6482.000000
7077.000000
6850.000000
7342.000000
7508.000000
8071.000000
8838.000000
9035.000000
8082.000000
7644.000000
7575.000000
7038.000000
5826.000000
5250.000000
4505.000000
4244.000000
4504.000000
4807.000000
5402.000000
7003.000000
9080.000000
11519.000000
14308.000000
17987.000000
22458.000000
25361.000000
26932.000000
29664.000000
38139.000000
53754.000000
95340.000000
68352.000000
78649.000000
52328.000000
88668.000000
41921.000000
27614.000000
21684.000000
19647.000000
16797.000000
15248.000000
15417.000000
16692.000000
19106.000000
20175.000000
20246.000000
19843.000000
18782.000000
17642.000000
16225.000000
14429.000000
13864.000000
13069.000000
11653.000000
9909.000000
8412.000000
7414.000000
6964.000000
6486.000000
5352.000000
4576.000000
4035.000000
3589.000000
3253.000000
2852.000000
2745.000000
3124.000000
3410.000000
3987.000000
4249.000000
4404.000000
4725.000000
4707.000000
4347.000000
4273.000000
4463.000000
4119.000000
3812.000000
3391.000000
3178.000000
2918.000000
2940.000000
2788.000000
2456.000000
1975.000000
1676.000000
1585.000000
1434.000000
1362.000000
1326.000000
1525.000000
1621.000000
1915.000000
2151.000000
2309.000000
2343.000000
2545.000000
2473.000000
2440.000000
2464.000000
2450.000000
2181.000000
1985.000000
1780.000000
1819.000000
1831.000000
1603.000000
1453.000000
1264.000000
1064.000000
1013.000000
949.000000
928.000000
816.000000
932.000000
1153.000000
1366.000000
1430.000000
1628.000000
1668.000000
1685.000000
1721.000000
1808.000000
1740.000000
1595.000000
1517.000000
1364.000000
1377.000000
1391.000000
1223.000000
1149.000000
1077.000000
975.000000
774.000000
776.000000
856.000000
626.000000
615.000000
670.000000
781.000000
992.000000
1040.000000
1219.000000
1236.000000
1299.000000
1179.000000
1238.000000
1167.000000
1273.000000
1091.000000
1062.000000
997.000000
940.000000
967.000000
879.000000
796.000000
764.000000
688.000000
554.000000
496.000000
521.000000
510.000000
577.000000
618.000000
659.000000
736.000000
859.000000
938.000000
938.000000
1010.000000
998.000000
1052.000000
973.000000
963.000000
837.000000
968.000000
790.000000
721.000000
698.000000
740.000000
685.000000
618.000000
527.000000
533.000000
457.000000
415.000000
431.000000
447.000000
551.000000
697.000000
814.000000
882.000000
892.000000
811.000000
833.000000
832.000000
849.000000
887.000000
837.000000
