12.000000
19.000000
9.000000
11.000000
22.000000
13.000000
13.000000
5.000000
7.000000
7.000000
8.000000
5.000000
6.000000
6.000000
5.000000
7.000000
4.000000
13.000000
14.000000
9.000000
11.000000
20.000000
13.000000
16.000000
5.000000
10.000000
12.000000
16.000000
7.000000
16.000000
13.000000
7.000000
6.000000
6.000000
7.000000
6.000000
4.000000
8.000000
3.000000
6.000000
3.000000
1.000000
13.000000
14.000000
13.000000
13.000000
13.000000
37.000000
21.000000
16.000000
20.000000
9.000000
20.000000
7.000000
10.000000
12.000000
13.000000
4.000000
4.000000
6.000000
5.000000
4.000000
5.000000
6.000000
10.000000
12.000000
19.000000
10.000000
12.000000
15.000000
9.000000
6.000000
5.000000
12.000000
13.000000
16.000000
10.000000
14.000000
13.000000
9.000000
8.000000
5.000000
8.000000
8.000000
2.000000
4.000000
3.000000
4.000000
9.000000
14.000000
13.000000
15.000000
9.000000
16.000000
27.000000
18.000000
13.000000
17.000000
22.000000
20.000000
12.000000
12.000000
14.000000
14.000000
10.000000
16.000000
7.000000
1.000000
9.000000
8.000000
9.000000
9.000000
12.000000
14.000000
28.000000
22.000000
26.000000
35.000000
61.000000
50.000000
39.000000
33.000000
24.000000
36.000000
41.000000
41.000000
19.000000
24.000000
20.000000
13.000000
14.000000
20.000000
15.000000
13.000000
22.000000
22.000000
12.000000
23.000000
37.000000
43.000000
43.000000
64.000000
97.000000
306.000000
234.000000
224.000000
233.000000
204.000000
194.000000
125.000000
127.000000
110.000000
111.000000
93.000000
88.000000
59.000000
53.000000
64.000000
57.000000
61.000000
85.000000
95.000000
126.000000
128.000000
154.000000
223.000000
233.000000
898.000000
1267.000000
914.000000
735.000000
563.000000
557.000000
445.000000
323.000000
286.000000
240.000000
187.000000
170.000000
137.000000
119.000000
129.000000
150.000000
132.000000
165.000000
157.000000
188.000000
187.000000
167.000000
182.000000
164.000000
195.000000
171.000000
158.000000
122.000000
112.000000
112.000000
122.000000
74.000000
87.000000
69.000000
54.000000
39.000000
43.000000
47.000000
38.000000
45.000000
54.000000
55.000000
67.000000
82.000000
83.000000
63.000000
72.000000
68.000000
58.000000
91.000000
76.000000
62.000000
56.000000
54.000000
60.000000
56.000000
42.000000
35.000000
41.000000
34.000000
14.000000
20.000000
34.000000
33.000000
26.000000
44.000000
32.000000
28.000000
49.000000
35.000000
37.000000
39.000000
51.000000
46.000000
38.000000
59.000000
60.000000
47.000000
36.000000
37.000000
44.000000
36.000000
23.000000
19.000000
23.000000
21.000000
26.000000
14.000000
20.000000
34.000000
57.000000
112.000000
114.000000
82.000000
85.000000
87.000000
83.000000
87.000000
92.000000
74.000000
65.000000
73.000000
61.000000
47.000000
42.000000
50.000000
26.000000
22.000000
28.000000
25.000000
34.000000
26.000000
18.000000
25.000000
28.000000
32.000000
25.000000
28.000000
42.000000
40.000000
47.000000
35.000000
37.000000
40.000000
38.000000
32.000000
33.000000
27.000000
22.000000
28.000000
15.000000
22.000000
10.000000
11.000000
10.000000
8.000000
19.000000
18.000000
24.000000
20.000000
25.000000
33.000000
28.000000
24.000000
27.000000
27.000000
24.000000
25.000000
17.000000
21.000000
22.000000
18.000000
23.000000
17.000000
18.000000
13.000000
22.000000
18.000000
12.000000
14.000000
21.000000
16.000000
25.000000
14.000000
27.000000
25.000000
33.000000
36.000000
22.000000
16.000000
