25.000000
38.000000
25.000000
25.000000
30.000000
31.000000
22.000000
20.000000
15.000000
14.000000
7.000000
9.000000
11.000000
17.000000
12.000000
15.000000
11.000000
11.000000
23.000000
18.000000
14.000000
27.000000
32.000000
22.000000
21.000000
26.000000
25.000000
23.000000
10.000000
20.000000
22.000000
16.000000
14.000000
18.000000
8.000000
16.000000
5.000000
8.000000
10.000000
13.000000
22.000000
12.000000
11.000000
25.000000
24.000000
21.000000
26.000000
29.000000
30.000000
32.000000
23.000000
20.000000
25.000000
19.000000
26.000000
11.000000
11.000000
10.000000
12.000000
7.000000
8.000000
6.000000
13.000000
11.000000
18.000000
26.000000
29.000000
23.000000
26.000000
21.000000
24.000000
32.000000
33.000000
23.000000
30.000000
18.000000
18.000000
18.000000
17.000000
16.000000
11.000000
18.000000
19.000000
15.000000
21.000000
13.000000
16.000000
24.000000
18.000000
21.000000
43.000000
25.000000
30.000000
37.000000
33.000000
30.000000
41.000000
30.000000
34.000000
27.000000
27.000000
29.000000
36.000000
24.000000
19.000000
15.000000
13.000000
7.000000
20.000000
19.000000
23.000000
38.000000
33.000000
34.000000
56.000000
46.000000
46.000000
42.000000
68.000000
64.000000
49.000000
53.000000
51.000000
61.000000
55.000000
37.000000
37.000000
37.000000
29.000000
36.000000
19.000000
18.000000
25.000000
30.000000
25.000000
38.000000
29.000000
58.000000
71.000000
77.000000
105.000000
88.000000
147.000000
336.000000
216.000000
223.000000
194.000000
214.000000
158.000000
127.000000
130.000000
124.000000
103.000000
83.000000
83.000000
88.000000
52.000000
87.000000
84.000000
100.000000
128.000000
136.000000
200.000000
205.000000
231.000000
323.000000
312.000000
946.000000
1420.000000
786.000000
565.000000
490.000000
407.000000
322.000000
336.000000
261.000000
234.000000
171.000000
164.000000
135.000000
127.000000
103.000000
124.000000
135.000000
149.000000
152.000000
174.000000
177.000000
126.000000
132.000000
135.000000
142.000000
129.000000
124.000000
98.000000
125.000000
100.000000
106.000000
93.000000
89.000000
60.000000
55.000000
43.000000
40.000000
38.000000
41.000000
39.000000
73.000000
68.000000
92.000000
106.000000
94.000000
117.000000
107.000000
110.000000
108.000000
77.000000
71.000000
68.000000
74.000000
82.000000
69.000000
68.000000
49.000000
41.000000
34.000000
24.000000
24.000000
24.000000
28.000000
32.000000
35.000000
40.000000
33.000000
39.000000
49.000000
52.000000
54.000000
75.000000
117.000000
92.000000
84.000000
60.000000
63.000000
49.000000
60.000000
33.000000
41.000000
31.000000
23.000000
13.000000
22.000000
16.000000
19.000000
20.000000
13.000000
34.000000
33.000000
30.000000
54.000000
32.000000
29.000000
32.000000
30.000000
37.000000
34.000000
30.000000
21.000000
42.000000
33.000000
29.000000
22.000000
17.000000
14.000000
20.000000
8.000000
16.000000
12.000000
15.000000
18.000000
21.000000
13.000000
16.000000
18.000000
25.000000
18.000000
22.000000
26.000000
44.000000
20.000000
18.000000
21.000000
36.000000
26.000000
20.000000
11.000000
13.000000
19.000000
14.000000
15.000000
11.000000
10.000000
9.000000
10.000000
24.000000
16.000000
20.000000
17.000000
22.000000
23.000000
38.000000
36.000000
33.000000
23.000000
27.000000
28.000000
27.000000
28.000000
11.000000
18.000000
16.000000
16.000000
13.000000
9.000000
15.000000
12.000000
10.000000
10.000000
10.000000
7.000000
13.000000
13.000000
20.000000
13.000000
16.000000
21.000000
24.000000
