8.000000
15.000000
8.000000
7.000000
5.000000
13.000000
11.000000
4.000000
5.000000
8.000000
13.000000
6.000000
15.000000
9.000000
20.000000
23.000000
25.000000
24.000000
19.000000
29.000000
20.000000
23.000000
26.000000
25.000000
12.000000
18.000000
9.000000
11.000000
6.000000
13.000000
10.000000
10.000000
10.000000
3.000000
16.000000
9.000000
12.000000
21.000000
12.000000
16.000000
26.000000
23.000000
21.000000
12.000000
17.000000
14.000000
22.000000
20.000000
17.000000
10.000000
13.000000
9.000000
9.000000
12.000000
6.000000
9.000000
6.000000
14.000000
12.000000
12.000000
13.000000
18.000000
9.000000
16.000000
21.000000
11.000000
18.000000
12.000000
11.000000
22.000000
17.000000
24.000000
21.000000
17.000000
11.000000
20.000000
14.000000
22.000000
12.000000
11.000000
14.000000
11.000000
12.000000
30.000000
23.000000
21.000000
20.000000
11.000000
20.000000
19.000000
21.000000
14.000000
22.000000
24.000000
19.000000
15.000000
25.000000
23.000000
20.000000
24.000000
14.000000
22.000000
18.000000
20.000000
17.000000
13.000000
17.000000
11.000000
17.000000
27.000000
25.000000
31.000000
43.000000
63.000000
65.000000
60.000000
47.000000
65.000000
49.000000
56.000000
42.000000
54.000000
43.000000
27.000000
43.000000
24.000000
26.000000
25.000000
17.000000
31.000000
28.000000
31.000000
51.000000
39.000000
40.000000
62.000000
57.000000
62.000000
74.000000
101.000000
97.000000
113.000000
172.000000
441.000000
281.000000
249.000000
204.000000
135.000000
122.000000
98.000000
98.000000
101.000000
77.000000
98.000000
109.000000
202.000000
284.000000
258.000000
194.000000
212.000000
242.000000
231.000000
254.000000
238.000000
274.000000
415.000000
466.000000
1149.000000
2401.000000
1284.000000
754.000000
709.000000
471.000000
411.000000
339.000000
361.000000
351.000000
382.000000
434.000000
487.000000
390.000000
360.000000
332.000000
303.000000
365.000000
334.000000
351.000000
277.000000
300.000000
240.000000
238.000000
206.000000
199.000000
180.000000
136.000000
76.000000
79.000000
94.000000
68.000000
79.000000
75.000000
76.000000
100.000000
68.000000
88.000000
89.000000
110.000000
123.000000
81.000000
101.000000
87.000000
80.000000
109.000000
96.000000
79.000000
74.000000
72.000000
58.000000
44.000000
35.000000
44.000000
44.000000
52.000000
27.000000
28.000000
45.000000
37.000000
47.000000
49.000000
46.000000
58.000000
63.000000
64.000000
57.000000
45.000000
70.000000
59.000000
57.000000
48.000000
51.000000
55.000000
46.000000
27.000000
35.000000
32.000000
22.000000
27.000000
26.000000
19.000000
28.000000
23.000000
33.000000
41.000000
31.000000
47.000000
0.000000
44.000000
52.000000
30.000000
43.000000
41.000000
34.000000
36.000000
33.000000
29.000000
35.000000
34.000000
25.000000
15.000000
13.000000
14.000000
17.000000
17.000000
20.000000
22.000000
23.000000
35.000000
25.000000
32.000000
16.000000
27.000000
34.000000
29.000000
28.000000
22.000000
44.000000
22.000000
43.000000
25.000000
33.000000
22.000000
14.000000
16.000000
15.000000
10.000000
17.000000
15.000000
10.000000
17.000000
12.000000
7.000000
21.000000
29.000000
23.000000
26.000000
29.000000
27.000000
21.000000
28.000000
30.000000
19.000000
22.000000
17.000000
21.000000
17.000000
18.000000
14.000000
18.000000
17.000000
12.000000
11.000000
11.000000
15.000000
19.000000
21.000000
34.000000
33.000000
42.000000
23.000000
35.000000
36.000000
31.000000
27.000000
35.000000
28.000000
26.000000
23.000000
