29.000000
24.000000
18.000000
26.000000
11.000000
11.000000
12.000000
15.000000
7.000000
14.000000
2.000000
19.000000
5.000000
12.000000
9.000000
23.000000
12.000000
18.000000
19.000000
20.000000
19.000000
33.000000
24.000000
20.000000
24.000000
19.000000
17.000000
11.000000
10.000000
12.000000
7.000000
10.000000
10.000000
8.000000
6.000000
9.000000
11.000000
15.000000
18.000000
18.000000
18.000000
17.000000
21.000000
11.000000
14.000000
22.000000
16.000000
17.000000
30.000000
21.000000
14.000000
23.000000
22.000000
19.000000
13.000000
14.000000
6.000000
8.000000
6.000000
5.000000
14.000000
10.000000
14.000000
21.000000
17.000000
11.000000
22.000000
17.000000
12.000000
25.000000
12.000000
30.000000
14.000000
15.000000
11.000000
14.000000
17.000000
13.000000
12.000000
6.000000
8.000000
7.000000
7.000000
8.000000
12.000000
10.000000
13.000000
13.000000
15.000000
16.000000
23.000000
19.000000
33.000000
36.000000
17.000000
20.000000
25.000000
20.000000
22.000000
29.000000
15.000000
12.000000
17.000000
18.000000
12.000000
7.000000
13.000000
13.000000
17.000000
21.000000
22.000000
26.000000
32.000000
34.000000
52.000000
64.000000
50.000000
55.000000
87.000000
78.000000
52.000000
50.000000
40.000000
30.000000
37.000000
33.000000
25.000000
17.000000
22.000000
27.000000
24.000000
23.000000
22.000000
26.000000
31.000000
52.000000
54.000000
56.000000
60.000000
87.000000
102.000000
144.000000
208.000000
444.000000
373.000000
330.000000
408.000000
225.000000
205.000000
152.000000
136.000000
94.000000
107.000000
71.000000
82.000000
84.000000
76.000000
91.000000
182.000000
153.000000
173.000000
186.000000
184.000000
254.000000
318.000000
536.000000
447.000000
957.000000
1324.000000
1024.000000
788.000000
651.000000
578.000000
455.000000
316.000000
251.000000
189.000000
177.000000
136.000000
143.000000
196.000000
240.000000
246.000000
256.000000
194.000000
215.000000
220.000000
179.000000
180.000000
174.000000
121.000000
122.000000
134.000000
133.000000
128.000000
98.000000
99.000000
60.000000
38.000000
50.000000
29.000000
55.000000
41.000000
43.000000
49.000000
54.000000
53.000000
57.000000
71.000000
65.000000
74.000000
72.000000
69.000000
61.000000
72.000000
51.000000
55.000000
61.000000
53.000000
56.000000
55.000000
31.000000
35.000000
25.000000
29.000000
28.000000
16.000000
30.000000
20.000000
13.000000
34.000000
29.000000
59.000000
32.000000
41.000000
54.000000
34.000000
28.000000
38.000000
35.000000
22.000000
35.000000
35.000000
31.000000
29.000000
23.000000
22.000000
26.000000
14.000000
15.000000
16.000000
15.000000
11.000000
28.000000
21.000000
24.000000
30.000000
27.000000
24.000000
23.000000
34.000000
34.000000
39.000000
28.000000
26.000000
27.000000
26.000000
29.000000
27.000000
25.000000
17.000000
20.000000
10.000000
9.000000
11.000000
14.000000
18.000000
24.000000
17.000000
25.000000
23.000000
24.000000
25.000000
26.000000
19.000000
29.000000
37.000000
23.000000
25.000000
15.000000
34.000000
23.000000
26.000000
16.000000
12.000000
15.000000
14.000000
15.000000
8.000000
12.000000
17.000000
14.000000
19.000000
11.000000
19.000000
21.000000
23.000000
15.000000
35.000000
14.000000
28.000000
49.000000
30.000000
28.000000
28.000000
28.000000
13.000000
18.000000
13.000000
20.000000
12.000000
4.000000
6.000000
21.000000
12.000000
16.000000
18.000000
14.000000
17.000000
24.000000
25.000000
15.000000
31.000000
29.000000
32.000000
41.000000
30.000000
