39.000000
41.000000
21.000000
26.000000
32.000000
27.000000
28.000000
26.000000
40.000000
31.000000
39.000000
24.000000
47.000000
39.000000
37.000000
32.000000
21.000000
21.000000
20.000000
13.000000
17.000000
21.000000
20.000000
21.000000
22.000000
36.000000
42.000000
44.000000
32.000000
21.000000
24.000000
17.000000
19.000000
33.000000
53.000000
63.000000
39.000000
42.000000
48.000000
39.000000
30.000000
20.000000
20.000000
16.000000
25.000000
21.000000
22.000000
30.000000
38.000000
44.000000
40.000000
34.000000
39.000000
42.000000
38.000000
29.000000
42.000000
46.000000
52.000000
40.000000
62.000000
42.000000
32.000000
32.000000
25.000000
14.000000
13.000000
17.000000
15.000000
18.000000
25.000000
36.000000
36.000000
42.000000
48.000000
27.000000
22.000000
23.000000
22.000000
21.000000
22.000000
21.000000
38.000000
36.000000
28.000000
33.000000
37.000000
31.000000
21.000000
16.000000
24.000000
9.000000
10.000000
19.000000
24.000000
36.000000
47.000000
37.000000
37.000000
32.000000
21.000000
27.000000
30.000000
22.000000
23.000000
24.000000
38.000000
28.000000
50.000000
46.000000
40.000000
48.000000
33.000000
25.000000
16.000000
33.000000
21.000000
18.000000
37.000000
38.000000
66.000000
45.000000
24.000000
23.000000
33.000000
38.000000
27.000000
43.000000
34.000000
65.000000
64.000000
81.000000
65.000000
67.000000
71.000000
59.000000
43.000000
37.000000
44.000000
26.000000
33.000000
44.000000
47.000000
72.000000
61.000000
59.000000
37.000000
55.000000
30.000000
31.000000
47.000000
42.000000
39.000000
67.000000
84.000000
105.000000
137.000000
128.000000
102.000000
60.000000
63.000000
59.000000
40.000000
50.000000
60.000000
71.000000
214.000000
572.000000
669.000000
408.000000
287.000000
218.000000
127.000000
104.000000
208.000000
140.000000
104.000000
116.000000
119.000000
162.000000
177.000000
142.000000
148.000000
96.000000
107.000000
189.000000
292.000000
349.000000
481.000000
227.000000
216.000000
206.000000
179.000000
175.000000
125.000000
91.000000
66.000000
62.000000
61.000000
54.000000
52.000000
67.000000
78.000000
99.000000
108.000000
105.000000
71.000000
62.000000
45.000000
33.000000
26.000000
40.000000
32.000000
43.000000
20.000000
39.000000
46.000000
26.000000
47.000000
28.000000
26.000000
18.000000
18.000000
8.000000
11.000000
25.000000
20.000000
20.000000
13.000000
43.000000
30.000000
22.000000
26.000000
19.000000
18.000000
21.000000
22.000000
19.000000
16.000000
22.000000
11.000000
29.000000
17.000000
6.000000
12.000000
5.000000
3.000000
9.000000
7.000000
6.000000
7.000000
12.000000
26.000000
19.000000
19.000000
16.000000
15.000000
12.000000
11.000000
6.000000
9.000000
8.000000
9.000000
12.000000
15.000000
12.000000
9.000000
5.000000
9.000000
12.000000
15.000000
3.000000
6.000000
10.000000
9.000000
7.000000
19.000000
8.000000
10.000000
12.000000
9.000000
9.000000
11.000000
8.000000
9.000000
9.000000
6.000000
13.000000
7.000000
7.000000
12.000000
7.000000
4.000000
11.000000
6.000000
5.000000
9.000000
4.000000
5.000000
12.000000
7.000000
14.000000
11.000000
14.000000
6.000000
8.000000
8.000000
4.000000
6.000000
5.000000
18.000000
20.000000
17.000000
17.000000
8.000000
4.000000
5.000000
7.000000
4.000000
8.000000
12.000000
14.000000
21.000000
12.000000
9.000000
8.000000
11.000000
8.000000
9.000000
11.000000
11.000000
5.000000
7.000000
16.000000
12.000000
5.000000
10.000000
