1167.000000
1589.000000
1145.000000
624.000000
491.000000
440.000000
344.000000
337.000000
317.000000
391.000000
407.000000
491.000000
502.000000
448.000000
463.000000
486.000000
503.000000
502.000000
445.000000
491.000000
511.000000
475.000000
395.000000
420.000000
410.000000
349.000000
280.000000
215.000000
223.000000
168.000000
230.000000
163.000000
143.000000
146.000000
128.000000
166.000000
208.000000
161.000000
191.000000
217.000000
267.000000
245.000000
272.000000
272.000000
216.000000
228.000000
257.000000
242.000000
211.000000
205.000000
158.000000
156.000000
139.000000
138.000000
120.000000
121.000000
103.000000
98.000000
99.000000
143.000000
118.000000
116.000000
154.000000
192.000000
212.000000
197.000000
190.000000
182.000000
193.000000
200.000000
189.000000
193.000000
196.000000
203.000000
175.000000
142.000000
130.000000
118.000000
110.000000
117.000000
100.000000
75.000000
78.000000
89.000000
152.000000
117.000000
136.000000
172.000000
203.000000
224.000000
207.000000
236.000000
253.000000
247.000000
231.000000
233.000000
241.000000
209.000000
183.000000
151.000000
169.000000
147.000000
190.000000
111.000000
103.000000
86.000000
97.000000
110.000000
139.000000
164.000000
147.000000
185.000000
214.000000
233.000000
271.000000
325.000000
359.000000
344.000000
299.000000
338.000000
279.000000
272.000000
262.000000
209.000000
204.000000
193.000000
189.000000
136.000000
140.000000
128.000000
142.000000
166.000000
190.000000
191.000000
231.000000
399.000000
382.000000
485.000000
449.000000
437.000000
473.000000
474.000000
404.000000
436.000000
417.000000
432.000000
411.000000
348.000000
377.000000
314.000000
337.000000
294.000000
281.000000
248.000000
257.000000
297.000000
336.000000
367.000000
454.000000
760.000000
1119.000000
1074.000000
1623.000000
2644.000000
4877.000000
4268.000000
3755.000000
4568.000000
8629.000000
3688.000000
2641.000000
2028.000000
1797.000000
1562.000000
1398.000000
1283.000000
1077.000000
1021.000000
937.000000
918.000000
875.000000
778.000000
830.000000
919.000000
933.000000
1073.000000
1039.000000
949.000000
831.000000
822.000000
790.000000
745.000000
687.000000
598.000000
592.000000
565.000000
600.000000
630.000000
528.000000
421.000000
360.000000
318.000000
254.000000
240.000000
277.000000
337.000000
309.000000
382.000000
522.000000
536.000000
551.000000
473.000000
486.000000
466.000000
443.000000
392.000000
362.000000
365.000000
297.000000
248.000000
196.000000
211.000000
178.000000
146.000000
205.000000
169.000000
156.000000
156.000000
114.000000
146.000000
146.000000
194.000000
180.000000
229.000000
217.000000
221.000000
192.000000
216.000000
230.000000
221.000000
182.000000
149.000000
156.000000
146.000000
123.000000
153.000000
118.000000
103.000000
83.000000
86.000000
104.000000
78.000000
66.000000
81.000000
94.000000
115.000000
124.000000
128.000000
168.000000
134.000000
114.000000
162.000000
121.000000
160.000000
154.000000
131.000000
81.000000
101.000000
98.000000
85.000000
73.000000
76.000000
69.000000
49.000000
74.000000
64.000000
52.000000
84.000000
79.000000
83.000000
113.000000
105.000000
99.000000
99.000000
120.000000
81.000000
114.000000
111.000000
118.000000
97.000000
106.000000
84.000000
75.000000
80.000000
55.000000
55.000000
49.000000
49.000000
41.000000
66.000000
62.000000
67.000000
74.000000
68.000000
80.000000
90.000000
92.000000
101.000000
106.000000
106.000000
114.000000
143.000000
162.000000
182.000000
100.000000
55.000000
62.000000
75.000000
70.000000
57.000000
72.000000
46.000000
43.000000
55.000000
59.000000
69.000000
64.000000
87.000000
70.000000
107.000000
88.000000
101.000000
91.000000
115.000000
92.000000
131.000000
155.000000
