11.000000
6.000000
10.000000
10.000000
13.000000
5.000000
11.000000
5.000000
4.000000
6.000000
3.000000
6.000000
3.000000
5.000000
8.000000
7.000000
2.000000
14.000000
7.000000
7.000000
12.000000
8.000000
5.000000
4.000000
10.000000
11.000000
10.000000
2.000000
1.000000
3.000000
3.000000
4.000000
5.000000
4.000000
4.000000
4.000000
5.000000
7.000000
5.000000
4.000000
10.000000
2.000000
9.000000
10.000000
9.000000
6.000000
10.000000
11.000000
5.000000
7.000000
9.000000
13.000000
4.000000
2.000000
2.000000
6.000000
6.000000
3.000000
2.000000
4.000000
7.000000
12.000000
10.000000
7.000000
14.000000
12.000000
12.000000
10.000000
10.000000
14.000000
7.000000
4.000000
11.000000
6.000000
5.000000
3.000000
3.000000
5.000000
6.000000
4.000000
2.000000
4.000000
4.000000
7.000000
7.000000
5.000000
6.000000
10.000000
14.000000
12.000000
12.000000
17.000000
25.000000
16.000000
8.000000
16.000000
8.000000
15.000000
22.000000
16.000000
10.000000
16.000000
9.000000
9.000000
4.000000
11.000000
7.000000
9.000000
8.000000
14.000000
5.000000
19.000000
18.000000
26.000000
23.000000
21.000000
34.000000
24.000000
24.000000
20.000000
20.000000
20.000000
31.000000
9.000000
22.000000
23.000000
12.000000
8.000000
18.000000
12.000000
19.000000
8.000000
16.000000
22.000000
16.000000
34.000000
43.000000
29.000000
37.000000
47.000000
48.000000
53.000000
69.000000
290.000000
174.000000
192.000000
169.000000
158.000000
123.000000
102.000000
92.000000
58.000000
57.000000
64.000000
55.000000
41.000000
71.000000
86.000000
108.000000
93.000000
99.000000
105.000000
111.000000
101.000000
109.000000
124.000000
155.000000
598.000000
1136.000000
584.000000
537.000000
453.000000
381.000000
296.000000
208.000000
152.000000
143.000000
122.000000
145.000000
165.000000
199.000000
244.000000
215.000000
244.000000
200.000000
217.000000
202.000000
184.000000
196.000000
174.000000
155.000000
134.000000
118.000000
127.000000
133.000000
92.000000
65.000000
60.000000
47.000000
59.000000
40.000000
27.000000
39.000000
34.000000
60.000000
55.000000
44.000000
59.000000
95.000000
91.000000
63.000000
79.000000
54.000000
62.000000
64.000000
68.000000
52.000000
66.000000
47.000000
41.000000
35.000000
32.000000
25.000000
27.000000
16.000000
15.000000
15.000000
28.000000
18.000000
27.000000
33.000000
34.000000
30.000000
48.000000
51.000000
38.000000
36.000000
30.000000
44.000000
40.000000
27.000000
39.000000
36.000000
25.000000
16.000000
19.000000
14.000000
11.000000
14.000000
16.000000
18.000000
15.000000
31.000000
22.000000
27.000000
26.000000
24.000000
38.000000
28.000000
40.000000
37.000000
25.000000
27.000000
32.000000
31.000000
29.000000
24.000000
23.000000
18.000000
15.000000
17.000000
10.000000
8.000000
6.000000
17.000000
14.000000
10.000000
17.000000
22.000000
20.000000
35.000000
33.000000
34.000000
21.000000
32.000000
31.000000
20.000000
24.000000
21.000000
35.000000
22.000000
22.000000
21.000000
8.000000
7.000000
11.000000
14.000000
7.000000
18.000000
14.000000
8.000000
9.000000
14.000000
17.000000
19.000000
17.000000
15.000000
16.000000
24.000000
20.000000
21.000000
12.000000
12.000000
16.000000
13.000000
17.000000
16.000000
15.000000
20.000000
12.000000
4.000000
4.000000
4.000000
4.000000
10.000000
12.000000
18.000000
16.000000
27.000000
27.000000
23.000000
28.000000
16.000000
15.000000
14.000000
22.000000
19.000000
