21.000000
14.000000
16.000000
25.000000
21.000000
10.000000
14.000000
12.000000
13.000000
10.000000
32.000000
23.000000
23.000000
21.000000
24.000000
37.000000
27.000000
37.000000
24.000000
20.000000
27.000000
25.000000
22.000000
32.000000
8.000000
17.000000
20.000000
16.000000
11.000000
12.000000
11.000000
7.000000
13.000000
9.000000
8.000000
27.000000
22.000000
19.000000
24.000000
30.000000
22.000000
32.000000
31.000000
18.000000
22.000000
19.000000
28.000000
18.000000
28.000000
15.000000
17.000000
10.000000
14.000000
14.000000
10.000000
10.000000
10.000000
8.000000
14.000000
28.000000
18.000000
27.000000
26.000000
36.000000
20.000000
34.000000
30.000000
17.000000
23.000000
20.000000
33.000000
23.000000
17.000000
22.000000
14.000000
7.000000
13.000000
11.000000
16.000000
8.000000
11.000000
11.000000
17.000000
18.000000
22.000000
24.000000
21.000000
35.000000
24.000000
33.000000
36.000000
29.000000
28.000000
26.000000
23.000000
32.000000
27.000000
30.000000
29.000000
17.000000
30.000000
19.000000
22.000000
20.000000
26.000000
27.000000
33.000000
38.000000
43.000000
54.000000
62.000000
69.000000
51.000000
67.000000
124.000000
131.000000
81.000000
58.000000
90.000000
74.000000
73.000000
41.000000
48.000000
36.000000
48.000000
39.000000
42.000000
25.000000
48.000000
40.000000
52.000000
57.000000
52.000000
66.000000
52.000000
64.000000
64.000000
81.000000
70.000000
124.000000
114.000000
126.000000
170.000000
194.000000
291.000000
416.000000
261.000000
174.000000
173.000000
183.000000
140.000000
153.000000
116.000000
182.000000
170.000000
209.000000
207.000000
201.000000
207.000000
171.000000
182.000000
218.000000
192.000000
236.000000
285.000000
489.000000
536.000000
1307.000000
1899.000000
837.000000
540.000000
428.000000
379.000000
346.000000
292.000000
299.000000
322.000000
379.000000
408.000000
372.000000
382.000000
369.000000
332.000000
336.000000
290.000000
304.000000
283.000000
266.000000
268.000000
233.000000
184.000000
185.000000
152.000000
114.000000
91.000000
88.000000
72.000000
60.000000
76.000000
46.000000
55.000000
73.000000
84.000000
75.000000
128.000000
89.000000
111.000000
118.000000
123.000000
90.000000
91.000000
121.000000
85.000000
86.000000
85.000000
84.000000
73.000000
43.000000
51.000000
29.000000
45.000000
46.000000
37.000000
35.000000
28.000000
42.000000
54.000000
51.000000
63.000000
69.000000
71.000000
77.000000
92.000000
68.000000
59.000000
72.000000
79.000000
56.000000
43.000000
52.000000
56.000000
42.000000
36.000000
30.000000
24.000000
19.000000
25.000000
25.000000
17.000000
34.000000
40.000000
28.000000
46.000000
50.000000
52.000000
56.000000
53.000000
61.000000
57.000000
51.000000
42.000000
55.000000
48.000000
44.000000
61.000000
48.000000
33.000000
20.000000
20.000000
17.000000
19.000000
28.000000
27.000000
23.000000
27.000000
38.000000
39.000000
18.000000
43.000000
49.000000
39.000000
40.000000
50.000000
58.000000
40.000000
25.000000
42.000000
58.000000
28.000000
25.000000
13.000000
20.000000
15.000000
10.000000
24.000000
19.000000
15.000000
23.000000
26.000000
19.000000
32.000000
29.000000
35.000000
25.000000
36.000000
32.000000
45.000000
31.000000
58.000000
77.000000
90.000000
46.000000
50.000000
42.000000
37.000000
28.000000
41.000000
17.000000
17.000000
26.000000
22.000000
25.000000
23.000000
45.000000
44.000000
36.000000
50.000000
40.000000
46.000000
32.000000
52.000000
53.000000
53.000000
92.000000
137.000000
194.000000
174.000000
