235.000000
173.000000
245.000000
233.000000
250.000000
172.000000
141.000000
104.000000
74.000000
43.000000
43.000000
26.000000
32.000000
59.000000
63.000000
107.000000
138.000000
342.000000
524.000000
509.000000
493.000000
529.000000
528.000000
464.000000
455.000000
176.000000
210.000000
258.000000
254.000000
210.000000
165.000000
142.000000
79.000000
44.000000
36.000000
35.000000
47.000000
47.000000
101.000000
112.000000
122.000000
403.000000
460.000000
509.000000
564.000000
494.000000
462.000000
510.000000
566.000000
347.000000
276.000000
315.000000
316.000000
271.000000
212.000000
160.000000
106.000000
57.000000
40.000000
38.000000
51.000000
82.000000
85.000000
135.000000
157.000000
522.000000
565.000000
611.000000
379.000000
267.000000
538.000000
466.000000
525.000000
361.000000
429.000000
472.000000
484.000000
340.000000
307.000000
270.000000
157.000000
90.000000
74.000000
69.000000
68.000000
139.000000
196.000000
214.000000
247.000000
608.000000
698.000000
746.000000
707.000000
669.000000
697.000000
804.000000
792.000000
656.000000
556.000000
462.000000
496.000000
426.000000
415.000000
287.000000
239.000000
161.000000
111.000000
113.000000
100.000000
166.000000
261.000000
304.000000
411.000000
600.000000
826.000000
898.000000
837.000000
679.000000
646.000000
942.000000
1000.000000
950.000000
918.000000
1041.000000
714.000000
514.000000
478.000000
296.000000
241.000000
163.000000
130.000000
141.000000
157.000000
172.000000
266.000000
412.000000
655.000000
729.000000
875.000000
960.000000
1013.000000
986.000000
1046.000000
1300.000000
1228.000000
1652.000000
2418.000000
1911.000000
2128.000000
1389.000000
1001.000000
795.000000
495.000000
420.000000
324.000000
282.000000
247.000000
270.000000
537.000000
847.000000
1066.000000
1442.000000
1555.000000
1637.000000
1781.000000
1839.000000
1727.000000
2273.000000
6514.000000
4394.000000
3910.000000
3850.000000
2428.000000
1892.000000
1303.000000
985.000000
758.000000
609.000000
431.000000
356.000000
315.000000
404.000000
487.000000
585.000000
686.000000
680.000000
642.000000
587.000000
552.000000
526.000000
481.000000
477.000000
403.000000
398.000000
337.000000
332.000000
312.000000
249.000000
201.000000
150.000000
95.000000
98.000000
97.000000
55.000000
60.000000
98.000000
98.000000
111.000000
118.000000
112.000000
114.000000
147.000000
146.000000
129.000000
114.000000
122.000000
116.000000
145.000000
114.000000
148.000000
131.000000
105.000000
82.000000
75.000000
40.000000
38.000000
31.000000
28.000000
29.000000
32.000000
31.000000
58.000000
65.000000
77.000000
61.000000
82.000000
72.000000
72.000000
63.000000
70.000000
76.000000
52.000000
83.000000
74.000000
69.000000
61.000000
41.000000
31.000000
27.000000
25.000000
18.000000
14.000000
13.000000
19.000000
22.000000
22.000000
58.000000
73.000000
57.000000
39.000000
47.000000
48.000000
44.000000
34.000000
48.000000
47.000000
78.000000
76.000000
49.000000
49.000000
51.000000
37.000000
33.000000
17.000000
14.000000
14.000000
21.000000
23.000000
36.000000
37.000000
46.000000
24.000000
59.000000
36.000000
26.000000
36.000000
56.000000
46.000000
27.000000
41.000000
37.000000
33.000000
37.000000
42.000000
28.000000
26.000000
19.000000
11.000000
15.000000
15.000000
4.000000
9.000000
12.000000
18.000000
27.000000
17.000000
21.000000
35.000000
39.000000
27.000000
38.000000
27.000000
28.000000
31.000000
32.000000
39.000000
28.000000
28.000000
31.000000
35.000000
15.000000
17.000000
16.000000
10.000000
14.000000
6.000000
13.000000
15.000000
18.000000
18.000000
20.000000
37.000000
54.000000
41.000000
32.000000
39.000000
33.000000
