39.000000
37.000000
37.000000
48.000000
23.000000
19.000000
19.000000
20.000000
21.000000
10.000000
15.000000
13.000000
16.000000
23.000000
22.000000
28.000000
42.000000
32.000000
22.000000
33.000000
34.000000
30.000000
24.000000
26.000000
22.000000
22.000000
38.000000
20.000000
18.000000
10.000000
8.000000
11.000000
19.000000
13.000000
10.000000
14.000000
4.000000
15.000000
27.000000
17.000000
14.000000
29.000000
25.000000
21.000000
26.000000
21.000000
20.000000
21.000000
21.000000
24.000000
27.000000
14.000000
21.000000
12.000000
13.000000
15.000000
11.000000
7.000000
10.000000
5.000000
9.000000
10.000000
12.000000
16.000000
20.000000
19.000000
24.000000
34.000000
32.000000
19.000000
21.000000
31.000000
17.000000
20.000000
24.000000
17.000000
19.000000
17.000000
21.000000
10.000000
6.000000
10.000000
11.000000
6.000000
8.000000
15.000000
20.000000
22.000000
23.000000
34.000000
27.000000
36.000000
26.000000
22.000000
32.000000
28.000000
30.000000
38.000000
32.000000
46.000000
34.000000
29.000000
31.000000
20.000000
23.000000
16.000000
23.000000
24.000000
23.000000
36.000000
39.000000
44.000000
42.000000
41.000000
60.000000
55.000000
54.000000
65.000000
78.000000
63.000000
64.000000
48.000000
51.000000
55.000000
51.000000
48.000000
34.000000
33.000000
33.000000
27.000000
44.000000
24.000000
35.000000
38.000000
46.000000
67.000000
65.000000
65.000000
81.000000
83.000000
153.000000
118.000000
185.000000
612.000000
386.000000
308.000000
245.000000
233.000000
191.000000
176.000000
152.000000
134.000000
114.000000
87.000000
86.000000
111.000000
93.000000
130.000000
107.000000
137.000000
154.000000
200.000000
177.000000
221.000000
270.000000
356.000000
430.000000
1267.000000
1600.000000
901.000000
689.000000
611.000000
580.000000
458.000000
326.000000
291.000000
232.000000
207.000000
215.000000
247.000000
199.000000
230.000000
267.000000
294.000000
270.000000
256.000000
244.000000
214.000000
234.000000
197.000000
165.000000
186.000000
156.000000
176.000000
137.000000
133.000000
124.000000
118.000000
109.000000
61.000000
53.000000
60.000000
64.000000
49.000000
78.000000
87.000000
98.000000
90.000000
133.000000
99.000000
133.000000
124.000000
114.000000
111.000000
109.000000
123.000000
124.000000
82.000000
84.000000
81.000000
81.000000
63.000000
49.000000
38.000000
30.000000
37.000000
33.000000
37.000000
35.000000
50.000000
51.000000
46.000000
52.000000
69.000000
65.000000
84.000000
82.000000
80.000000
95.000000
111.000000
92.000000
93.000000
64.000000
63.000000
58.000000
35.000000
33.000000
32.000000
21.000000
22.000000
41.000000
30.000000
36.000000
32.000000
39.000000
39.000000
44.000000
46.000000
64.000000
48.000000
37.000000
35.000000
78.000000
55.000000
55.000000
43.000000
56.000000
27.000000
29.000000
30.000000
25.000000
26.000000
23.000000
11.000000
18.000000
14.000000
14.000000
23.000000
19.000000
26.000000
29.000000
34.000000
48.000000
35.000000
33.000000
39.000000
41.000000
30.000000
27.000000
26.000000
35.000000
24.000000
12.000000
24.000000
18.000000
16.000000
24.000000
22.000000
15.000000
18.000000
13.000000
23.000000
17.000000
18.000000
26.000000
33.000000
30.000000
31.000000
36.000000
44.000000
31.000000
29.000000
30.000000
17.000000
29.000000
25.000000
34.000000
23.000000
15.000000
24.000000
18.000000
28.000000
18.000000
21.000000
11.000000
8.000000
18.000000
28.000000
26.000000
43.000000
39.000000
38.000000
39.000000
28.000000
42.000000
30.000000
18.000000
