85.000000
68.000000
66.000000
36.000000
37.000000
36.000000
24.000000
35.000000
29.000000
44.000000
40.000000
41.000000
56.000000
57.000000
52.000000
63.000000
51.000000
54.000000
41.000000
33.000000
28.000000
23.000000
30.000000
33.000000
17.000000
24.000000
8.000000
10.000000
10.000000
13.000000
9.000000
5.000000
4.000000
15.000000
15.000000
15.000000
13.000000
23.000000
28.000000
18.000000
23.000000
16.000000
19.000000
17.000000
10.000000
7.000000
16.000000
16.000000
10.000000
9.000000
8.000000
9.000000
7.000000
5.000000
8.000000
13.000000
3.000000
9.000000
11.000000
14.000000
8.000000
18.000000
11.000000
20.000000
26.000000
20.000000
18.000000
18.000000
16.000000
15.000000
12.000000
10.000000
20.000000
20.000000
11.000000
5.000000
3.000000
7.000000
3.000000
6.000000
10.000000
16.000000
15.000000
22.000000
24.000000
17.000000
18.000000
21.000000
19.000000
26.000000
23.000000
14.000000
18.000000
28.000000
26.000000
21.000000
22.000000
13.000000
18.000000
12.000000
8.000000
14.000000
5.000000
12.000000
11.000000
18.000000
14.000000
12.000000
16.000000
14.000000
22.000000
22.000000
24.000000
24.000000
39.000000
31.000000
31.000000
27.000000
32.000000
40.000000
33.000000
20.000000
29.000000
17.000000
19.000000
14.000000
16.000000
13.000000
25.000000
26.000000
27.000000
37.000000
35.000000
30.000000
32.000000
47.000000
39.000000
50.000000
51.000000
55.000000
89.000000
116.000000
404.000000
211.000000
192.000000
151.000000
110.000000
98.000000
91.000000
84.000000
56.000000
61.000000
59.000000
66.000000
97.000000
100.000000
106.000000
125.000000
102.000000
111.000000
104.000000
120.000000
124.000000
114.000000
146.000000
243.000000
258.000000
590.000000
1816.000000
829.000000
509.000000
371.000000
315.000000
262.000000
188.000000
199.000000
208.000000
291.000000
317.000000
315.000000
311.000000
293.000000
267.000000
284.000000
270.000000
237.000000
217.000000
243.000000
190.000000
201.000000
164.000000
144.000000
129.000000
116.000000
80.000000
67.000000
61.000000
48.000000
54.000000
46.000000
49.000000
63.000000
48.000000
70.000000
68.000000
70.000000
85.000000
76.000000
79.000000
70.000000
69.000000
93.000000
63.000000
86.000000
71.000000
50.000000
60.000000
54.000000
47.000000
29.000000
24.000000
32.000000
32.000000
39.000000
26.000000
32.000000
39.000000
43.000000
48.000000
46.000000
52.000000
77.000000
75.000000
52.000000
61.000000
57.000000
62.000000
48.000000
42.000000
47.000000
52.000000
35.000000
42.000000
26.000000
24.000000
20.000000
26.000000
25.000000
23.000000
36.000000
31.000000
31.000000
21.000000
35.000000
40.000000
50.000000
38.000000
49.000000
43.000000
41.000000
36.000000
61.000000
50.000000
42.000000
38.000000
35.000000
26.000000
22.000000
25.000000
21.000000
11.000000
9.000000
17.000000
11.000000
28.000000
18.000000
32.000000
27.000000
26.000000
29.000000
32.000000
34.000000
30.000000
24.000000
32.000000
32.000000
23.000000
28.000000
24.000000
23.000000
14.000000
17.000000
21.000000
11.000000
16.000000
13.000000
8.000000
24.000000
18.000000
17.000000
12.000000
26.000000
33.000000
24.000000
29.000000
20.000000
28.000000
34.000000
22.000000
16.000000
17.000000
29.000000
31.000000
25.000000
27.000000
19.000000
20.000000
14.000000
13.000000
13.000000
12.000000
13.000000
11.000000
18.000000
12.000000
27.000000
18.000000
25.000000
27.000000
24.000000
27.000000
25.000000
27.000000
32.000000
21.000000
47.000000
26.000000
