1.000000
1.000000
7.000000
3.000000
2.000000
5.000000
5.000000
0.000000
1.000000
1.000000
0.000000
1.000000
1.000000
1.000000
1.000000
1.000000
1.000000
1.000000
1.000000
1.000000
5.000000
1.000000
1.000000
2.000000
1.000000
3.000000
4.000000
1.000000
1.000000
0.000000
3.000000
1.000000
0.000000
1.000000
0.000000
0.000000
2.000000
4.000000
1.000000
0.000000
1.000000
1.000000
1.000000
0.000000
3.000000
1.000000
1.000000
2.000000
1.000000
2.000000
1.000000
1.000000
0.000000
0.000000
4.000000
1.000000
1.000000
1.000000
0.000000
3.000000
4.000000
3.000000
2.000000
3.000000
3.000000
1.000000
0.000000
1.000000
2.000000
3.000000
2.000000
2.000000
1.000000
7.000000
0.000000
3.000000
1.000000
1.000000
3.000000
1.000000
1.000000
1.000000
2.000000
0.000000
0.000000
3.000000
1.000000
1.000000
2.000000
2.000000
0.000000
2.000000
7.000000
3.000000
2.000000
3.000000
1.000000
3.000000
2.000000
2.000000
5.000000
3.000000
2.000000
0.000000
1.000000
2.000000
2.000000
0.000000
1.000000
0.000000
2.000000
2.000000
1.000000
4.000000
1.000000
4.000000
2.000000
4.000000
3.000000
3.000000
7.000000
0.000000
0.000000
0.000000
0.000000
0.000000
3.000000
4.000000
0.000000
4.000000
2.000000
4.000000
2.000000
1.000000
0.000000
7.000000
3.000000
1.000000
8.000000
5.000000
7.000000
9.000000
7.000000
16.000000
46.000000
26.000000
18.000000
29.000000
15.000000
8.000000
9.000000
12.000000
10.000000
9.000000
7.000000
7.000000
7.000000
4.000000
8.000000
7.000000
12.000000
8.000000
10.000000
24.000000
59.000000
56.000000
98.000000
132.000000
332.000000
211.000000
134.000000
101.000000
89.000000
102.000000
64.000000
55.000000
43.000000
55.000000
34.000000
34.000000
28.000000
32.000000
26.000000
39.000000
30.000000
48.000000
46.000000
59.000000
46.000000
35.000000
42.000000
52.000000
37.000000
29.000000
26.000000
25.000000
14.000000
18.000000
21.000000
15.000000
21.000000
10.000000
13.000000
6.000000
9.000000
12.000000
12.000000
7.000000
6.000000
10.000000
18.000000
14.000000
21.000000
21.000000
19.000000
19.000000
24.000000
12.000000
17.000000
11.000000
10.000000
24.000000
11.000000
12.000000
3.000000
13.000000
6.000000
2.000000
8.000000
6.000000
7.000000
1.000000
3.000000
8.000000
9.000000
7.000000
13.000000
9.000000
7.000000
9.000000
9.000000
16.000000
12.000000
8.000000
6.000000
10.000000
5.000000
6.000000
10.000000
7.000000
4.000000
7.000000
8.000000
2.000000
5.000000
1.000000
4.000000
3.000000
9.000000
2.000000
7.000000
4.000000
12.000000
7.000000
9.000000
6.000000
9.000000
8.000000
5.000000
6.000000
12.000000
5.000000
6.000000
2.000000
5.000000
1.000000
5.000000
2.000000
1.000000
2.000000
1.000000
2.000000
1.000000
5.000000
4.000000
4.000000
9.000000
2.000000
8.000000
7.000000
11.000000
7.000000
5.000000
6.000000
3.000000
2.000000
3.000000
9.000000
6.000000
3.000000
10.000000
0.000000
0.000000
2.000000
5.000000
3.000000
10.000000
7.000000
11.000000
5.000000
10.000000
15.000000
3.000000
5.000000
11.000000
1.000000
6.000000
3.000000
6.000000
5.000000
5.000000
1.000000
0.000000
8.000000
1.000000
3.000000
5.000000
2.000000
1.000000
2.000000
3.000000
3.000000
6.000000
7.000000
6.000000
5.000000
8.000000
