388.000000
333.000000
409.000000
242.000000
187.000000
94.000000
111.000000
67.000000
42.000000
48.000000
71.000000
109.000000
160.000000
192.000000
182.000000
189.000000
193.000000
305.000000
213.000000
238.000000
229.000000
237.000000
203.000000
326.000000
648.000000
449.000000
631.000000
444.000000
286.000000
178.000000
158.000000
97.000000
59.000000
73.000000
92.000000
159.000000
181.000000
263.000000
301.000000
284.000000
309.000000
299.000000
292.000000
267.000000
278.000000
269.000000
252.000000
303.000000
369.000000
379.000000
357.000000
286.000000
214.000000
166.000000
87.000000
79.000000
72.000000
68.000000
99.000000
148.000000
196.000000
255.000000
258.000000
246.000000
246.000000
243.000000
380.000000
299.000000
270.000000
308.000000
311.000000
356.000000
429.000000
515.000000
383.000000
311.000000
225.000000
163.000000
134.000000
90.000000
60.000000
54.000000
71.000000
106.000000
184.000000
206.000000
211.000000
216.000000
255.000000
261.000000
294.000000
305.000000
335.000000
350.000000
361.000000
440.000000
449.000000
446.000000
501.000000
399.000000
245.000000
222.000000
110.000000
88.000000
75.000000
113.000000
86.000000
103.000000
182.000000
308.000000
315.000000
322.000000
346.000000
633.000000
590.000000
777.000000
889.000000
680.000000
757.000000
757.000000
644.000000
649.000000
587.000000
546.000000
361.000000
248.000000
288.000000
197.000000
130.000000
134.000000
195.000000
318.000000
415.000000
493.000000
606.000000
674.000000
711.000000
785.000000
1193.000000
1193.000000
1149.000000
1070.000000
1163.000000
1340.000000
2188.000000
2189.000000
1829.000000
1069.000000
571.000000
463.000000
309.000000
260.000000
177.000000
223.000000
398.000000
460.000000
691.000000
910.000000
1010.000000
1054.000000
1122.000000
976.000000
1047.000000
1193.000000
1358.000000
1656.000000
2068.000000
3163.000000
5471.000000
3979.000000
3491.000000
4058.000000
2832.000000
1018.000000
716.000000
491.000000
419.000000
425.000000
769.000000
1041.000000
1144.000000
1323.000000
1371.000000
1267.000000
1242.000000
1125.000000
900.000000
891.000000
804.000000
805.000000
785.000000
836.000000
824.000000
729.000000
573.000000
384.000000
339.000000
210.000000
156.000000
109.000000
65.000000
91.000000
107.000000
179.000000
211.000000
254.000000
233.000000
264.000000
212.000000
272.000000
279.000000
274.000000
209.000000
250.000000
305.000000
334.000000
286.000000
284.000000
210.000000
195.000000
143.000000
93.000000
94.000000
56.000000
58.000000
45.000000
60.000000
97.000000
116.000000
113.000000
117.000000
169.000000
162.000000
152.000000
132.000000
174.000000
139.000000
169.000000
208.000000
224.000000
266.000000
264.000000
271.000000
181.000000
159.000000
90.000000
53.000000
76.000000
41.000000
30.000000
33.000000
49.000000
67.000000
96.000000
114.000000
129.000000
87.000000
120.000000
99.000000
97.000000
108.000000
126.000000
111.000000
149.000000
125.000000
123.000000
108.000000
93.000000
78.000000
57.000000
123.000000
22.000000
25.000000
19.000000
20.000000
37.000000
39.000000
50.000000
51.000000
71.000000
142.000000
77.000000
96.000000
117.000000
112.000000
102.000000
88.000000
93.000000
88.000000
161.000000
180.000000
77.000000
80.000000
28.000000
30.000000
49.000000
29.000000
28.000000
17.000000
36.000000
70.000000
56.000000
66.000000
67.000000
63.000000
89.000000
73.000000
69.000000
73.000000
96.000000
66.000000
99.000000
89.000000
105.000000
79.000000
69.000000
50.000000
50.000000
37.000000
14.000000
21.000000
16.000000
20.000000
32.000000
41.000000
41.000000
40.000000
100.000000
55.000000
35.000000
65.000000
58.000000
54.000000
46.000000
62.000000
52.000000
57.000000
