-147  2075.000000  2474.610041
-146  2299.000000  2499.919677
-145  2290.000000  2507.303722
-144  2350.000000  2496.338265
-143  2176.000000  2467.851783
-142  2109.000000  2423.870504
-141  1970.000000  2367.482293
-140  1862.000000  2302.628212
-139  1922.000000  2233.835826
-138  1755.000000  2165.912308
-137  1818.000000  2103.618113
-136  1820.000000  2051.343374
-135  1890.000000  2012.808972
-134  1483.000000  1990.812619
-133  1280.000000  1987.037243
-132  1185.000000  2001.934769
-131  1367.000000  2034.693311
-130  1449.000000  2083.290108
-129  1648.000000  2144.626788
-128  1592.000000  2214.737898
-127  1735.000000  2289.058718
-126  1865.000000  2362.734291
-125  2124.000000  2430.948820
-124  2390.000000  2489.253141
-123  2343.000000  2533.868086
-122  2270.000000  2561.943132
-121  2259.000000  2571.752723
-120  2287.000000  2562.816836
-119  2233.000000  2535.937432
-118  2016.000000  2493.148146
-117  1962.000000  2437.580370
-116  1811.000000  2373.254597
-115  1652.000000  2304.810906
-114  1613.000000  2237.196666
-113  1771.000000  2175.332423
-112  1781.000000  2123.778494
-111  1828.000000  2086.424793
-110  1432.000000  2066.224912
-109  1443.000000  2064.992572
-108  1529.000000  2083.274385
-107  1464.000000  2120.307817
-106  1595.000000  2174.067482
-105  1600.000000  2241.397007
-104  1845.000000  2318.217932
-103  1983.000000  2399.801862
-102  1921.000000  2481.087853
-101  2220.000000  2557.023821
-100  2515.000000  2622.909141
-99  2477.000000  2674.715359
-98  2439.000000  2709.363358
-97  2487.000000  2724.938101
-96  2299.000000  2720.826188
-95  2275.000000  2697.766563
-94  2361.000000  2657.810460
-93  2251.000000  2604.192734
-92  2125.000000  2541.122667
-91  1875.000000  2473.507769
-90  1866.000000  2406.628636
-89  2062.000000  2345.786323
-88  1988.000000  2295.945650
-87  1914.000000  2261.398293
-86  1854.000000  2245.468350
-85  1572.000000  2250.280415
-84  1618.000000  2276.606159
-83  1778.000000  2323.800350
-82  1990.000000  2389.831356
-81  2118.000000  2471.404956
-80  2229.000000  2564.174078
-79  2379.000000  2663.021307
-78  2508.000000  2762.396092
-77  2789.000000  2856.684734
-76  3193.000000  2940.588922
-75  3124.000000  3009.487692
-74  3122.000000  3059.758594
-73  3044.000000  3089.036215
-72  3011.000000  3096.390148
-71  2945.000000  3082.409552
-70  2945.000000  3049.187492
-69  2945.000000  3000.204731
-68  3049.000000  2940.119285
-67  2728.000000  2874.474301
-66  2528.000000  2809.342405
-65  2826.000000  2750.929063
-64  3055.000000  2705.160535
-63  3033.000000  2677.283426
-62  2587.000000  2671.502472
-61  2789.000000  2690.681160
-60  2632.000000  2736.126090
-59  2912.000000  2807.470844
-58  3276.000000  2902.668945
-57  3582.000000  3018.098523
-56  3769.000000  3148.774060
-55  3856.000000  3288.653499
-54  4468.000000  3431.022568
-53  4891.000000  3568.932700
-52  5498.000000  3695.664970
-51  5475.000000  3805.190111
-50  5471.000000  3892.594251
-49  5431.000000  3954.441511
-48  5515.000000  3989.047999
-47  5302.000000  3996.646859
-46  5057.000000  3979.430582
-45  5295.000000  3941.464425
-44  5095.000000  3888.472964
-43  5007.000000  3827.510163
-42  4715.000000  3766.531181
-41  4915.000000  3713.891128
-40  5278.000000  3677.801464
-39  5627.000000  3665.778512
-38  5690.000000  3684.120142
-37  5237.000000  3737.446089
-36  5407.000000  3828.334389
-35  5713.000000  3957.081320
-34  6066.000000  4121.605125
-33  6522.000000  4317.505164
-32  6046.000000  4538.278427
-31  6092.000000  4775.685127
-30  6754.000000  5020.245006
-29  7544.000000  5261.836717
-28  8461.000000  5490.364760
-27  8723.000000  5696.452544
-26  8585.000000  5872.116689
-25  8799.000000  6011.376977
-24  8060.000000  6110.758604
-23  7610.000000  6169.648516
-22  7583.000000  6190.475529
-21  7185.000000  6178.694145
-20  6572.000000  6142.563999
-19  6487.000000  6092.730026
-18  5735.000000  6041.621883
-17  5514.000000  6002.704051
-16  5610.000000  5989.619562
-15  5607.000000  6015.279504
-14  5267.000000  6090.956814
-13  4824.000000  6225.445548
-12  4366.000000  6424.345758
-11  4348.000000  6689.528850
-10  4310.000000  7018.829207
-9  4431.000000  7405.995168
-8  4489.000000  7840.916889
-7  4787.000000  8310.130908
-6  5527.000000  8797.582647
-5  6892.000000  9285.609548
-4  7716.000000  9756.090509
-3  8253.000000  10191.692865
-2  8773.000000  10577.137484
-1  9030.000000  10900.396650
0  9053.000000  11153.738833
1  9420.000000  11334.539696
2  9429.000000  11445.789766
3  9124.000000  11496.245567
4  9110.000000  11500.192176
5  9338.000000  11476.809720
6  9847.000000  11449.163043
7  11098.000000  11442.860825
8  12894.000000  11484.456100
9  14272.000000  11599.682497
10  15011.000000  11811.637910
11  15228.000000  12139.038122
12  14234.000000  12594.666053
13  13553.000000  13184.136944
14  14156.000000  13905.085854
15  14217.000000  14746.861539
16  13683.000000  15690.781251
17  13788.000000  16710.965663
18  16930.000000  17775.734047
19  22105.000000  18849.499543
20  26426.000000  19895.065429
22  27292.000000  27061.598353
23  25947.000000  24847.527986
24  22908.000000  22653.411545
25  20321.000000  20512.474325
26  17599.000000  18458.764147
27  15415.000000  16523.841908
28  14188.000000  14734.261557
29  12816.000000  13109.873913
30  11423.000000  11662.926937
31  10907.000000  10397.885546
32  10593.000000  9311.858235
33  9560.000000  8395.495776
34  8180.000000  7634.218287
35  6747.000000  7009.629348
36  5527.000000  6500.987500
37  5047.000000  6086.623988
38  4524.000000  5745.218500
39  4455.000000  5456.869543
40  4394.000000  5203.921011
41  4402.000000  4971.529543
42  4630.000000  4747.977361
43  4834.000000  4524.751404
44  5227.000000  4296.421466
45  5103.000000  4060.357528
46  4981.000000  3816.329977
47  4675.000000  3566.036279
48  4214.000000  3312.594770
49  4026.000000  3060.041106
50  3531.000000  2812.856499
51  3174.000000  2575.549757
52  2715.000000  2352.307999
53  2389.000000  2146.724217
54  2116.000000  1961.603982
55  1973.000000  1798.848741
56  2013.000000  1659.409413
57  2373.000000  1543.301443
58  1822.000000  1449.670887
59  1699.000000  1376.900468
60  1422.000000  1322.744577
61  1554.000000  1284.482794
62  1546.000000  1259.082408
63  1506.000000  1243.361551
64  1310.000000  1234.145758
65  1391.000000  1228.411929
66  1532.000000  1223.414831
67  1588.000000  1216.792304
68  1806.000000  1206.646346
69  1712.000000  1191.598169
70  1618.000000  1170.816268
71  1706.000000  1144.017434
72  1552.000000  1111.441611
73  1417.000000  1073.802419
74  1380.000000  1032.216134
75  1170.000000  988.112800
76  1071.000000  943.133997
77  1106.000000  899.022433
78  895.000000  857.509056
79  1058.000000  820.203566
80  883.000000  788.494183
81  989.000000  763.462133
82  930.000000  745.815605
83  702.000000  735.846933
84  754.000000  733.415496
85  774.000000  737.957361
86  742.000000  748.521104
87  786.000000  763.827696
88  802.000000  782.350809
89  686.000000  802.412590
90  782.000000  822.288961
91  907.000000  840.317788
92  1016.000000  855.003065
93  1008.000000  865.108404
94  1023.000000  869.733800
95  932.000000  868.370625
96  864.000000  860.931238
97  963.000000  847.751182
98  803.000000  829.563774
99  736.000000  807.448668
100  644.000000  782.757739
101  557.000000  757.023119
102  586.000000  731.853451
103  551.000000  708.825233
104  603.000000  689.376455
105  531.000000  674.709638
106  817.000000  665.710752
107  533.000000  662.889465
108  550.000000  666.344722
109  523.000000  675.758014
110  547.000000  690.414787
111  534.000000  709.252573
112  553.000000  730.932614
113  542.000000  753.930160
114  672.000000  776.637348
115  706.000000  797.471714
116  703.000000  814.983001
117  754.000000  827.951029
118  708.000000  835.467996
119  712.000000  836.999621
120  729.000000  832.420979
121  681.000000  822.024586
122  704.000000  806.500173
123  557.000000  786.887519
124  511.000000  764.505527
125  437.000000  740.862362
126  434.000000  717.552751
127  493.000000  696.149410
128  513.000000  678.095996
129  456.000000  664.608832
130  581.000000  656.594124
131  361.000000  654.586271
132  400.000000  658.711484
133  448.000000  668.679187
134  519.000000  683.801783
135  470.000000  703.041449
136  490.000000  725.080776
137  451.000000  748.412438
138  515.000000  771.441798
139  544.000000  792.595459
140  665.000000  810.428370
141  663.000000  823.722197
142  639.000000  831.568250
143  655.000000  833.429328
144  605.000000  829.176264
145  564.000000  819.096675
146  580.000000  803.875334
147  530.000000  784.547481
148  405.000000  762.428266
149  402.000000  739.023127
150  396.000000  715.925206
151  368.000000  694.706792
152  387.000000  676.812181
153  358.000000  663.459272
154  451.000000  655.556572
155  567.000000  653.641295
156  792.000000  657.842755
157  352.000000  667.873555
158  465.000000  683.049165
159  432.000000  702.334569
160  438.000000  724.414786
161  457.000000  747.784473
162  547.000000  770.850499
163  572.000000  792.040498
164  648.000000  809.910013
165  674.000000  823.240919
166  705.000000  831.124425
167  802.000000  833.022998
168  1403.000000  828.806987
169  732.000000  818.763453
170  1079.000000  803.576605
171  982.000000  784.281165
172  937.000000  762.191856
173  1261.000000  738.813806
174  875.000000  715.739978
175  673.000000  694.542609
176  580.000000  676.666072
177  775.000000  663.328442
178  725.000000  655.438489
179  597.000000  653.533748
180  675.000000  657.743886
181  766.000000  667.781867
182  870.000000  682.963511
183  950.000000  702.254120
184  955.000000  724.338991
185  852.000000  747.713006
186  896.000000  770.783204
187  999.000000  791.977339
188  1142.000000  809.851020
189  1120.000000  823.186145
