-139  73.000000  66.901869
-138  72.000000  71.511495
-137  72.000000  75.467044
-136  67.000000  78.498961
-135  96.000000  80.400636
-134  64.000000  81.042482
-133  66.000000  80.380765
-132  73.000000  78.460587
-131  68.000000  75.412812
-130  61.000000  71.445149
-129  70.000000  66.827997
-128  66.000000  61.876021
-127  50.000000  56.926705
-126  33.000000  52.317359
-125  26.000000  48.362129
-124  25.000000  45.330593
-123  20.000000  43.429387
-122  31.000000  42.788126
-121  16.000000  43.450571
-120  32.000000  45.371643
-119  55.000000  48.420500
-118  67.000000  52.389445
-117  86.000000  57.008086
-116  73.000000  61.961756
-115  59.000000  66.912955
-114  68.000000  71.524351
-113  76.000000  75.481764
-112  57.000000  78.515573
-111  49.000000  80.419096
-110  69.000000  81.062670
-109  53.000000  80.402489
-108  46.000000  78.483593
-107  44.000000  75.436803
-106  80.000000  71.469808
-105  69.000000  66.853023
-104  58.000000  61.901160
-103  53.000000  56.951798
-102  42.000000  52.342379
-101  22.000000  48.387222
-100  29.000000  45.356111
-99  18.000000  43.455911
-98  28.000000  42.816479
-97  13.000000  43.481808
-96  31.000000  45.407032
-95  38.000000  48.461474
-94  74.000000  52.437544
-93  55.000000  57.064870
-92  73.000000  62.028717
-91  56.000000  66.991409
-90  99.000000  71.615334
-89  56.000000  75.585935
-88  69.000000  78.633134
-87  54.000000  80.549734
-86  64.000000  81.205536
-85  47.000000  80.556225
-84  77.000000  78.646404
-83  45.000000  75.606583
-82  74.000000  71.644319
-81  59.000000  67.030121
-80  57.000000  62.079064
-79  48.000000  57.129375
-78  33.000000  52.519440
-77  29.000000  48.564801
-76  24.000000  45.536697
-75  43.000000  43.643619
-74  11.000000  43.017124
-73  19.000000  43.702866
-72  33.000000  45.657471
-71  38.000000  48.751443
-70  53.000000  52.777929
-69  76.000000  57.466724
-68  80.000000  62.502586
-67  65.000000  67.546608
-66  66.000000  72.259199
-65  58.000000  76.323135
-64  72.000000  79.465091
-63  73.000000  81.474229
-62  73.000000  82.216572
-61  64.000000  81.644189
-60  64.000000  79.798589
-59  67.000000  76.808083
-58  74.000000  72.879297
-57  70.000000  68.283415
-56  69.000000  63.338060
-55  56.000000  58.386057
-54  60.000000  53.772473
-53  35.000000  49.821493
-52  23.000000  46.814670
-51  28.000000  44.971994
-50  26.000000  44.437052
-49  26.000000  45.267254
-48  25.000000  47.429778
-47  64.000000  50.803497
-46  87.000000  55.186770
-45  93.000000  60.310564
-44  101.000000  65.856070
-43  76.000000  71.475644
-42  99.000000  76.815712
-41  90.000000  81.540159
-40  96.000000  85.352688
-39  102.000000  88.016708
-38  119.000000  89.371480
-37  99.000000  89.343500
-36  100.000000  87.952379
-35  111.000000  85.310868
-34  113.000000  81.619003
-33  120.000000  77.152734
-32  0.000000  72.247735
-31  85.000000  67.279357
-30  71.000000  62.639947
-29  80.000000  58.714866
-28  31.000000  55.858643
-27  42.000000  54.372647
-26  47.000000  54.485611
-25  32.000000  56.338127
-24  60.000000  59.972056
-23  107.000000  65.325494
-22  81.000000  72.233678
-21  132.000000  80.435875
-20  162.000000  89.588036
-19  144.000000  99.280686
-18  140.000000  109.061281
-17  101.000000  118.460043
-16  145.000000  127.018093
-15  135.000000  134.316580
-14  138.000000  140.005399
-13  151.000000  143.830052
-12  181.000000  145.655193
-11  202.000000  145.483457
-10  193.000000  143.468229
-9  218.000000  139.919213
-8  160.000000  135.299801
-7  202.000000  130.215543
-6  167.000000  125.393367
-5  90.000000  121.651570
-4  74.000000  119.861111
-3  79.000000  120.899274
-2  62.000000  125.597343
-1  103.000000  134.684582
0  113.000000  148.731363
1  210.000000  168.094893
2  271.000000  192.871394
3  364.000000  222.858863
4  426.000000  257.534628
5  374.000000  296.051654
6  377.000000  337.257013
7  473.000000  379.735009
8  435.000000  421.876207
9  405.000000  461.971936
10  423.000000  498.331975
11  438.000000  529.420975
12  498.000000  554.006993
13  441.000000  571.313374
14  570.000000  581.163390
15  662.000000  584.105602
16  713.000000  581.507231
17  586.000000  575.602910
18  463.000000  569.487337
19  409.000000  567.042601
20  428.000000  572.794358
21  404.000000  591.695506
22  475.000000  628.841495
23  624.000000  689.127483
24  877.000000  776.864028
25  1093.000000  895.374307
26  1252.000000  1046.601473
27  1304.000000  1230.759146
28  1337.000000  1446.060584
30  1305.000000  1375.727627
31  1318.000000  1383.110790
32  1382.000000  1370.733500
33  1244.000000  1337.786269
34  1183.000000  1285.076653
35  1120.000000  1214.816784
36  1278.000000  1130.337973
37  1131.000000  1035.758140
38  1155.000000  935.628478
39  1149.000000  834.584635
40  884.000000  737.025029
41  642.000000  646.834963
42  500.000000  567.170445
43  396.000000  500.310376
44  341.000000  447.580460
45  381.000000  409.347162
46  281.000000  385.075620
47  294.000000  373.441764
48  412.000000  372.486314
49  435.000000  379.796682
50  506.000000  392.702339
51  517.000000  408.469639
52  376.000000  424.483448
53  458.000000  438.404936
54  321.000000  448.297443
55  347.000000  452.715108
56  351.000000  450.751893
57  345.000000  442.051339
58  387.000000  426.779968
59  320.000000  405.569229
60  330.000000  379.432545
61  343.000000  349.664936
62  345.000000  317.733211
63  357.000000  285.164532
64  353.000000  253.440638
65  297.000000  223.903935
66  238.000000  197.680430
67  160.000000  175.622946
68  149.000000  158.276496
69  148.000000  145.866140
70  130.000000  138.306237
71  173.000000  135.228718
72  159.000000  136.027084
73  227.000000  139.912085
74  142.000000  145.974685
75  178.000000  153.251822
76  152.000000  160.790649
77  140.000000  167.707416
78  140.000000  173.237754
79  128.000000  176.775905
80  142.000000  177.901322
81  133.000000  176.391912
82  160.000000  172.224074
83  109.000000  165.560456
84  153.000000  156.727033
85  144.000000  146.181605
86  163.000000  134.476203
87  148.000000  122.216070
88  151.000000  110.017904
89  124.000000  98.469935
90  116.000000  88.096107
91  76.000000  79.326292
92  46.000000  72.473963
93  54.000000  67.722244
94  69.000000  65.118723
95  49.000000  64.578865
96  64.000000  65.897382
97  72.000000  68.766479
98  105.000000  72.799547
99  124.000000  77.558649
100  82.000000  82.583943
101  81.000000  87.423232
102  80.000000  91.659826
103  84.000000  94.937128
104  95.000000  96.978581
105  103.000000  97.601939
106  84.000000  96.727216
107  88.000000  94.378022
108  100.000000  90.676446
109  114.000000  85.831983
110  111.000000  80.125357
111  99.000000  73.888385
112  90.000000  67.481212
113  103.000000  61.268389
114  82.000000  55.595300
115  72.000000  50.766377
116  48.000000  47.026422
117  63.000000  44.546121
118  50.000000  43.412577
119  42.000000  43.625345
120  45.000000  45.098131
121  35.000000  47.665927
122  50.000000  51.097072
123  73.000000  55.109368
124  71.000000  59.389192
125  81.000000  63.612337
126  57.000000  67.465229
127  93.000000  70.665168
128  64.000000  72.978301
129  60.000000  74.234201
130  55.000000  74.336159
131  60.000000  73.266547
132  55.000000  71.086988
133  62.000000  67.933332
134  79.000000  64.005840
135  57.000000  59.555233
136  55.000000  54.865567
137  67.000000  50.235056
138  52.000000  45.956125
139  34.000000  42.296002
140  56.000000  39.479123
141  43.000000  37.672485
142  35.000000  36.974911
143  64.000000  37.410895
144  28.000000  38.929434
145  45.000000  41.407870
146  61.000000  44.660495
147  50.000000  48.451301
148  49.000000  52.510032
149  53.000000  56.550439
150  57.000000  60.289532
151  71.000000  63.466526
152  42.000000  65.860234
153  46.000000  67.303736
154  52.000000  67.695360
155  54.000000  67.005251
156  64.000000  65.277095
157  56.000000  62.624903
158  56.000000  59.225071
159  59.000000  55.304269
160  50.000000  51.123986
161  43.000000  46.962761
162  60.000000  43.097313
163  32.000000  39.783836
164  35.000000  37.240725
165  62.000000  35.633884
166  28.000000  35.065611
167  26.000000  35.567797
168  50.000000  37.099905
169  45.000000  39.551839
170  34.000000  42.751518
171  50.000000  46.476634
172  38.000000  50.469792
173  56.000000  54.456003
174  28.000000  58.161344
175  48.000000  61.331534
176  81.000000  63.749139
177  55.000000  65.248280
178  50.000000  65.725814
179  56.000000  65.148259
180  67.000000  63.553982
181  66.000000  61.050516
182  65.000000  57.807178
183  76.000000  54.043507
184  72.000000  50.014298
185  43.000000  45.992255
186  30.000000  42.249439
187  46.000000  39.038771
188  54.000000  36.576855
189  36.000000  35.029271
190  50.000000  34.499346
191  42.000000  35.021166
192  35.000000  36.557299
193  24.000000  39.001372
194  56.000000  42.185348
195  61.000000  45.890982
196  55.000000  49.864693
197  41.000000  53.834829
