-150  268.000000  228.983497
-149  256.000000  239.674216
-148  231.000000  246.937046
-147  231.000000  250.304875
-146  248.000000  249.572804
-145  329.000000  244.814723
-144  294.000000  236.381078
-143  277.000000  224.877804
-142  271.000000  211.127656
-141  208.000000  196.116391
-140  261.000000  180.927302
-139  315.000000  166.668427
-138  199.000000  154.397307
-137  149.000000  145.048371
-136  170.000000  139.367917
-135  132.000000  137.861188
-134  128.000000  140.755266
-133  116.000000  147.980488
-132  147.000000  159.171848
-131  142.000000  173.690519
-130  218.000000  190.664261
-129  245.000000  209.044186
-128  212.000000  227.674218
-127  232.000000  245.368670
-126  280.000000  260.992767
-125  310.000000  273.540674
-124  229.000000  282.205704
-123  306.000000  286.437827
-122  318.000000  285.984418
-121  294.000000  280.911273
-120  374.000000  271.602201
-119  296.000000  258.736959
-118  284.000000  243.248746
-117  202.000000  226.263878
-116  200.000000  209.027523
-115  207.000000  192.820349
-114  288.000000  178.871633
-113  180.000000  168.274702
-112  175.000000  161.910474
-111  141.000000  160.384423
-110  155.000000  163.981429
-109  157.000000  172.641840
-108  146.000000  185.960678
-107  190.000000  203.210360
-106  155.000000  223.385735
-105  199.000000  245.268694
-104  298.000000  267.508240
-103  269.000000  288.710804
-102  237.000000  307.534806
-101  301.000000  322.783097
-100  279.000000  333.486951
-99  280.000000  338.975771
-98  327.000000  338.927542
-97  274.000000  333.396289
-96  258.000000  322.814331
-95  351.000000  307.968764
-94  255.000000  289.953372
-93  215.000000  270.098851
-92  215.000000  249.885737
-91  183.000000  230.845702
-90  191.000000  214.457732
-89  179.000000  202.046194
-88  149.000000  194.687747
-87  174.000000  193.133602
-86  147.000000  197.752676
-85  152.000000  208.499877
-84  168.000000  224.912105
-83  240.000000  246.132725
-82  200.000000  270.963332
-81  243.000000  297.939762
-80  228.000000  325.427604
-79  295.000000  351.731025
-78  308.000000  375.207746
-77  419.000000  394.382442
-76  339.000000  408.050781
-75  446.000000  415.366863
-74  376.000000  415.907772
-73  439.000000  409.710421
-72  367.000000  397.277665
-71  320.000000  379.552670
-70  338.000000  357.862717
-69  340.000000  333.835670
-68  326.000000  309.294296
-67  402.000000  286.135230
-66  574.000000  266.200543
-65  295.000000  251.150535
-64  218.000000  242.346477
-63  206.000000  240.751482
-62  208.000000  246.856661
-61  211.000000  260.638090
-60  230.000000  281.548163
-59  255.000000  308.542596
-58  325.000000  340.141991
-57  358.000000  374.524419
-56  372.000000  409.643376
-55  371.000000  443.363530
-54  488.000000  473.605387
-53  482.000000  498.489145
-52  561.000000  516.467898
-51  481.000000  526.440849
-50  453.000000  527.838375
-49  450.000000  520.672507
-48  462.000000  505.548657
-47  388.000000  483.636923
-46  425.000000  456.604095
-45  463.000000  426.510122
-44  474.000000  395.675381
-43  419.000000  366.527173
-42  350.000000  341.435496
-41  319.000000  322.549107
-40  330.000000  311.643104
-39  305.000000  309.988713
-38  326.000000  318.254715
-37  315.000000  336.447967
-36  323.000000  363.897983
-35  386.000000  399.287642
-34  479.000000  440.728973
-33  515.000000  485.879852
-32  585.000000  532.094582
-31  602.000000  576.598798
-30  636.000000  616.677281
-29  637.000000  649.862115
-28  703.000000  674.108284
-27  744.000000  687.944371
-26  708.000000  690.587432
-25  711.000000  682.013324
-24  619.000000  662.976576
-23  755.000000  634.977252
-22  634.000000  600.175788
-21  526.000000  561.260398
-20  717.000000  521.274992
-19  654.000000  483.418467
-18  699.000000  450.828436
-17  483.000000  426.363882
-16  365.000000  412.401614
-15  404.000000  410.660860
-14  353.000000  422.068737
-13  399.000000  446.676855
-12  459.000000  483.636064
-11  552.000000  531.232529
-10  660.000000  586.984207
-9  725.000000  647.792601
-8  832.000000  710.140782
-7  891.000000  770.325212
-6  982.000000  824.706320
-5  909.000000  869.961065
-4  908.000000  903.320168
-3  890.000000  922.773320
-2  923.000000  927.227413
-1  818.000000  916.605698
0  752.000000  891.879528
1  806.000000  855.028740
2  719.000000  808.931545
3  714.000000  757.189661
4  767.000000  703.899028
5  657.000000  653.380455
6  578.000000  609.887687
7  713.000000  577.312383
8  526.000000  558.906252
9  470.000000  557.039925
10  468.000000  573.016143
11  524.000000  606.951590
12  532.000000  657.737331
13  671.000000  723.082706
14  812.000000  799.641879
15  859.000000  883.216576
16  988.000000  969.023076
17  1056.000000  1052.006812
19  1036.000000  957.154001
20  1038.000000  973.617381
21  976.000000  974.297198
22  980.000000  958.998373
23  830.000000  928.613258
24  882.000000  885.044169
25  748.000000  831.058802
26  751.000000  770.089383
27  738.000000  705.990019
28  608.000000  642.769314
29  680.000000  584.316727
30  537.000000  534.141281
31  542.000000  495.140102
32  482.000000  469.411971
33  463.000000  458.127811
34  410.000000  461.465956
35  426.000000  478.615585
36  432.000000  507.847016
37  478.000000  546.643054
38  522.000000  591.881561
39  517.000000  640.056104
40  666.000000  687.519139
41  781.000000  730.730966
42  770.000000  766.497487
43  822.000000  792.180890
44  700.000000  805.869416
45  725.000000  806.495367
46  728.000000  793.894175
47  844.000000  768.801468
48  726.000000  732.789278
49  664.000000  688.146669
50  625.000000  637.713709
51  613.000000  584.680758
52  662.000000  532.367166
53  545.000000  483.994694
54  538.000000  442.471038
55  488.000000  410.197963
56  397.000000  388.916640
57  354.000000  379.600049
58  357.000000  382.399033
59  327.000000  396.644784
60  354.000000  420.906747
61  393.000000  453.101155
62  449.000000  490.642067
63  482.000000  530.624054
64  643.000000  570.023669
65  683.000000  605.905790
66  791.000000  635.620814
67  704.000000  656.979491
68  699.000000  668.393926
69  751.000000  668.975731
70  641.000000  658.585347
71  698.000000  637.829958
72  634.000000  608.010919
73  549.000000  571.025036
74  500.000000  529.227084
75  527.000000  485.263455
76  496.000000  441.888636
77  386.000000  401.777180
78  377.000000  367.343976
79  326.000000  340.584826
80  312.000000  322.947821
81  322.000000  315.243724
82  297.000000  317.600846
83  354.000000  329.466764
84  397.000000  349.656070
85  449.000000  376.440204
86  533.000000  407.672660
87  545.000000  440.940554
88  595.000000  473.731905
89  536.000000  503.607068
90  571.000000  528.362674
91  579.000000  546.177083
92  627.000000  555.727818
93  509.000000  556.273443
94  437.000000  547.694896
95  462.000000  530.494096
96  396.000000  505.750566
97  360.000000  475.039645
98  373.000000  440.318392
99  330.000000  403.787399
100  310.000000  367.738225
101  275.000000  334.396970
102  277.000000  305.774647
103  248.000000  283.534356
104  263.000000  268.884001
105  258.000000  262.501401
106  232.000000  264.496401
107  286.000000  274.411960
108  284.000000  291.263577
109  344.000000  313.613798
110  401.000000  339.676247
111  408.000000  367.441700
112  441.000000  394.817341
113  451.000000  419.769587
114  473.000000  440.460770
115  419.000000  455.370523
116  465.000000  463.393890
117  515.000000  463.909865
118  418.000000  456.816183
119  428.000000  442.528496
120  407.000000  421.944529
121  349.000000  396.376166
122  358.000000  367.454521
123  329.000000  337.014842
124  334.000000  306.969297
125  278.000000  279.176465
126  219.000000  255.316367
127  242.000000  236.779444
128  188.000000  224.576756
129  189.000000  219.277170
130  180.000000  220.975398
131  236.000000  229.292569
132  220.000000  243.408829
133  248.000000  262.125298
134  294.000000  283.950741
135  308.000000  307.206746
136  310.000000  330.144018
137  304.000000  351.061755
138  401.000000  368.421998
139  367.000000  380.951282
140  370.000000  387.722915
141  338.000000  388.214590
142  363.000000  382.337809
143  329.000000  370.437523
144  285.000000  353.262467
145  306.000000  331.908615
146  297.000000  307.739959
147  244.000000  282.292329
148  266.000000  257.166975
149  237.000000  233.921274
150  220.000000  213.963992
151  198.000000  198.462112
152  203.000000  188.265375
153  210.000000  183.853358
154  205.000000  185.308372
155  192.000000  192.315605
156  219.000000  204.190142
157  282.000000  219.928621
158  278.000000  238.281684
159  349.000000  257.842034
160  299.000000  277.141903
161  296.000000  294.753216
162  344.000000  309.383634
163  328.000000  319.962038
164  300.000000  325.707829
165  317.000000  326.179591
166  273.000000  321.300103
167  282.000000  311.356377
168  241.000000  296.975048
169  203.000000  279.075138
170  206.000000  258.801727
171  220.000000  237.445262
172  212.000000  216.352181
173  189.000000  196.833018
174  216.000000  180.074233
175  172.000000  167.059681
176  153.000000  158.506892
177  174.000000  154.822271
178  181.000000  156.077960
179  218.000000  162.011652
180  207.000000  172.049017
181  225.000000  185.346926
182  293.000000  200.854250
183  251.000000  217.385877
184  317.000000  233.704764
185  275.000000  248.606343
186  265.000000  260.999571
