-147  903.000000  502.039013
-146  838.000000  459.947352
-145  635.000000  418.794305
-144  470.000000  381.384384
-143  455.000000  350.267012
-142  350.000000  327.562788
-141  403.000000  314.818967
-140  396.000000  312.904019
-139  430.000000  321.948444
-138  434.000000  341.335881
-137  480.000000  369.745106
-136  566.000000  405.240080
-135  561.000000  445.401877
-134  522.000000  487.493537
-133  561.000000  528.646584
-132  584.000000  566.056506
-131  585.000000  597.173877
-130  612.000000  619.878101
-129  559.000000  632.621922
-128  591.000000  634.536871
-127  594.000000  625.492445
-126  575.000000  606.105009
-125  666.000000  577.695783
-124  580.000000  542.200810
-123  500.000000  502.039013
-122  413.000000  459.947352
-121  394.000000  418.794305
-120  335.000000  381.384384
-119  266.000000  350.267012
-118  306.000000  327.562788
-117  259.000000  314.818967
-116  268.000000  312.904019
-115  285.000000  321.948444
-114  318.000000  341.335881
-113  334.000000  369.745106
-112  364.000000  405.240080
-111  400.000000  445.401877
-110  441.000000  487.493537
-109  483.000000  528.646584
-108  537.000000  566.056506
-107  470.000000  597.173877
-106  488.000000  619.878101
-105  555.000000  632.621922
-104  550.000000  634.536871
-103  597.000000  625.492445
-102  560.000000  606.105009
-101  486.000000  577.695783
-100  498.000000  542.200810
-99  406.000000  502.039013
-98  405.000000  459.947352
-97  322.000000  418.794305
-96  294.000000  381.384384
-95  249.000000  350.267012
-94  301.000000  327.562788
-93  276.000000  314.818967
-92  301.000000  312.904019
-91  313.000000  321.948444
-90  329.000000  341.335881
-89  359.000000  369.745106
-88  365.000000  405.240080
-87  428.000000  445.401877
-86  463.000000  487.493537
-85  491.000000  528.646584
-84  537.000000  566.056506
-83  663.000000  597.173877
-82  670.000000  619.878101
-81  601.000000  632.621922
-80  595.000000  634.536871
-79  594.000000  625.492445
-78  613.000000  606.105009
-77  721.000000  577.695783
-76  1078.000000  542.200810
-75  939.000000  502.039013
-74  545.000000  459.947352
-73  452.000000  418.794305
-72  432.000000  381.384384
-71  339.000000  350.267012
-70  357.000000  327.562788
-69  344.000000  314.818967
-68  329.000000  312.904019
-67  364.000000  321.948444
-66  391.000000  341.335881
-65  438.000000  369.745106
-64  430.000000  405.240080
-63  413.000000  445.401877
-62  507.000000  487.493537
-61  718.000000  528.646584
-60  721.000000  566.056506
-59  613.000000  597.173877
-58  607.000000  619.878101
-57  718.000000  632.621922
-56  659.000000  634.536871
-55  637.000000  625.492445
-54  587.000000  606.105009
-53  614.000000  577.695783
-52  594.000000  542.200810
-51  497.000000  502.039013
-50  407.000000  459.947352
-49  335.000000  418.794305
-48  286.000000  381.384384
-47  285.000000  350.267012
-46  291.000000  327.562788
-45  304.000000  314.818967
-44  253.000000  312.904019
-43  273.000000  321.948444
-42  356.000000  341.335881
-41  294.000000  369.745106
-40  362.000000  405.240080
-39  381.000000  445.401877
-38  377.000000  487.493537
-37  478.000000  528.646584
-36  488.000000  566.056506
-35  483.000000  597.173877
-34  587.000000  619.878101
-33  512.000000  632.621922
-32  583.000000  634.536871
-31  545.000000  625.492445
-30  524.000000  606.105009
-29  559.000000  577.695783
-28  545.000000  542.200810
-27  490.000000  502.039013
-26  437.000000  459.947352
-25  382.000000  418.794305
-24  307.000000  381.384384
-23  241.000000  350.267012
-22  320.000000  327.562788
-21  261.000000  314.818967
-20  257.000000  312.904019
-19  322.000000  321.948444
-18  327.000000  341.335881
-17  300.000000  369.745106
-16  397.000000  405.240080
-15  397.000000  445.401877
-14  425.000000  487.493537
-13  494.000000  528.646584
-12  474.000000  566.056506
-11  485.000000  597.173877
-10  561.000000  619.878101
-9  552.000000  632.621922
-8  557.000000  634.536871
-7  583.000000  625.492445
-6  544.000000  606.105009
-5  624.000000  577.695783
-4  639.000000  542.200810
-3  745.000000  502.039013
-2  671.000000  459.947353
-1  478.000000  418.794307
0  391.000000  381.384388
1  333.000000  350.267022
2  357.000000  327.562815
3  370.000000  314.819037
4  309.000000  312.904213
5  349.000000  321.949003
6  413.000000  341.337531
7  399.000000  369.750090
8  477.000000  405.255310
9  524.000000  445.448550
10  529.000000  487.635971
11  589.000000  529.077241
12  633.000000  567.342233
13  651.000000  600.955799
14  727.000000  630.823732
15  676.000000  663.767865
16  707.000000  721.640612
17  838.000000  864.892767
18  1089.000000  1252.909826
19  2428.000000  2296.582605
20  5015.000000  5040.319994
22  1642.000000  1245.601263
23  1016.000000  1078.209525
24  794.000000  934.836102
25  583.000000  818.639751
26  634.000000  731.089295
27  585.000000  672.030234
28  566.000000  639.834206
29  640.000000  631.614164
30  731.000000  643.487175
31  728.000000  670.866727
32  804.000000  708.767190
33  821.000000  752.104431
34  794.000000  795.978341
35  838.000000  835.925143
36  831.000000  868.129667
37  883.000000  889.590154
38  840.000000  898.230684
39  797.000000  892.958771
40  760.000000  873.668154
41  747.000000  841.189151
42  804.000000  797.191187
43  657.000000  744.044106
44  643.000000  684.646651
45  610.000000  622.231888
46  539.000000  560.160333
47  399.000000  501.712074
48  383.000000  449.889139
49  279.000000  407.238803
50  342.000000  375.707380
51  290.000000  356.532411
52  333.000000  350.179004
53  353.000000  356.323658
54  394.000000  373.886137
55  396.000000  401.107216
56  456.000000  435.667356
57  500.000000  474.838953
58  550.000000  515.662699
59  997.000000  555.137097
60  990.000000  590.409330
61  842.000000  618.955497
62  855.000000  638.738897
63  782.000000  648.336342
64  747.000000  647.024474
65  745.000000  634.820592
66  697.000000  612.475385
67  679.000000  581.418066
68  600.000000  543.657477
69  494.000000  501.645640
70  401.000000  458.112649
71  376.000000  415.883774
72  387.000000  377.690774
73  318.000000  345.989887
74  271.000000  322.798516
75  294.000000  309.561446
76  322.000000  307.055460
77  327.000000  315.338713
78  371.000000  333.748234
79  346.000000  360.945720
80  461.000000  395.008556
81  416.000000  433.559977
82  486.000000  473.929617
83  482.000000  513.333685
84  541.000000  549.062635
85  590.000000  578.663710
86  627.000000  600.106048
87  530.000000  611.917227
88  613.000000  613.282015
89  546.000000  604.096671
90  614.000000  584.975102
91  566.000000  557.206482
92  556.000000  522.667166
93  464.000000  483.692893
94  367.000000  442.919903
95  391.000000  403.105752
96  336.000000  366.941962
97  306.000000  336.871216
98  314.000000  314.921503
99  277.000000  302.568461
100  277.000000  300.635275
101  339.000000  309.236920
102  345.000000  327.772548
103  389.000000  354.966521
104  380.000000  388.955319
105  451.000000  427.414409
106  448.000000  467.716443
107  515.000000  507.110040
108  626.000000  542.906985
109  618.000000  572.665113
110  742.000000  594.354432
111  1188.000000  606.495189
112  1382.000000  608.258475
113  1209.000000  599.522527
114  862.000000  580.880891
115  798.000000  553.601888
116  750.000000  519.542152
117  833.000000  481.020108
118  656.000000  440.658024
119  551.000000  401.203375
120  447.000000  365.341691
121  370.000000  335.513638
122  363.000000  313.748782
123  367.000000  301.527353
124  374.000000  299.679444
125  397.000000  308.328492
126  417.000000  326.882895
127  420.000000  354.076344
128  441.000000  388.054120
129  474.000000  426.499464
130  433.000000  466.791432
131  537.000000  506.183470
132  569.000000  541.990539
133  556.000000  571.772049
134  585.000000  593.498138
135  576.000000  605.687962
136  588.000000  607.510576
137  592.000000  598.841534
138  530.000000  580.271349
139  570.000000  553.065240
140  519.000000  519.076903
141  405.000000  480.622187
142  374.000000  440.321278
143  365.000000  400.920151
144  302.000000  365.103444
145  308.000000  335.311524
146  257.000000  313.574189
147  317.000000  301.372354
148  250.000000  299.537142
149  247.000000  308.193246
150  583.000000  326.750444
151  321.000000  353.943816
152  335.000000  387.919951
153  394.000000  426.363248
154  403.000000  466.653718
155  433.000000  506.045524
156  460.000000  541.854099
157  495.000000  571.639090
158  515.000000  593.370654
159  497.000000  605.567783
160  476.000000  607.399230
161  478.000000  598.740148
162  546.000000  580.180601
163  474.000000  552.985344
164  465.000000  519.007637
165  385.000000  480.562945
166  334.000000  440.271144
167  317.000000  400.877985
168  313.000000  365.067974
169  245.000000  335.281433
170  256.000000  313.548195
171  245.000000  301.349278
172  252.000000  299.515956
173  295.000000  308.173111
174  315.000000  326.730725
175  299.000000  353.924085
176  309.000000  387.899976
177  374.000000  426.342968
178  364.000000  466.633215
179  435.000000  506.024986
180  454.000000  541.833786
181  445.000000  571.619296
182  462.000000  593.351674
183  461.000000  605.549891
184  472.000000  607.382653
185  511.000000  598.725054
186  478.000000  580.167091
187  506.000000  552.973450
188  462.000000  518.997325
189  392.000000  480.554125
