-149  436.000000  394.095061
-148  420.000000  421.415778
-147  470.000000  437.431308
-146  458.000000  441.050215
-145  447.000000  432.025852
-144  352.000000  410.973176
-143  326.000000  379.326849
-142  309.000000  339.243476
-141  280.000000  293.454652
-140  198.000000  245.080817
-139  163.000000  197.418623
-138  102.000000  153.716280
-137  82.000000  116.952210
-136  46.000000  89.632080
-135  50.000000  73.618050
-134  53.000000  70.001867
-133  61.000000  79.030464
-132  72.000000  100.089114
-131  86.000000  131.743310
-130  134.000000  171.836502
-129  177.000000  217.637034
-128  312.000000  266.024275
-127  322.000000  313.701259
-126  364.000000  357.419335
-125  315.000000  394.199539
-124  314.000000  421.535591
-123  379.000000  437.564682
-122  373.000000  441.194432
-121  313.000000  432.177350
-120  378.000000  411.127729
-119  528.000000  379.479832
-118  499.000000  339.390203
-117  555.000000  293.590766
-116  308.000000  245.202728
-115  212.000000  197.523937
-114  123.000000  153.804220
-113  88.000000  117.023963
-112  61.000000  89.691054
-111  47.000000  73.669995
-110  55.000000  70.054838
-109  68.000000  79.094597
-108  80.000000  100.176218
-107  107.000000  131.866265
-106  151.000000  172.008489
-105  201.000000  217.870636
-104  317.000000  266.330492
-103  346.000000  314.088503
-102  315.000000  357.892495
-101  296.000000  394.759177
-100  301.000000  422.177368
-99  319.000000  438.279098
-98  391.000000  441.966930
-97  407.000000  432.988847
-96  358.000000  411.955592
-95  769.000000  380.299289
-94  459.000000  340.176145
-93  388.000000  294.319867
-92  555.000000  245.855741
-91  249.000000  198.088052
-90  101.000000  154.275268
-89  96.000000  117.408307
-88  64.000000  90.006948
-87  59.000000  73.948240
-86  73.000000  70.338576
-85  75.000000  79.438129
-84  84.000000  100.642795
-83  92.000000  132.524876
-82  151.000000  172.929742
-81  219.000000  219.121929
-80  314.000000  267.970741
-79  298.000000  316.162780
-78  285.000000  360.426979
-77  360.000000  397.756876
-76  335.000000  425.615053
-75  367.000000  442.105876
-74  348.000000  446.104823
-73  327.000000  437.335636
-72  296.000000  416.390043
-71  339.000000  384.688711
-70  442.000000  344.386051
-69  500.000000  298.225297
-68  301.000000  249.353613
-67  213.000000  201.109737
-66  143.000000  156.798442
-65  89.000000  119.467048
-64  77.000000  91.699033
-63  52.000000  75.438659
-62  56.000000  71.858419
-61  87.000000  81.278258
-60  75.000000  103.142017
-59  123.000000  136.052727
-58  137.000000  177.864439
-57  242.000000  225.824489
-56  342.000000  276.756746
-55  356.000000  327.273653
-54  357.000000  374.002957
-53  338.000000  413.814072
-52  401.000000  444.029033
-51  326.000000  462.604029
-50  302.000000  468.269468
-49  268.000000  460.619239
-48  335.000000  440.143206
-47  448.000000  408.200675
-46  531.000000  366.936438
-45  611.000000  319.144754
-44  477.000000  268.089983
-43  359.000000  217.295409
-42  157.000000  170.313835
-41  110.000000  130.494703
-40  102.000000  100.762699
-39  91.000000  83.422098
-38  85.000000  79.999467
-37  102.000000  91.134919
-36  117.000000  116.529112
-35  149.000000  154.949683
-34  202.000000  204.297169
-33  258.000000  261.726786
-32  376.000000  323.819033
-31  390.000000  386.789110
-30  456.000000  446.722762
-29  453.000000  499.824535
-28  434.000000  542.663621
-27  559.000000  572.402507
-26  541.000000  586.994517
-25  573.000000  585.337992
-24  575.000000  567.377164
-23  704.000000  534.142648
-22  800.000000  487.727713
-21  671.000000  431.199951
-20  688.000000  368.451460
-19  421.000000  303.994055
-18  285.000000  242.709119
-17  219.000000  189.564405
-16  161.000000  149.312277
-15  154.000000  126.185437
-14  191.000000  123.607037
-13  187.000000  143.932180
-12  195.000000  188.237162
-11  288.000000  256.171336
-10  372.000000  345.884243
-9  504.000000  454.037650
-8  543.000000  575.908445
-7  789.000000  705.584001
-6  988.000000  836.246820
-5  1072.000000  960.540076
-4  994.000000  1071.000362
-3  1250.000000  1160.538689
-2  1433.000000  1222.945930
-1  1373.000000  1253.394715
0  1072.000000  1248.906593
1  888.000000  1208.751554
2  978.000000  1134.746879
3  835.000000  1031.424262
4  755.000000  906.038289
5  667.000000  768.395853
6  571.000000  630.494877
7  439.000000  505.971605
8  340.000000  409.368370
9  324.000000  355.247507
10  415.000000  357.191240
11  489.000000  426.741018
12  538.000000  572.341751
13  665.000000  798.365708
14  1014.000000  1104.296221
15  1379.000000  1484.151905
16  1835.000000  1926.226839
17  2633.000000  2413.210677
18  3038.000000  2922.734687
20  5835.000000  5900.244448
21  4202.000000  4059.357016
22  3030.000000  2731.770425
23  1210.000000  1804.264451
24  982.000000  1174.322729
25  761.000000  756.853696
26  735.000000  485.676010
27  634.000000  312.001945
28  555.000000  201.541505
29  403.000000  131.262658
30  284.000000  86.383202
31  282.000000  57.853605
32  208.000000  40.396184
33  199.000000  31.061780
34  185.000000  28.219915
35  221.000000  30.888177
36  203.000000  38.314263
37  236.000000  49.739069
38  259.000000  64.285249
39  295.000000  80.929868
40  307.000000  98.531043
41  357.000000  115.886807
42  419.000000  131.810301
43  447.000000  145.209510
44  404.000000  155.162596
45  309.000000  160.982036
46  293.000000  162.262534
47  282.000000  158.909267
48  289.000000  151.144608
49  260.000000  139.492956
50  304.000000  124.744841
51  252.000000  107.902826
52  222.000000  90.112956
53  164.000000  72.586448
54  122.000000  56.516978
55  100.000000  42.999204
56  88.000000  32.954073
57  75.000000  27.065991
58  80.000000  25.736135
59  79.000000  29.055090
60  96.000000  36.796654
61  86.000000  48.433242
62  92.000000  63.171837
63  120.000000  80.008026
64  174.000000  97.794450
65  167.000000  115.318995
66  189.000000  131.387391
67  176.000000  144.904603
68  173.000000  154.949456
69  140.000000  160.837408
70  131.000000  162.167206
71  159.000000  158.848225
72  149.000000  151.106649
73  184.000000  139.470052
74  161.000000  124.731450
75  150.000000  107.895254
76  106.000000  90.108822
77  105.000000  72.584271
78  58.000000  56.515870
79  53.000000  42.998653
80  43.000000  32.953797
81  50.000000  27.065842
82  47.000000  25.736043
83  54.000000  29.055022
84  46.000000  36.796598
85  86.000000  48.433194
86  104.000000  63.171795
87  129.000000  80.007991
88  139.000000  97.794423
89  121.000000  115.318974
90  128.000000  131.387375
91  103.000000  144.904592
92  134.000000  154.949448
93  101.000000  160.837403
94  112.000000  162.167202
95  94.000000  158.848223
96  106.000000  151.106648
97  104.000000  139.470052
98  89.000000  124.731450
99  63.000000  107.895254
100  71.000000  90.108822
101  62.000000  72.584271
102  46.000000  56.515870
103  38.000000  42.998653
104  19.000000  32.953797
105  33.000000  27.065842
106  28.000000  25.736043
107  17.000000  29.055022
108  34.000000  36.796598
109  41.000000  48.433194
110  52.000000  63.171795
111  59.000000  80.007991
112  59.000000  97.794423
113  59.000000  115.318974
114  64.000000  131.387375
115  55.000000  144.904592
116  108.000000  154.949448
117  68.000000  160.837403
118  83.000000  162.167202
119  65.000000  158.848223
120  73.000000  151.106648
121  117.000000  139.470052
122  109.000000  124.731450
123  85.000000  107.895254
124  80.000000  90.108822
125  43.000000  72.584271
126  23.000000  56.515870
127  16.000000  42.998653
128  17.000000  32.953797
129  17.000000  27.065842
130  11.000000  25.736043
131  11.000000  29.055022
132  30.000000  36.796598
133  34.000000  48.433194
134  45.000000  63.171795
135  56.000000  80.007991
136  51.000000  97.794423
137  44.000000  115.318974
138  56.000000  131.387375
139  45.000000  144.904592
140  55.000000  154.949448
141  65.000000  160.837403
142  62.000000  162.167202
143  43.000000  158.848223
144  55.000000  151.106648
145  62.000000  139.470052
146  51.000000  124.731450
147  82.000000  107.895254
148  102.000000  90.108822
149  55.000000  72.584271
150  39.000000  56.515870
151  28.000000  42.998653
152  31.000000  32.953797
153  11.000000  27.065842
154  19.000000  25.736043
155  20.000000  29.055022
156  16.000000  36.796598
157  38.000000  48.433194
158  22.000000  63.171795
159  38.000000  80.007991
160  30.000000  97.794423
161  44.000000  115.318974
162  45.000000  131.387375
163  65.000000  144.904592
164  40.000000  154.949448
165  53.000000  160.837403
166  40.000000  162.167202
167  44.000000  158.848223
168  27.000000  151.106648
169  57.000000  139.470052
170  36.000000  124.731450
171  37.000000  107.895254
172  47.000000  90.108822
173  32.000000  72.584271
174  30.000000  56.515870
175  15.000000  42.998653
176  20.000000  32.953797
177  17.000000  27.065842
178  9.000000  25.736043
179  11.000000  29.055022
180  18.000000  36.796598
181  34.000000  48.433194
182  39.000000  63.171795
183  21.000000  80.007991
184  43.000000  97.794423
185  54.000000  115.318974
186  55.000000  131.387375
187  54.000000  144.904592
