25   4908.596787
26   4735.275648
27   4523.365216
28   4285.524929
29   4035.978390
30   3789.525099
31   3560.529568
32   3361.956571
33   3204.517034
34   3095.980525
35   3040.698090
36   3039.364252
37   3089.030309
38   3183.363893
39   3313.133137
40   3466.879009
41   3631.727202
42   3794.282345
43   3941.542697
44   4061.773086
45   4145.277736
46   4185.022358
47   4177.065900
48   4120.775904
49   4018.816465
50   3876.913386
51   3703.416072
52   3508.689186
53   3304.378020
54   3102.599372
55   2915.113906
56   2752.536280
57   2623.635858
58   2534.773828
59   2489.512529
60   2488.420595
61   2529.083841
62   2606.317767
63   2712.563966
64   2838.440581
65   2973.407022
66   3106.496087
67   3227.062849
68   3325.499356
69   3393.867375
70   3426.407709
71   3419.893692
72   3373.807503
73   3290.330314
74   3174.150012
75   3032.102512
76   2872.673682
77   2705.397884
78   2540.195522
79   2386.695420
80   2253.588134
81   2148.053423
82   2075.299397
83   2038.242661
84   2037.348781
85   2070.641192
86   2133.875186
87   2220.862461
88   2323.921794
89   2434.423272
90   2543.387697
91   2642.099726
92   2722.693020
93   2778.668288
94   2805.310286
95   2799.977231
96   2762.245163
97   2693.899870
98   2598.779471
99   2482.480746
100   2351.951346
101   2214.997363
102   2079.740951
103   1954.065545
104   1845.086388
105   1758.681789
106   1699.115802
107   1668.776355
108   1668.044626
109   1695.302344
110   1747.074232
111   1818.293727
112   1902.671962
113   1993.143342
114   2082.356301
115   2163.175296
116   2229.159890
117   2274.988892
118   2296.801769
119   2292.435600
120   2261.543265
121   2205.586847
122   2127.708735
123   2032.491197
124   1925.622509
125   1813.493779
126   1702.754891
127   1599.860282
128   1510.635449
129   1439.893167
130   1391.124569
131   1366.284739
132   1365.685767
133   1388.002726
134   1430.390292
135   1488.700298
136   1557.783835
137   1631.856057
138   1704.897980
139   1771.067485
140   1825.091558
141   1862.613550
142   1880.472701
143   1876.898145
144   1851.605678
145   1805.792351
146   1742.030945
147   1664.073121
148   1576.576069
149   1484.772415
150   1394.106658
151   1309.863277
152   1236.811819
153   1178.892680
154   1138.964184
155   1118.627033
156   1118.136753
157   1136.408585
158   1171.112963
159   1218.853637
160   1275.415010
161   1336.060816
162   1395.863094
163   1450.038683
164   1494.270369
165   1524.991196
166   1539.613330
167   1536.686889
168   1515.979178
