25   3609.674678
26   3229.866598
27   2907.766588
28   2668.311258
29   2436.016896
30   2291.672202
31   2140.582960
32   2060.684874
33   2000.651455
34   2035.317880
35   2083.033776
36   2125.910813
37   2179.901256
38   2205.505956
39   2320.210439
40   2425.150471
41   2510.994274
42   2583.773128
43   2674.955733
44   2675.323584
45   2704.599356
46   2755.296900
47   2794.419294
48   2776.171598
49   2603.139360
50   2383.766115
51   2219.677417
52   2044.736521
53   1919.410767
54   1934.560913
55   1720.354586
56   1638.158710
57   1636.466664
58   1636.878242
59   1673.888377
60   1718.350283
61   1770.428276
62   1852.950572
63   1946.724974
64   2055.677109
65   2154.262323
66   2247.457693
67   2324.255783
68   2480.201476
69   2520.938046
70   2541.923030
71   2453.971512
72   2405.291156
73   2255.342086
74   2048.965168
75   1859.215658
76   1701.014088
77   1575.709032
78   1476.052401
79   1398.353755
80   1355.409709
81   1368.348442
82   1364.863349
83   1415.741466
84   1473.821494
85   1518.551392
86   1600.522804
87   1755.440094
88   1854.543158
89   2046.640616
90   2187.790094
91   2258.189234
92   2345.406009
93   2433.879757
94   2510.587219
95   2428.867386
96   2368.008294
97   2156.139839
98   1954.358305
99   1736.632324
100   1568.349281
101   1473.979445
102   1376.331732
103   1307.861525
104   1288.626144
105   1283.095184
106   1298.996273
107   1348.057440
108   1394.775514
109   1435.253927
110   1657.477639
111   1774.751391
112   1806.088808
113   1907.942587
114   1978.141658
115   2142.043685
116   2266.768588
117   2212.061816
118   2129.904877
119   2044.712388
120   2065.861186
121   1929.591262
122   1707.986334
123   1541.787355
124   1404.495193
125   1336.690903
126   1253.536687
127   1218.702976
128   1150.191554
129   1153.704575
130   1189.899823
131   1231.637126
132   1300.261688
133   1354.362058
134   1505.313639
135   1555.019489
136   1685.022359
137   1711.597940
138   1775.072672
139   1764.406174
140   1780.814966
141   1816.561857
142   1868.481856
143   1974.865344
144   2046.715372
145   2154.456024
146   1761.000868
147   1505.558687
148   1359.213806
149   1285.495482
150   1226.711388
151   1177.422620
152   1158.309679
153   1139.163882
154   1179.800111
155   1236.133874
156   1293.745388
157   1345.409782
158   1398.526741
159   1467.955383
160   1562.068485
161   1638.874826
162   1702.368256
163   1748.970655
164   1791.851476
165   1826.240477
166   1866.908922
167   1981.447175
168   2076.856787
