1   5582.0
2   5224.0
3   5068.0
4   4985.0
5   4478.0
6   4635.0
7   5179.0
8   4873.0
9   4602.0
10   4863.0
11   4114.0
12   3824.0
13   3746.0
14   3684.0
15   3722.0
16   3895.0
17   4645.0
18   4874.0
19   4924.0
20   5258.0
21   5311.0
22   4813.0
23   4733.0
24   4722.0
25   4854.0
26   4892.0
27   4996.0
28   4761.0
29   4213.0
30   4400.0
31   4698.0
32   4433.0
33   4223.0
34   4242.0
35   3702.0
36   3508.0
37   3222.0
38   3078.0
39   3157.0
40   3243.0
41   3631.0
42   3823.0
43   3990.0
44   4182.0
45   4215.0
46   4073.0
47   4162.0
48   4200.0
49   4096.0
50   4322.0
51   4531.0
52   4095.0
53   3680.0
54   3773.0
55   3776.0
56   3684.0
57   3356.0
58   2945.0
59   2633.0
60   2479.0
61   2512.0
62   2413.0
63   2516.0
64   2616.0
65   2829.0
66   3045.0
67   3256.0
68   3241.0
69   3112.0
70   2916.0
71   2910.0
72   2848.0
73   2898.0
74   2732.0
75   2586.0
76   2425.0
77   2252.0
78   2303.0
79   2585.0
80   2135.0
81   2062.0
82   2020.0
83   1890.0
84   1777.0
85   1669.0
86   1792.0
87   1763.0
88   1775.0
89   2027.0
90   2277.0
91   2370.0
92   2481.0
93   2321.0
94   2104.0
95   2220.0
96   2270.0
97   2289.0
98   2297.0
99   2348.0
100   2119.0
101   1895.0
102   2050.0
103   2241.0
104   2148.0
105   2000.0
106   1921.0
107   1755.0
108   1631.0
109   1531.0
110   1602.0
111   1543.0
112   1636.0
113   1909.0
114   2019.0
115   2059.0
116   2120.0
117   2111.0
118   2133.0
119   1991.0
120   2211.0
121   2085.0
122   2325.0
123   2351.0
124   1914.0
125   1740.0
126   1777.0
127   1876.0
128   1676.0
129   1693.0
130   1654.0
131   1556.0
132   1458.0
133   1381.0
134   1357.0
135   1329.0
136   1442.0
137   1658.0
138   1766.0
139   1874.0
140   2024.0
141   1781.0
142   1705.0
143   1745.0
144   1702.0
145   1870.0
146   1760.0
147   1756.0
148   1629.0
149   1464.0
150   1520.0
151   1562.0
152   1505.0
153   1474.0
154   1514.0
155   1341.0
156   1282.0
157   1290.0
158   1260.0
159   1324.0
160   1481.0
161   1610.0
162   1782.0
163   1820.0
164   2041.0
165   1945.0
166   1816.0
167   1755.0
168   1881.0
