25  4416.435964
26  4406.856034
27  4397.657318
28  4388.811342
29  4380.292685
30  4372.078555
31  4364.148445
32  4356.483834
33  4349.067941
34  4341.885515
35  4334.922656
36  4328.166660
37  4321.605883
38  4315.229632
39  4309.028061
40  4302.992086
41  4297.113308
42  4291.383944
43  4285.796773
44  4280.345079
45  4275.022609
46  4269.823527
47  4264.742383
48  4259.774075
49  4254.913824
50  4250.157145
51  4245.499825
52  4240.937900
53  4236.467636
54  4232.085515
55  4227.788213
56  4223.572590
57  4219.435677
58  4215.374660
59  4211.386875
60  4207.469793
61  4203.621012
62  4199.838251
63  4196.119340
64  4192.462212
65  4188.864900
66  4185.325528
67  4181.842304
68  4178.413520
69  4175.037544
70  4171.712813
71  4168.437835
72  4165.211180
73  4162.031478
74  4158.897416
75  4155.807737
76  4152.761231
77  4149.756740
78  4146.793150
79  4143.869389
80  4140.984429
81  4138.137279
82  4135.326987
83  4132.552633
84  4129.813333
85  4127.108236
86  4124.436519
87  4121.797390
88  4119.190082
89  4116.613858
90  4114.068003
91  4111.551828
92  4109.064667
93  4106.605874
94  4104.174827
95  4101.770923
96  4099.393576
97  4097.042223
98  4094.716314
99  4092.415319
100  4090.138724
101  4087.886029
102  4085.656752
103  4083.450421
104  4081.266583
105  4079.104794
106  4076.964625
107  4074.845659
108  4072.747491
109  4070.669726
110  4068.611982
111  4066.573886
112  4064.555077
113  4062.555202
114  4060.573919
115  4058.610893
116  4056.665800
117  4054.738323
118  4052.828155
119  4050.934995
120  4049.058550
121  4047.198537
122  4045.354676
123  4043.526698
124  4041.714336
125  4039.917335
126  4038.135442
127  4036.368412
128  4034.616005
129  4032.877988
130  4031.154132
131  4029.444214
132  4027.748017
133  4026.065327
134  4024.395937
135  4022.739643
136  4021.096247
137  4019.465554
138  4017.847376
139  4016.241525
140  4014.647821
141  4013.066086
142  4011.496146
143  4009.937831
144  4008.390974
145  4006.855413
146  4005.330988
147  4003.817543
148  4002.314924
149  4000.822982
150  3999.341571
151  3997.870546
152  3996.409766
153  3994.959094
154  3993.518394
155  3992.087534
156  3990.666383
157  3989.254814
158  3987.852702
159  3986.459924
160  3985.076361
161  3983.701893
162  3982.336406
163  3980.979786
164  3979.631921
165  3978.292702
166  3976.962021
167  3975.639774
168  3974.325857
