25  4194.454041
26  4069.106894
27  3905.259747
28  3716.732698
29  3519.018873
30  3327.355025
31  3155.107287
32  3012.742792
33  2907.446743
34  2843.260748
35  2821.521990
36  2841.381148
37  2900.237850
38  2994.014250
39  3117.260877
40  3263.143199
41  3423.393381
42  3588.333023
43  3747.079001
44  3888.029771
45  3999.684887
46  4071.771276
47  4096.544242
48  4070.026417
49  3992.886959
50  3870.689016
51  3713.362614
52  3533.963073
53  3346.978759
54  3166.571590
55  3005.119306
56  2872.293392
57  2774.718320
58  2716.096817
59  2697.603098
60  2718.346281
61  2775.761104
62  2865.856278
63  2983.316947
64  3121.506931
65  3272.449024
66  3426.880144
67  3574.481916
68  3704.370732
69  3805.887355
70  3869.651904
71  3888.754780
72  3859.863425
73  3783.977241
74  3666.594437
75  3517.176484
76  3347.978587
77  3172.492236
78  3003.845363
79  2853.486170
80  2730.353261
81  2640.567634
82  2587.541154
83  2572.324601
84  2594.019627
85  2650.127999
86  2736.776814
87  2848.817774
88  2979.843102
89  3122.190222
90  3267.023421
91  3404.582411
92  3524.670088
93  3617.409023
94  3674.227102
95  3688.946961
96  3658.775580
97  3584.953603
98  3472.859102
99  3331.474548
100  3172.290028
101  3007.870926
102  2850.401227
103  2710.491268
104  2596.426424
105  2513.884883
106  2466.028836
107  2453.811162
108  2476.341348
109  2531.198092
110  2614.634370
111  2721.674157
112  2846.140370
113  2980.680358
114  3116.869272
115  3245.471648
116  3356.923280
117  3442.054225
118  3493.009574
119  3504.247499
120  3473.426366
121  3401.964799
122  3295.095790
123  3161.342347
124  3011.489948
125  2857.267016
126  2710.014213
127  2579.599385
128  2473.732884
129  2397.705941
130  2354.465429
131  2344.883786
132  2368.084636
133  2421.723656
134  2502.176458
135  2604.633461
136  2723.138492
137  2850.632114
138  2979.072840
139  3099.708098
140  3203.548121
141  3282.056432
142  3328.011004
143  3336.420737
144  3305.323298
145  3236.269594
146  3134.338551
147  3007.624851
148  2866.275529
149  2721.270957
150  2583.204334
151  2461.289119
152  2362.731019
153  2292.483030
154  2253.305117
155  2246.001844
156  2269.712998
157  2322.167138
158  2399.854934
159  2498.122846
160  2611.221220
161  2732.362980
162  2853.859637
163  2967.398892
164  3064.509363
165  3137.220111
166  3178.867420
167  3184.938629
168  3153.792104
