234.000000
156.000000
105.000000
94.000000
66.000000
55.000000
43.000000
48.000000
78.000000
84.000000
135.000000
159.000000
160.000000
128.000000
169.000000
139.000000
153.000000
163.000000
209.000000
151.000000
196.000000
179.000000
171.000000
237.000000
208.000000
161.000000
122.000000
70.000000
69.000000
72.000000
29.000000
51.000000
60.000000
79.000000
116.000000
134.000000
137.000000
146.000000
135.000000
214.000000
196.000000
211.000000
205.000000
173.000000
185.000000
211.000000
230.000000
213.000000
166.000000
205.000000
107.000000
80.000000
88.000000
48.000000
74.000000
61.000000
69.000000
84.000000
115.000000
132.000000
148.000000
159.000000
135.000000
169.000000
185.000000
202.000000
171.000000
226.000000
128.000000
196.000000
231.000000
272.000000
299.000000
253.000000
184.000000
144.000000
126.000000
125.000000
132.000000
131.000000
155.000000
155.000000
216.000000
256.000000
265.000000
276.000000
301.000000
321.000000
314.000000
278.000000
337.000000
280.000000
273.000000
283.000000
223.000000
211.000000
233.000000
180.000000
164.000000
147.000000
118.000000
79.000000
84.000000
80.000000
100.000000
146.000000
197.000000
212.000000
196.000000
299.000000
240.000000
276.000000
278.000000
307.000000
317.000000
259.000000
254.000000
261.000000
279.000000
275.000000
254.000000
210.000000
180.000000
131.000000
122.000000
122.000000
123.000000
107.000000
87.000000
138.000000
134.000000
200.000000
258.000000
299.000000
302.000000
356.000000
311.000000
290.000000
357.000000
370.000000
389.000000
424.000000
367.000000
375.000000
411.000000
689.000000
512.000000
288.000000
272.000000
223.000000
219.000000
238.000000
221.000000
303.000000
453.000000
623.000000
724.000000
788.000000
798.000000
832.000000
940.000000
967.000000
1137.000000
1598.000000
1743.000000
3856.000000
3611.000000
3832.000000
4694.000000
4367.000000
2920.000000
2392.000000
1636.000000
1390.000000
1243.000000
1329.000000
1756.000000
2061.000000
2560.000000
2656.000000
2608.000000
2390.000000
2366.000000
2326.000000
2013.000000
1847.000000
1869.000000
1679.000000
1656.000000
1543.000000
1462.000000
1458.000000
1330.000000
1053.000000
807.000000
1401.000000
1274.000000
1029.000000
827.000000
847.000000
844.000000
852.000000
1037.000000
1042.000000
1096.000000
1017.000000
1154.000000
1313.000000
1304.000000
1291.000000
1301.000000
1247.000000
1130.000000
932.000000
809.000000
815.000000
751.000000
633.000000
514.000000
461.000000
413.000000
395.000000
332.000000
302.000000
322.000000
307.000000
341.000000
436.000000
453.000000
493.000000
568.000000
598.000000
644.000000
627.000000
708.000000
593.000000
654.000000
712.000000
589.000000
576.000000
541.000000
518.000000
412.000000
369.000000
357.000000
359.000000
271.000000
289.000000
228.000000
215.000000
241.000000
331.000000
367.000000
354.000000
341.000000
428.000000
395.000000
418.000000
432.000000
413.000000
355.000000
344.000000
355.000000
356.000000
380.000000
293.000000
291.000000
247.000000
201.000000
195.000000
227.000000
201.000000
202.000000
185.000000
219.000000
207.000000
267.000000
253.000000
289.000000
302.000000
280.000000
307.000000
350.000000
325.000000
337.000000
327.000000
330.000000
327.000000
312.000000
290.000000
304.000000
314.000000
255.000000
225.000000
219.000000
265.000000
235.000000
248.000000
234.000000
218.000000
244.000000
281.000000
323.000000
291.000000
367.000000
375.000000
342.000000
368.000000
288.000000
327.000000
339.000000
329.000000
368.000000
289.000000
247.000000
221.000000
224.000000
211.000000
177.000000
150.000000
165.000000
166.000000
160.000000
231.000000
214.000000
248.000000
251.000000
294.000000
275.000000
318.000000
274.000000
306.000000
378.000000
334.000000
273.000000
297.000000
344.000000
