817.000000
1032.000000
1294.000000
1479.000000
1519.000000
1671.000000
1798.000000
1992.000000
1908.000000
1957.000000
1936.000000
1850.000000
1979.000000
1780.000000
2018.000000
2022.000000
1972.000000
1654.000000
1347.000000
1077.000000
958.000000
925.000000
840.000000
748.000000
791.000000
908.000000
1187.000000
1274.000000
1320.000000
1399.000000
1580.000000
1569.000000
1675.000000
1679.000000
1844.000000
1886.000000
1772.000000
1695.000000
1804.000000
2048.000000
2113.000000
2071.000000
2457.000000
2075.000000
1703.000000
1542.000000
1348.000000
1217.000000
1234.000000
1486.000000
1545.000000
1718.000000
1995.000000
2108.000000
2197.000000
2441.000000
2496.000000
2917.000000
2720.000000
2681.000000
2613.000000
2561.000000
2357.000000
2345.000000
2485.000000
2373.000000
1945.000000
1685.000000
1538.000000
1395.000000
1202.000000
1132.000000
1149.000000
1347.000000
1514.000000
1774.000000
2099.000000
2214.000000
2429.000000
2808.000000
3006.000000
2875.000000
3044.000000
2882.000000
2846.000000
2664.000000
2827.000000
2846.000000
2463.000000
2149.000000
1735.000000
1389.000000
1375.000000
1160.000000
1080.000000
1006.000000
1114.000000
1392.000000
1818.000000
1997.000000
2184.000000
2286.000000
2531.000000
2942.000000
3054.000000
2913.000000
3016.000000
2804.000000
2848.000000
2937.000000
2976.000000
3106.000000
3068.000000
2506.000000
2103.000000
1884.000000
1692.000000
1456.000000
1456.000000
1434.000000
1747.000000
2225.000000
2615.000000
2995.000000
3048.000000
3264.000000
3730.000000
4260.000000
4212.000000
4276.000000
4508.000000
4400.000000
4643.000000
4673.000000
5200.000000
5729.000000
6133.000000
4829.000000
4647.000000
3693.000000
3365.000000
2914.000000
2791.000000
3133.000000
3835.000000
4988.000000
6216.000000
6690.000000
6523.000000
8818.000000
7585.000000
7772.000000
8101.000000
7534.000000
8385.000000
7905.000000
7291.000000
7616.000000
8314.000000
9499.000000
29457.000000
22790.000000
19279.000000
19514.000000
25349.000000
31632.000000
36504.000000
35104.000000
36782.000000
31814.000000
28144.000000
26365.000000
27060.000000
25819.000000
25777.000000
27607.000000
24293.000000
23541.000000
22993.000000
20834.000000
18856.000000
16409.000000
15057.000000
16896.000000
15058.000000
11701.000000
9117.000000
7516.000000
6272.000000
5371.000000
4920.000000
4757.000000
4892.000000
5368.000000
6393.000000
7183.000000
7556.000000
7661.000000
7731.000000
7966.000000
8075.000000
8008.000000
7535.000000
7372.000000
7040.000000
6460.000000
6477.000000
6029.000000
6654.000000
6217.000000
5690.000000
4374.000000
3622.000000
3200.000000
2950.000000
2769.000000
2826.000000
3038.000000
3834.000000
4737.000000
5206.000000
5348.000000
5189.000000
5203.000000
5288.000000
5485.000000
5662.000000
5856.000000
5587.000000
5017.000000
5211.000000
5205.000000
4873.000000
4230.000000
3436.000000
3052.000000
2647.000000
2352.000000
2247.000000
2225.000000
2462.000000
3174.000000
3847.000000
4308.000000
4547.000000
4443.000000
4844.000000
5235.000000
4940.000000
4797.000000
4787.000000
4388.000000
4361.000000
4176.000000
4386.000000
4046.000000
4099.000000
3290.000000
2720.000000
2329.000000
2046.000000
1864.000000
1631.000000
1803.000000
1844.000000
2142.000000
2356.000000
2479.000000
2757.000000
2964.000000
3184.000000
3535.000000
3515.000000
3578.000000
3425.000000
3411.000000
3300.000000
3188.000000
3154.000000
3081.000000
3115.000000
2631.000000
1959.000000
1639.000000
1512.000000
1442.000000
1290.000000
1212.000000
1353.000000
1417.000000
1651.000000
1811.000000
1977.000000
1765.000000
1912.000000
1919.000000
1946.000000
1816.000000
1827.000000
1796.000000
2175.000000
2027.000000
1935.000000
1881.000000
1773.000000
1420.000000
1067.000000
969.000000
818.000000
779.000000
744.000000
716.000000
729.000000
883.000000
991.000000
1128.000000
1335.000000
1379.000000
1493.000000
1649.000000
1587.000000
1557.000000
1555.000000
1360.000000
1336.000000
1280.000000
1424.000000
1413.000000
1426.000000
1332.000000
900.000000
689.000000
634.000000
534.000000
484.000000
462.000000
523.000000
