164.000000
165.000000
105.000000
105.000000
81.000000
86.000000
76.000000
80.000000
99.000000
134.000000
163.000000
172.000000
224.000000
241.000000
211.000000
175.000000
204.000000
199.000000
188.000000
148.000000
134.000000
153.000000
158.000000
154.000000
155.000000
103.000000
90.000000
97.000000
80.000000
64.000000
71.000000
63.000000
74.000000
84.000000
136.000000
141.000000
144.000000
147.000000
114.000000
134.000000
149.000000
176.000000
124.000000
128.000000
175.000000
121.000000
163.000000
143.000000
138.000000
114.000000
102.000000
83.000000
57.000000
78.000000
68.000000
77.000000
86.000000
131.000000
144.000000
148.000000
147.000000
125.000000
141.000000
128.000000
160.000000
184.000000
258.000000
253.000000
192.000000
170.000000
190.000000
179.000000
166.000000
134.000000
140.000000
111.000000
77.000000
86.000000
64.000000
79.000000
73.000000
114.000000
142.000000
183.000000
163.000000
163.000000
142.000000
163.000000
192.000000
186.000000
187.000000
152.000000
193.000000
184.000000
184.000000
212.000000
253.000000
111.000000
129.000000
92.000000
81.000000
93.000000
84.000000
87.000000
107.000000
142.000000
176.000000
197.000000
200.000000
177.000000
161.000000
202.000000
188.000000
176.000000
179.000000
221.000000
194.000000
174.000000
230.000000
220.000000
204.000000
229.000000
191.000000
149.000000
106.000000
82.000000
104.000000
106.000000
133.000000
144.000000
193.000000
205.000000
206.000000
242.000000
230.000000
286.000000
256.000000
294.000000
275.000000
318.000000
340.000000
419.000000
378.000000
406.000000
434.000000
372.000000
401.000000
290.000000
247.000000
215.000000
196.000000
195.000000
278.000000
745.000000
595.000000
801.000000
1041.000000
868.000000
851.000000
978.000000
937.000000
1021.000000
1152.000000
1757.000000
2089.000000
2655.000000
3160.000000
3668.000000
3768.000000
2944.000000
1824.000000
1512.000000
1214.000000
1103.000000
1036.000000
1220.000000
1372.000000
1690.000000
1669.000000
1579.000000
1517.000000
1486.000000
1307.000000
1316.000000
1398.000000
1368.000000
1323.000000
1332.000000
1408.000000
1276.000000
1251.000000
1244.000000
1145.000000
926.000000
754.000000
579.000000
511.000000
501.000000
439.000000
444.000000
525.000000
598.000000
634.000000
580.000000
632.000000
582.000000
600.000000
604.000000
604.000000
579.000000
606.000000
593.000000
593.000000
749.000000
634.000000
624.000000
751.000000
572.000000
500.000000
363.000000
358.000000
299.000000
281.000000
283.000000
340.000000
446.000000
417.000000
411.000000
480.000000
443.000000
480.000000
487.000000
475.000000
508.000000
485.000000
508.000000
479.000000
441.000000
479.000000
462.000000
459.000000
424.000000
292.000000
228.000000
240.000000
197.000000
219.000000
266.000000
238.000000
333.000000
328.000000
412.000000
309.000000
353.000000
267.000000
307.000000
280.000000
413.000000
429.000000
435.000000
428.000000
441.000000
478.000000
465.000000
476.000000
315.000000
268.000000
242.000000
173.000000
214.000000
160.000000
168.000000
185.000000
303.000000
281.000000
286.000000
237.000000
235.000000
211.000000
239.000000
288.000000
213.000000
224.000000
220.000000
221.000000
229.000000
250.000000
255.000000
213.000000
214.000000
179.000000
140.000000
154.000000
108.000000
125.000000
116.000000
122.000000
129.000000
140.000000
179.000000
180.000000
164.000000
143.000000
185.000000
176.000000
170.000000
184.000000
217.000000
141.000000
157.000000
180.000000
213.000000
208.000000
153.000000
136.000000
178.000000
98.000000
121.000000
118.000000
114.000000
136.000000
120.000000
102.000000
158.000000
171.000000
149.000000
169.000000
146.000000
174.000000
202.000000
136.000000
181.000000
187.000000
239.000000
241.000000
198.000000
216.000000
