436.000000
529.000000
559.000000
612.000000
540.000000
549.000000
550.000000
528.000000
623.000000
524.000000
535.000000
1025.000000
718.000000
608.000000
407.000000
342.000000
234.000000
160.000000
129.000000
129.000000
127.000000
138.000000
207.000000
351.000000
511.000000
673.000000
615.000000
590.000000
629.000000
728.000000
532.000000
556.000000
667.000000
519.000000
525.000000
1154.000000
966.000000
748.000000
511.000000
371.000000
219.000000
177.000000
170.000000
124.000000
117.000000
142.000000
276.000000
344.000000
554.000000
632.000000
704.000000
747.000000
639.000000
809.000000
730.000000
776.000000
793.000000
636.000000
589.000000
1086.000000
995.000000
849.000000
585.000000
387.000000
285.000000
203.000000
198.000000
154.000000
151.000000
154.000000
272.000000
471.000000
761.000000
907.000000
862.000000
914.000000
864.000000
886.000000
945.000000
901.000000
984.000000
850.000000
808.000000
1757.000000
1731.000000
1403.000000
926.000000
646.000000
429.000000
304.000000
248.000000
214.000000
167.000000
242.000000
380.000000
675.000000
1108.000000
1347.000000
1465.000000
1264.000000
1214.000000
1405.000000
1254.000000
1303.000000
1482.000000
1371.000000
1204.000000
1978.000000
1831.000000
1721.000000
1088.000000
856.000000
500.000000
356.000000
262.000000
228.000000
218.000000
286.000000
397.000000
685.000000
991.000000
1208.000000
1316.000000
1221.000000
1321.000000
1264.000000
1472.000000
1519.000000
1341.000000
1300.000000
2299.000000
2180.000000
2688.000000
2142.000000
2002.000000
1246.000000
779.000000
443.000000
300.000000
213.000000
268.000000
302.000000
586.000000
801.000000
1299.000000
1455.000000
1477.000000
1604.000000
1740.000000
1919.000000
1879.000000
1974.000000
2274.000000
2953.000000
4125.000000
5139.000000
6808.000000
7860.000000
7052.000000
5538.000000
3469.000000
2130.000000
1472.000000
1092.000000
1510.000000
3981.000000
8907.000000
11556.000000
12823.000000
12489.000000
10813.000000
8830.000000
7301.000000
6500.000000
5562.000000
4342.000000
3050.000000
1990.000000
4256.000000
5771.000000
5091.000000
5288.000000
4751.000000
4622.000000
3714.000000
3178.000000
3377.000000
2895.000000
2959.000000
3630.000000
4985.000000
5993.000000
6631.000000
6166.000000
5980.000000
5468.000000
5312.000000
4971.000000
4182.000000
3951.000000
3577.000000
3273.000000
3184.000000
3199.000000
2864.000000
3139.000000
2737.000000
2276.000000
2103.000000
1691.000000
1407.000000
1395.000000
1419.000000
1608.000000
1809.000000
2262.000000
2505.000000
2322.000000
2297.000000
2303.000000
2190.000000
1863.000000
1776.000000
1649.000000
1549.000000
1266.000000
1183.000000
1332.000000
1224.000000
1202.000000
1238.000000
1008.000000
731.000000
703.000000
589.000000
533.000000
489.000000
612.000000
620.000000
838.000000
905.000000
965.000000
973.000000
1079.000000
1113.000000
1026.000000
843.000000
883.000000
879.000000
780.000000
773.000000
930.000000
813.000000
857.000000
805.000000
875.000000
653.000000
500.000000
526.000000
402.000000
420.000000
516.000000
588.000000
643.000000
766.000000
812.000000
766.000000
714.000000
772.000000
738.000000
679.000000
716.000000
751.000000
618.000000
699.000000
728.000000
704.000000
723.000000
617.000000
576.000000
484.000000
353.000000
373.000000
323.000000
277.000000
396.000000
374.000000
460.000000
487.000000
514.000000
557.000000
482.000000
515.000000
530.000000
453.000000
433.000000
458.000000
397.000000
477.000000
433.000000
440.000000
504.000000
495.000000
423.000000
344.000000
301.000000
282.000000
259.000000
227.000000
258.000000
338.000000
371.000000
387.000000
410.000000
455.000000
386.000000
438.000000
438.000000
378.000000
364.000000
406.000000
359.000000
381.000000
447.000000
414.000000
458.000000
409.000000
357.000000
331.000000
277.000000
272.000000
215.000000
222.000000
232.000000
290.000000
342.000000
405.000000
