389.000000
359.000000
367.000000
355.000000
296.000000
265.000000
210.000000
214.000000
287.000000
331.000000
296.000000
293.000000
512.000000
525.000000
372.000000
358.000000
476.000000
805.000000
887.000000
820.000000
746.000000
634.000000
581.000000
505.000000
515.000000
519.000000
509.000000
402.000000
297.000000
237.000000
197.000000
140.000000
165.000000
194.000000
236.000000
326.000000
455.000000
586.000000
552.000000
432.000000
478.000000
502.000000
508.000000
475.000000
428.000000
408.000000
390.000000
403.000000
401.000000
397.000000
343.000000
331.000000
216.000000
179.000000
147.000000
167.000000
148.000000
141.000000
232.000000
290.000000
429.000000
497.000000
377.000000
369.000000
456.000000
479.000000
453.000000
531.000000
575.000000
420.000000
526.000000
521.000000
527.000000
459.000000
383.000000
324.000000
279.000000
233.000000
185.000000
207.000000
213.000000
187.000000
294.000000
391.000000
506.000000
512.000000
629.000000
606.000000
718.000000
744.000000
717.000000
720.000000
590.000000
629.000000
494.000000
587.000000
525.000000
513.000000
486.000000
398.000000
321.000000
229.000000
232.000000
208.000000
180.000000
174.000000
269.000000
449.000000
552.000000
631.000000
726.000000
537.000000
510.000000
611.000000
676.000000
666.000000
674.000000
544.000000
635.000000
812.000000
596.000000
807.000000
644.000000
592.000000
426.000000
340.000000
322.000000
319.000000
339.000000
347.000000
346.000000
429.000000
523.000000
552.000000
645.000000
695.000000
759.000000
808.000000
851.000000
715.000000
740.000000
834.000000
817.000000
718.000000
960.000000
1043.000000
848.000000
764.000000
577.000000
520.000000
457.000000
412.000000
371.000000
428.000000
570.000000
507.000000
609.000000
747.000000
820.000000
858.000000
991.000000
1031.000000
941.000000
1093.000000
1220.000000
2109.000000
2625.000000
2727.000000
2744.000000
2618.000000
2561.000000
2302.000000
1786.000000
1604.000000
1269.000000
1238.000000
1226.000000
1074.000000
1076.000000
1242.000000
1319.000000
1180.000000
1245.000000
1288.000000
1422.000000
1483.000000
1480.000000
1081.000000
997.000000
890.000000
1007.000000
1562.000000
1115.000000
892.000000
820.000000
879.000000
425.000000
343.000000
340.000000
558.000000
397.000000
378.000000
442.000000
390.000000
554.000000
481.000000
434.000000
374.000000
325.000000
388.000000
547.000000
486.000000
359.000000
418.000000
379.000000
586.000000
251.000000
252.000000
219.000000
211.000000
377.000000
158.000000
171.000000
187.000000
177.000000
146.000000
165.000000
161.000000
191.000000
181.000000
164.000000
162.000000
209.000000
203.000000
259.000000
266.000000
278.000000
251.000000
227.000000
213.000000
169.000000
292.000000
234.000000
153.000000
128.000000
122.000000
147.000000
134.000000
122.000000
113.000000
137.000000
124.000000
143.000000
179.000000
218.000000
197.000000
224.000000
191.000000
177.000000
191.000000
166.000000
166.000000
171.000000
130.000000
137.000000
139.000000
149.000000
147.000000
143.000000
135.000000
127.000000
152.000000
70.000000
76.000000
91.000000
117.000000
155.000000
160.000000
131.000000
133.000000
144.000000
126.000000
171.000000
165.000000
155.000000
139.000000
138.000000
140.000000
111.000000
89.000000
99.000000
81.000000
76.000000
65.000000
84.000000
76.000000
79.000000
102.000000
80.000000
76.000000
68.000000
95.000000
91.000000
79.000000
88.000000
95.000000
114.000000
119.000000
104.000000
92.000000
83.000000
96.000000
109.000000
75.000000
56.000000
51.000000
64.000000
40.000000
31.000000
44.000000
38.000000
50.000000
56.000000
35.000000
58.000000
69.000000
56.000000
67.000000
69.000000
78.000000
92.000000
98.000000
72.000000
80.000000
72.000000
67.000000
83.000000
