228.000000
207.000000
167.000000
142.000000
139.000000
93.000000
90.000000
102.000000
96.000000
147.000000
137.000000
162.000000
215.000000
231.000000
245.000000
232.000000
264.000000
246.000000
241.000000
211.000000
219.000000
204.000000
175.000000
220.000000
208.000000
173.000000
172.000000
138.000000
132.000000
76.000000
102.000000
98.000000
86.000000
117.000000
162.000000
150.000000
206.000000
189.000000
226.000000
214.000000
198.000000
218.000000
198.000000
202.000000
213.000000
201.000000
177.000000
157.000000
195.000000
178.000000
148.000000
122.000000
96.000000
101.000000
59.000000
86.000000
89.000000
105.000000
120.000000
164.000000
167.000000
183.000000
159.000000
238.000000
204.000000
193.000000
217.000000
195.000000
195.000000
206.000000
187.000000
172.000000
217.000000
201.000000
159.000000
114.000000
118.000000
109.000000
91.000000
88.000000
107.000000
151.000000
147.000000
237.000000
221.000000
271.000000
237.000000
237.000000
223.000000
278.000000
269.000000
232.000000
234.000000
256.000000
262.000000
227.000000
260.000000
315.000000
255.000000
199.000000
146.000000
177.000000
139.000000
143.000000
127.000000
167.000000
231.000000
307.000000
290.000000
380.000000
337.000000
364.000000
285.000000
344.000000
420.000000
353.000000
369.000000
369.000000
333.000000
340.000000
347.000000
314.000000
244.000000
210.000000
188.000000
152.000000
159.000000
152.000000
149.000000
209.000000
301.000000
304.000000
345.000000
431.000000
511.000000
575.000000
525.000000
600.000000
815.000000
909.000000
844.000000
855.000000
765.000000
632.000000
755.000000
714.000000
628.000000
520.000000
494.000000
399.000000
415.000000
512.000000
579.000000
728.000000
773.000000
1019.000000
1163.000000
1266.000000
1373.000000
1439.000000
1315.000000
1493.000000
1995.000000
2324.000000
2892.000000
3382.000000
3390.000000
3536.000000
3910.000000
3420.000000
2802.000000
2366.000000
2063.000000
1681.000000
1523.000000
1464.000000
1726.000000
1928.000000
2168.000000
2413.000000
2198.000000
2110.000000
2040.000000
1932.000000
1841.000000
1766.000000
1500.000000
1482.000000
1367.000000
1282.000000
1048.000000
943.000000
989.000000
850.000000
673.000000
526.000000
467.000000
393.000000
451.000000
384.000000
382.000000
419.000000
474.000000
549.000000
553.000000
531.000000
548.000000
562.000000
575.000000
587.000000
459.000000
461.000000
443.000000
433.000000
374.000000
286.000000
362.000000
341.000000
229.000000
197.000000
187.000000
170.000000
155.000000
139.000000
196.000000
188.000000
226.000000
238.000000
220.000000
262.000000
221.000000
263.000000
246.000000
273.000000
218.000000
154.000000
219.000000
199.000000
205.000000
162.000000
207.000000
191.000000
139.000000
131.000000
104.000000
94.000000
83.000000
100.000000
92.000000
108.000000
137.000000
137.000000
170.000000
153.000000
158.000000
149.000000
181.000000
166.000000
149.000000
172.000000
143.000000
157.000000
138.000000
124.000000
140.000000
119.000000
102.000000
90.000000
71.000000
66.000000
66.000000
69.000000
77.000000
99.000000
78.000000
105.000000
152.000000
129.000000
136.000000
139.000000
110.000000
134.000000
155.000000
141.000000
223.000000
143.000000
113.000000
130.000000
130.000000
117.000000
108.000000
72.000000
58.000000
69.000000
64.000000
65.000000
76.000000
67.000000
87.000000
90.000000
103.000000
117.000000
111.000000
128.000000
107.000000
131.000000
83.000000
113.000000
89.000000
89.000000
110.000000
86.000000
78.000000
85.000000
79.000000
71.000000
55.000000
63.000000
53.000000
41.000000
57.000000
62.000000
73.000000
77.000000
70.000000
97.000000
82.000000
87.000000
99.000000
96.000000
106.000000
76.000000
78.000000
102.000000
89.000000
83.000000
82.000000
