4384.000000
4825.000000
4750.000000
4937.000000
5348.000000
5638.000000
6312.000000
6583.000000
6619.000000
7074.000000
6823.000000
6908.000000
6336.000000
6393.000000
6189.000000
5996.000000
4941.000000
4640.000000
4677.000000
4534.000000
4086.000000
3832.000000
3730.000000
3945.000000
4533.000000
4568.000000
4695.000000
4979.000000
5357.000000
5542.000000
5976.000000
6298.000000
7619.000000
6481.000000
6485.000000
6762.000000
6656.000000
6670.000000
6629.000000
6188.000000
5298.000000
4997.000000
4770.000000
4610.000000
4236.000000
4010.000000
3912.000000
4194.000000
4579.000000
5048.000000
5169.000000
5384.000000
5736.000000
6213.000000
6982.000000
7253.000000
7389.000000
7305.000000
7257.000000
6963.000000
7157.000000
6922.000000
6613.000000
5994.000000
5302.000000
4996.000000
4714.000000
4463.000000
4272.000000
4050.000000
3760.000000
3791.000000
4043.000000
4479.000000
4760.000000
5143.000000
5416.000000
5854.000000
6274.000000
6816.000000
6974.000000
7068.000000
7387.000000
7487.000000
7593.000000
8176.000000
7990.000000
7266.000000
7025.000000
6519.000000
5922.000000
5729.000000
5735.000000
5561.000000
5549.000000
5730.000000
5755.000000
5951.000000
6323.000000
6612.000000
7252.000000
7996.000000
10177.000000
12684.000000
13842.000000
14040.000000
14676.000000
14952.000000
12380.000000
13474.000000
15720.000000
14604.000000
12275.000000
10371.000000
9795.000000
9857.000000
9612.000000
9725.000000
9970.000000
10940.000000
12239.000000
13303.000000
13842.000000
14013.000000
14403.000000
16037.000000
17606.000000
18775.000000
19871.000000
21384.000000
23201.000000
23859.000000
23054.000000
24128.000000
22802.000000
21382.000000
20327.000000
18287.000000
17515.000000
18462.000000
18589.000000
19097.000000
21296.000000
23585.000000
24782.000000
24793.000000
24189.000000
25814.000000
29048.000000
31742.000000
36673.000000
40447.000000
42461.000000
44532.000000
46093.000000
45910.000000
45173.000000
45149.000000
39313.000000
39573.000000
46459.000000
60992.000000
78993.000000
85076.000000
102447.000000
177090.000000
177623.000000
169267.000000
182531.000000
130784.000000
89900.000000
77333.000000
86309.000000
96737.000000
98001.000000
99233.000000
94798.000000
95028.000000
86038.000000
79210.000000
74253.000000
70951.000000
64355.000000
58589.000000
50560.000000
46788.000000
43767.000000
42158.000000
38048.000000
34502.000000
29893.000000
27026.000000
25033.000000
24354.000000
23076.000000
22925.000000
24564.000000
28701.000000
32816.000000
35794.000000
37117.000000
40260.000000
39871.000000
38510.000000
37665.000000
36402.000000
35168.000000
33924.000000
31202.000000
28694.000000
27129.000000
27038.000000
26059.000000
24313.000000
21104.000000
18484.000000
17121.000000
18867.000000
15459.000000
15889.000000
16605.000000
19246.000000
21755.000000
24298.000000
25376.000000
25729.000000
26304.000000
25710.000000
24529.000000
24528.000000
22638.000000
20925.000000
20173.000000
18291.000000
17473.000000
16345.000000
16469.000000
15039.000000
13050.000000
11548.000000
10010.000000
9981.000000
10000.000000
9885.000000
10821.000000
12298.000000
14303.000000
15799.000000
16808.000000
17275.000000
17982.000000
18091.000000
18023.000000
17856.000000
17238.000000
17960.000000
31044.000000
16533.000000
16781.000000
16717.000000
16221.000000
15053.000000
13864.000000
11447.000000
10340.000000
9520.000000
9287.000000
9299.000000
10364.000000
11904.000000
16144.000000
17336.000000
19235.000000
19481.000000
19004.000000
18827.000000
18837.000000
18248.000000
17860.000000
16503.000000
16277.000000
15446.000000
15953.000000
15317.000000
14586.000000
12551.000000
11116.000000
9592.000000
8587.000000
7846.000000
7745.000000
7756.000000
8410.000000
10414.000000
12539.000000
14285.000000
15399.000000
16128.000000
16310.000000
16239.000000
15482.000000
15288.000000
15022.000000
14227.000000
12643.000000
11676.000000
11909.000000
11511.000000
10840.000000
9270.000000
11151.000000
9571.000000
8208.000000
7511.000000
7068.000000
7252.000000
8078.000000
10106.000000
11884.000000
13526.000000
14735.000000
14787.000000
15198.000000
15618.000000
15511.000000
15619.000000
16609.000000
15499.000000
13899.000000
13668.000000
12673.000000
12541.000000
12195.000000
10557.000000
8831.000000
7694.000000
6737.000000
