273.000000
286.000000
309.000000
254.000000
230.000000
221.000000
185.000000
168.000000
159.000000
242.000000
208.000000
201.000000
171.000000
200.000000
228.000000
171.000000
169.000000
137.000000
145.000000
127.000000
163.000000
166.000000
171.000000
208.000000
205.000000
201.000000
214.000000
206.000000
187.000000
150.000000
136.000000
141.000000
172.000000
137.000000
202.000000
198.000000
188.000000
207.000000
241.000000
233.000000
227.000000
234.000000
265.000000
259.000000
217.000000
244.000000
237.000000
276.000000
283.000000
297.000000
250.000000
239.000000
173.000000
197.000000
174.000000
142.000000
177.000000
212.000000
181.000000
220.000000
208.000000
287.000000
251.000000
236.000000
289.000000
243.000000
280.000000
291.000000
306.000000
270.000000
323.000000
329.000000
326.000000
368.000000
283.000000
318.000000
267.000000
249.000000
255.000000
177.000000
183.000000
180.000000
200.000000
199.000000
197.000000
190.000000
186.000000
165.000000
213.000000
191.000000
168.000000
155.000000
191.000000
176.000000
248.000000
204.000000
215.000000
246.000000
239.000000
199.000000
197.000000
182.000000
210.000000
185.000000
188.000000
153.000000
209.000000
202.000000
206.000000
209.000000
241.000000
196.000000
182.000000
226.000000
228.000000
243.000000
237.000000
223.000000
246.000000
265.000000
320.000000
307.000000
300.000000
308.000000
284.000000
437.000000
394.000000
377.000000
438.000000
438.000000
551.000000
576.000000
600.000000
589.000000
565.000000
514.000000
510.000000
593.000000
593.000000
568.000000
586.000000
559.000000
682.000000
768.000000
900.000000
855.000000
849.000000
651.000000
605.000000
618.000000
553.000000
600.000000
832.000000
926.000000
1061.000000
1208.000000
1411.000000
1587.000000
1484.000000
1415.000000
1538.000000
1646.000000
1638.000000
1524.000000
1578.000000
1817.000000
4031.000000
3970.000000
4131.000000
3938.000000
4099.000000
3268.000000
3033.000000
2646.000000
2422.000000
2312.000000
2407.000000
2159.000000
2066.000000
1961.000000
1867.000000
1984.000000
1767.000000
1604.000000
1510.000000
1514.000000
1369.000000
1242.000000
1181.000000
1187.000000
1224.000000
1283.000000
1291.000000
1275.000000
1058.000000
936.000000
853.000000
723.000000
675.000000
639.000000
548.000000
525.000000
558.000000
595.000000
586.000000
559.000000
518.000000
462.000000
500.000000
408.000000
377.000000
380.000000
410.000000
407.000000
385.000000
434.000000
446.000000
470.000000
403.000000
368.000000
301.000000
248.000000
269.000000
218.000000
224.000000
207.000000
248.000000
245.000000
265.000000
231.000000
268.000000
222.000000
236.000000
215.000000
205.000000
200.000000
207.000000
207.000000
181.000000
220.000000
264.000000
239.000000
259.000000
231.000000
226.000000
182.000000
185.000000
176.000000
148.000000
147.000000
144.000000
143.000000
156.000000
151.000000
141.000000
122.000000
118.000000
141.000000
458.000000
509.000000
471.000000
486.000000
415.000000
447.000000
534.000000
522.000000
547.000000
554.000000
518.000000
555.000000
495.000000
442.000000
420.000000
440.000000
427.000000
455.000000
446.000000
366.000000
354.000000
310.000000
278.000000
236.000000
223.000000
180.000000
239.000000
221.000000
226.000000
245.000000
278.000000
332.000000
268.000000
318.000000
290.000000
258.000000
249.000000
226.000000
215.000000
249.000000
213.000000
255.000000
243.000000
252.000000
227.000000
209.000000
210.000000
234.000000
203.000000
180.000000
202.000000
183.000000
214.000000
292.000000
300.000000
248.000000
262.000000
270.000000
272.000000
207.000000
233.000000
223.000000
208.000000
164.000000
183.000000
178.000000
205.000000
168.000000
163.000000
147.000000
156.000000
157.000000
139.000000
144.000000
161.000000
150.000000
174.000000
201.000000
272.000000
