466.000000
393.000000
414.000000
459.000000
416.000000
378.000000
342.000000
251.000000
274.000000
286.000000
241.000000
213.000000
307.000000
273.000000
353.000000
370.000000
435.000000
414.000000
461.000000
427.000000
438.000000
485.000000
570.000000
663.000000
635.000000
620.000000
606.000000
601.000000
580.000000
479.000000
435.000000
342.000000
297.000000
295.000000
295.000000
237.000000
300.000000
301.000000
378.000000
424.000000
479.000000
464.000000
517.000000
578.000000
486.000000
536.000000
585.000000
593.000000
642.000000
568.000000
571.000000
468.000000
586.000000
408.000000
319.000000
312.000000
275.000000
269.000000
222.000000
222.000000
230.000000
290.000000
321.000000
327.000000
408.000000
416.000000
516.000000
707.000000
615.000000
563.000000
562.000000
598.000000
599.000000
870.000000
689.000000
686.000000
732.000000
655.000000
543.000000
409.000000
376.000000
341.000000
346.000000
283.000000
315.000000
365.000000
476.000000
488.000000
515.000000
582.000000
702.000000
690.000000
703.000000
791.000000
858.000000
783.000000
750.000000
738.000000
699.000000
680.000000
757.000000
463.000000
605.000000
364.000000
385.000000
388.000000
347.000000
352.000000
426.000000
536.000000
526.000000
619.000000
582.000000
667.000000
731.000000
845.000000
812.000000
854.000000
940.000000
883.000000
856.000000
846.000000
810.000000
768.000000
852.000000
648.000000
525.000000
516.000000
416.000000
448.000000
403.000000
398.000000
402.000000
476.000000
558.000000
600.000000
664.000000
738.000000
819.000000
904.000000
966.000000
954.000000
996.000000
1160.000000
1196.000000
1133.000000
1443.000000
1527.000000
1395.000000
1368.000000
1495.000000
1385.000000
1291.000000
1409.000000
1295.000000
1337.000000
1541.000000
1754.000000
2013.000000
2486.000000
2614.000000
2966.000000
3234.000000
3626.000000
4203.000000
4477.000000
4659.000000
5448.000000
11019.000000
9553.000000
8875.000000
7771.000000
8216.000000
8824.000000
8127.000000
7501.000000
6563.000000
5816.000000
5261.000000
5213.000000
5631.000000
6203.000000
6391.000000
6358.000000
6316.000000
6709.000000
6882.000000
7146.000000
7079.000000
7055.000000
6434.000000
5915.000000
5491.000000
5213.000000
4597.000000
4129.000000
3498.000000
3141.000000
3030.000000
2789.000000
2543.000000
2389.000000
2150.000000
2035.000000
1932.000000
2030.000000
2175.000000
2159.000000
2294.000000
2406.000000
2617.000000
2781.000000
2835.000000
2836.000000
2967.000000
3050.000000
3118.000000
2878.000000
2960.000000
2453.000000
2316.000000
2164.000000
2030.000000
1883.000000
1877.000000
1718.000000
1497.000000
1348.000000
1216.000000
1305.000000
1283.000000
1306.000000
1411.000000
1502.000000
1656.000000
1918.000000
1938.000000
2053.000000
1986.000000
1977.000000
1988.000000
1948.000000
1833.000000
1659.000000
1664.000000
1480.000000
1212.000000
1367.000000
1207.000000
1056.000000
1036.000000
930.000000
807.000000
876.000000
903.000000
894.000000
951.000000
1055.000000
1205.000000
1287.000000
1331.000000
1397.000000
1418.000000
1328.000000
1223.000000
1193.000000
1224.000000
1057.000000
937.000000
944.000000
829.000000
831.000000
768.000000
689.000000
612.000000
683.000000
551.000000
572.000000
709.000000
681.000000
757.000000
770.000000
855.000000
1084.000000
965.000000
864.000000
816.000000
744.000000
680.000000
676.000000
631.000000
563.000000
539.000000
533.000000
447.000000
466.000000
397.000000
442.000000
384.000000
356.000000
346.000000
367.000000
312.000000
387.000000
367.000000
434.000000
459.000000
479.000000
514.000000
505.000000
554.000000
560.000000
553.000000
551.000000
469.000000
419.000000
413.000000
357.000000
318.000000
296.000000
214.000000
212.000000
192.000000
190.000000
170.000000
142.000000
146.000000
200.000000
193.000000
207.000000
227.000000
264.000000
310.000000
272.000000
271.000000
280.000000
313.000000
