380.000000
384.000000
401.000000
352.000000
265.000000
243.000000
179.000000
171.000000
158.000000
165.000000
165.000000
211.000000
285.000000
323.000000
357.000000
408.000000
400.000000
423.000000
437.000000
457.000000
401.000000
420.000000
384.000000
400.000000
378.000000
338.000000
385.000000
297.000000
280.000000
159.000000
151.000000
150.000000
116.000000
144.000000
140.000000
212.000000
231.000000
284.000000
349.000000
341.000000
289.000000
356.000000
366.000000
380.000000
418.000000
381.000000
358.000000
380.000000
343.000000
376.000000
348.000000
318.000000
242.000000
183.000000
148.000000
105.000000
120.000000
107.000000
121.000000
198.000000
209.000000
292.000000
352.000000
353.000000
370.000000
406.000000
440.000000
419.000000
414.000000
420.000000
418.000000
419.000000
435.000000
406.000000
394.000000
336.000000
257.000000
271.000000
196.000000
172.000000
138.000000
157.000000
188.000000
227.000000
336.000000
394.000000
480.000000
489.000000
546.000000
604.000000
607.000000
605.000000
568.000000
570.000000
531.000000
453.000000
441.000000
504.000000
503.000000
529.000000
402.000000
316.000000
242.000000
200.000000
192.000000
185.000000
194.000000
223.000000
302.000000
349.000000
442.000000
448.000000
459.000000
529.000000
565.000000
583.000000
581.000000
603.000000
633.000000
614.000000
548.000000
591.000000
607.000000
528.000000
458.000000
384.000000
342.000000
270.000000
208.000000
204.000000
249.000000
314.000000
356.000000
469.000000
564.000000
627.000000
750.000000
788.000000
798.000000
904.000000
942.000000
1100.000000
1182.000000
1307.000000
1350.000000
1271.000000
1112.000000
1143.000000
921.000000
763.000000
709.000000
582.000000
504.000000
557.000000
606.000000
770.000000
1004.000000
1381.000000
1757.000000
1806.000000
1910.000000
1973.000000
2153.000000
2668.000000
3681.000000
6286.000000
8906.000000
9691.000000
9896.000000
8873.000000
6969.000000
6146.000000
4700.000000
3541.000000
2883.000000
2267.000000
2176.000000
2081.000000
2125.000000
2329.000000
2856.000000
3326.000000
3625.000000
3592.000000
3312.000000
3276.000000
3243.000000
3206.000000
3122.000000
3191.000000
3215.000000
3148.000000
2679.000000
2680.000000
2403.000000
2553.000000
2773.000000
2527.000000
2461.000000
2343.000000
2085.000000
2061.000000
1969.000000
2128.000000
2470.000000
2577.000000
2537.000000
2601.000000
2525.000000
2622.000000
2693.000000
2752.000000
2759.000000
2575.000000
2474.000000
2558.000000
2188.000000
2012.000000
1907.000000
1721.000000
1461.000000
1314.000000
1290.000000
1237.000000
1058.000000
984.000000
1064.000000
1003.000000
1138.000000
1098.000000
1120.000000
1109.000000
1101.000000
1257.000000
1336.000000
1588.000000
1519.000000
1430.000000
1299.000000
1267.000000
1272.000000
1266.000000
1097.000000
1022.000000
850.000000
778.000000
641.000000
632.000000
664.000000
643.000000
638.000000
581.000000
684.000000
705.000000
657.000000
688.000000
702.000000
792.000000
827.000000
905.000000
1090.000000
992.000000
1060.000000
792.000000
698.000000
657.000000
899.000000
712.000000
702.000000
592.000000
535.000000
543.000000
496.000000
502.000000
467.000000
461.000000
489.000000
474.000000
511.000000
511.000000
559.000000
597.000000
653.000000
711.000000
642.000000
738.000000
708.000000
695.000000
654.000000
683.000000
638.000000
591.000000
471.000000
432.000000
444.000000
443.000000
408.000000
407.000000
358.000000
359.000000
386.000000
435.000000
395.000000
429.000000
451.000000
446.000000
480.000000
577.000000
614.000000
614.000000
618.000000
630.000000
624.000000
674.000000
601.000000
554.000000
532.000000
498.000000
425.000000
359.000000
394.000000
397.000000
388.000000
367.000000
421.000000
393.000000
391.000000
388.000000
448.000000
445.000000
505.000000
573.000000
553.000000
622.000000
608.000000
603.000000
630.000000
