20.000000
19.000000
14.000000
16.000000
18.000000
8.000000
15.000000
8.000000
8.000000
13.000000
10.000000
14.000000
10.000000
15.000000
8.000000
17.000000
24.000000
26.000000
14.000000
23.000000
15.000000
18.000000
20.000000
32.000000
35.000000
27.000000
23.000000
23.000000
16.000000
16.000000
14.000000
16.000000
12.000000
12.000000
15.000000
17.000000
11.000000
13.000000
11.000000
24.000000
33.000000
49.000000
38.000000
22.000000
29.000000
16.000000
28.000000
30.000000
37.000000
27.000000
28.000000
29.000000
25.000000
27.000000
18.000000
16.000000
16.000000
16.000000
24.000000
21.000000
11.000000
20.000000
14.000000
21.000000
14.000000
37.000000
37.000000
36.000000
28.000000
41.000000
49.000000
49.000000
42.000000
23.000000
26.000000
28.000000
31.000000
17.000000
20.000000
18.000000
16.000000
25.000000
21.000000
27.000000
21.000000
30.000000
32.000000
25.000000
29.000000
33.000000
27.000000
35.000000
25.000000
36.000000
47.000000
41.000000
39.000000
41.000000
37.000000
42.000000
48.000000
39.000000
25.000000
21.000000
33.000000
30.000000
14.000000
14.000000
19.000000
17.000000
27.000000
30.000000
27.000000
45.000000
36.000000
45.000000
33.000000
44.000000
47.000000
43.000000
47.000000
44.000000
42.000000
47.000000
21.000000
24.000000
25.000000
31.000000
23.000000
32.000000
47.000000
34.000000
47.000000
54.000000
106.000000
169.000000
206.000000
142.000000
166.000000
180.000000
200.000000
272.000000
310.000000
302.000000
341.000000
368.000000
395.000000
368.000000
350.000000
276.000000
251.000000
181.000000
186.000000
184.000000
178.000000
152.000000
982.000000
1142.000000
1052.000000
1033.000000
994.000000
896.000000
1007.000000
1097.000000
1238.000000
1240.000000
1247.000000
1235.000000
1276.000000
1041.000000
793.000000
767.000000
715.000000
579.000000
540.000000
493.000000
416.000000
441.000000
370.000000
385.000000
337.000000
284.000000
277.000000
250.000000
287.000000
262.000000
309.000000
339.000000
396.000000
403.000000
407.000000
370.000000
449.000000
368.000000
356.000000
339.000000
362.000000
312.000000
280.000000
281.000000
256.000000
262.000000
247.000000
327.000000
201.000000
290.000000
185.000000
183.000000
234.000000
190.000000
180.000000
240.000000
231.000000
275.000000
261.000000
234.000000
256.000000
214.000000
162.000000
138.000000
162.000000
143.000000
133.000000
96.000000
108.000000
134.000000
121.000000
101.000000
92.000000
88.000000
87.000000
105.000000
121.000000
110.000000
120.000000
140.000000
152.000000
127.000000
134.000000
238.000000
132.000000
161.000000
179.000000
140.000000
201.000000
116.000000
102.000000
91.000000
99.000000
132.000000
102.000000
111.000000
76.000000
112.000000
81.000000
101.000000
103.000000
119.000000
107.000000
104.000000
125.000000
105.000000
45.000000
30.000000
42.000000
38.000000
42.000000
40.000000
38.000000
18.000000
24.000000
31.000000
12.000000
22.000000
10.000000
23.000000
15.000000
8.000000
9.000000
25.000000
24.000000
21.000000
36.000000
26.000000
32.000000
32.000000
18.000000
27.000000
35.000000
27.000000
30.000000
22.000000
24.000000
26.000000
21.000000
17.000000
22.000000
14.000000
12.000000
18.000000
9.000000
12.000000
18.000000
16.000000
14.000000
21.000000
18.000000
22.000000
20.000000
25.000000
23.000000
33.000000
30.000000
31.000000
26.000000
39.000000
29.000000
22.000000
19.000000
13.000000
20.000000
17.000000
5.000000
12.000000
12.000000
12.000000
19.000000
22.000000
18.000000
22.000000
24.000000
27.000000
23.000000
28.000000
16.000000
30.000000
33.000000
