40.000000
34.000000
40.000000
35.000000
28.000000
21.000000
24.000000
24.000000
28.000000
35.000000
48.000000
42.000000
33.000000
38.000000
50.000000
51.000000
41.000000
40.000000
31.000000
55.000000
28.000000
36.000000
24.000000
52.000000
39.000000
19.000000
34.000000
28.000000
27.000000
20.000000
12.000000
21.000000
27.000000
37.000000
40.000000
35.000000
41.000000
50.000000
48.000000
42.000000
55.000000
48.000000
52.000000
50.000000
50.000000
54.000000
52.000000
56.000000
29.000000
39.000000
35.000000
29.000000
16.000000
16.000000
15.000000
20.000000
17.000000
34.000000
41.000000
48.000000
40.000000
40.000000
51.000000
65.000000
50.000000
47.000000
55.000000
48.000000
50.000000
44.000000
47.000000
68.000000
38.000000
53.000000
31.000000
36.000000
30.000000
20.000000
20.000000
21.000000
28.000000
41.000000
34.000000
64.000000
72.000000
56.000000
79.000000
69.000000
61.000000
99.000000
74.000000
57.000000
68.000000
68.000000
58.000000
45.000000
42.000000
57.000000
37.000000
27.000000
38.000000
38.000000
22.000000
32.000000
42.000000
55.000000
52.000000
56.000000
72.000000
70.000000
88.000000
79.000000
59.000000
54.000000
65.000000
63.000000
56.000000
68.000000
63.000000
88.000000
83.000000
66.000000
48.000000
36.000000
27.000000
36.000000
40.000000
47.000000
41.000000
28.000000
50.000000
62.000000
93.000000
97.000000
100.000000
98.000000
93.000000
99.000000
113.000000
121.000000
125.000000
99.000000
110.000000
142.000000
129.000000
119.000000
100.000000
103.000000
88.000000
105.000000
80.000000
105.000000
105.000000
124.000000
170.000000
224.000000
349.000000
336.000000
410.000000
435.000000
460.000000
505.000000
551.000000
585.000000
792.000000
1408.000000
1879.000000
2314.000000
2537.000000
1532.000000
960.000000
623.000000
539.000000
463.000000
364.000000
396.000000
533.000000
546.000000
660.000000
627.000000
586.000000
573.000000
556.000000
469.000000
463.000000
385.000000
370.000000
321.000000
333.000000
324.000000
332.000000
291.000000
248.000000
187.000000
151.000000
136.000000
125.000000
98.000000
107.000000
127.000000
99.000000
99.000000
140.000000
166.000000
148.000000
157.000000
178.000000
181.000000
171.000000
169.000000
150.000000
116.000000
113.000000
143.000000
88.000000
88.000000
89.000000
72.000000
78.000000
64.000000
62.000000
62.000000
49.000000
42.000000
47.000000
69.000000
81.000000
92.000000
106.000000
79.000000
92.000000
77.000000
81.000000
89.000000
72.000000
69.000000
84.000000
73.000000
75.000000
83.000000
90.000000
47.000000
49.000000
45.000000
39.000000
36.000000
41.000000
34.000000
38.000000
41.000000
65.000000
78.000000
80.000000
79.000000
89.000000
68.000000
72.000000
64.000000
52.000000
75.000000
54.000000
83.000000
67.000000
65.000000
65.000000
41.000000
36.000000
30.000000
26.000000
27.000000
33.000000
57.000000
38.000000
63.000000
57.000000
58.000000
52.000000
59.000000
53.000000
75.000000
46.000000
41.000000
64.000000
67.000000
42.000000
43.000000
42.000000
49.000000
44.000000
45.000000
29.000000
23.000000
29.000000
16.000000
24.000000
33.000000
22.000000
37.000000
44.000000
35.000000
58.000000
71.000000
45.000000
45.000000
56.000000
45.000000
50.000000
32.000000
35.000000
49.000000
39.000000
40.000000
34.000000
40.000000
47.000000
35.000000
31.000000
29.000000
25.000000
23.000000
18.000000
22.000000
21.000000
42.000000
38.000000
37.000000
44.000000
56.000000
39.000000
39.000000
51.000000
46.000000
44.000000
43.000000
44.000000
30.000000
43.000000
