115.000000
119.000000
114.000000
135.000000
121.000000
128.000000
120.000000
136.000000
169.000000
205.000000
157.000000
161.000000
101.000000
83.000000
47.000000
34.000000
21.000000
23.000000
19.000000
41.000000
69.000000
92.000000
110.000000
120.000000
138.000000
132.000000
129.000000
125.000000
128.000000
128.000000
102.000000
102.000000
97.000000
145.000000
107.000000
110.000000
86.000000
57.000000
35.000000
36.000000
19.000000
26.000000
22.000000
48.000000
63.000000
67.000000
86.000000
105.000000
117.000000
105.000000
133.000000
143.000000
125.000000
116.000000
111.000000
123.000000
120.000000
139.000000
133.000000
139.000000
109.000000
69.000000
29.000000
49.000000
22.000000
24.000000
31.000000
44.000000
83.000000
90.000000
102.000000
101.000000
125.000000
126.000000
142.000000
166.000000
132.000000
126.000000
110.000000
119.000000
126.000000
106.000000
133.000000
143.000000
97.000000
71.000000
35.000000
42.000000
26.000000
23.000000
33.000000
47.000000
60.000000
86.000000
107.000000
132.000000
158.000000
163.000000
141.000000
156.000000
160.000000
135.000000
148.000000
137.000000
162.000000
174.000000
202.000000
191.000000
191.000000
88.000000
49.000000
51.000000
35.000000
31.000000
38.000000
51.000000
106.000000
106.000000
139.000000
152.000000
153.000000
221.000000
202.000000
241.000000
195.000000
226.000000
191.000000
233.000000
219.000000
269.000000
214.000000
233.000000
182.000000
110.000000
83.000000
83.000000
62.000000
42.000000
73.000000
101.000000
168.000000
225.000000
243.000000
289.000000
289.000000
267.000000
291.000000
311.000000
310.000000
335.000000
429.000000
401.000000
366.000000
393.000000
469.000000
576.000000
600.000000
563.000000
408.000000
315.000000
299.000000
289.000000
272.000000
399.000000
536.000000
684.000000
709.000000
793.000000
1631.000000
1134.000000
965.000000
992.000000
990.000000
978.000000
915.000000
946.000000
850.000000
792.000000
882.000000
751.000000
717.000000
497.000000
325.000000
227.000000
190.000000
163.000000
202.000000
275.000000
407.000000
519.000000
564.000000
553.000000
491.000000
516.000000
495.000000
615.000000
564.000000
533.000000
447.000000
428.000000
398.000000
415.000000
347.000000
360.000000
305.000000
208.000000
138.000000
136.000000
86.000000
71.000000
74.000000
140.000000
223.000000
215.000000
251.000000
306.000000
280.000000
295.000000
294.000000
287.000000
277.000000
304.000000
268.000000
246.000000
240.000000
255.000000
220.000000
212.000000
171.000000
112.000000
83.000000
54.000000
57.000000
57.000000
56.000000
68.000000
95.000000
101.000000
145.000000
156.000000
180.000000
163.000000
196.000000
143.000000
170.000000
144.000000
160.000000
127.000000
140.000000
148.000000
132.000000
146.000000
91.000000
84.000000
67.000000
43.000000
32.000000
43.000000
50.000000
45.000000
62.000000
78.000000
117.000000
111.000000
127.000000
119.000000
135.000000
136.000000
103.000000
136.000000
161.000000
174.000000
166.000000
331.000000
499.000000
388.000000
365.000000
325.000000
260.000000
249.000000
229.000000
212.000000
210.000000
250.000000
324.000000
348.000000
322.000000
337.000000
299.000000
335.000000
353.000000
397.000000
395.000000
258.000000
100.000000
78.000000
104.000000
113.000000
96.000000
87.000000
54.000000
32.000000
45.000000
36.000000
16.000000
19.000000
18.000000
22.000000
27.000000
33.000000
49.000000
42.000000
51.000000
52.000000
71.000000
66.000000
72.000000
74.000000
69.000000
53.000000
64.000000
50.000000
66.000000
60.000000
51.000000
47.000000
39.000000
17.000000
21.000000
13.000000
26.000000
17.000000
24.000000
31.000000
37.000000
43.000000
45.000000
