683.000000
736.000000
927.000000
991.000000
980.000000
1050.000000
1009.000000
1127.000000
1099.000000
1092.000000
1025.000000
1146.000000
1030.000000
953.000000
913.000000
945.000000
888.000000
966.000000
780.000000
691.000000
569.000000
488.000000
477.000000
515.000000
431.000000
458.000000
595.000000
643.000000
650.000000
716.000000
739.000000
846.000000
1391.000000
885.000000
945.000000
940.000000
967.000000
972.000000
997.000000
931.000000
867.000000
1005.000000
870.000000
778.000000
649.000000
539.000000
525.000000
499.000000
536.000000
536.000000
684.000000
810.000000
972.000000
1012.000000
1062.000000
1112.000000
1104.000000
1189.000000
1288.000000
1316.000000
1304.000000
1411.000000
1490.000000
1340.000000
1423.000000
1460.000000
1238.000000
1149.000000
920.000000
892.000000
894.000000
1054.000000
1066.000000
1149.000000
1292.000000
1534.000000
1615.000000
1702.000000
1624.000000
1835.000000
2072.000000
2319.000000
2110.000000
1959.000000
1846.000000
1807.000000
1737.000000
1623.000000
1530.000000
1647.000000
1321.000000
1085.000000
1010.000000
938.000000
867.000000
920.000000
866.000000
980.000000
1173.000000
1413.000000
1498.000000
1630.000000
1651.000000
1598.000000
1934.000000
1986.000000
2076.000000
1955.000000
1844.000000
1699.000000
1884.000000
1862.000000
2056.000000
2154.000000
1759.000000
1443.000000
1177.000000
1146.000000
1091.000000
1093.000000
1117.000000
1335.000000
1689.000000
1892.000000
2054.000000
2122.000000
2285.000000
2564.000000
2852.000000
3066.000000
3060.000000
3043.000000
3055.000000
3098.000000
3467.000000
3279.000000
3332.000000
3964.000000
3402.000000
2695.000000
2361.000000
2488.000000
2447.000000
2489.000000
2559.000000
2881.000000
3885.000000
3965.000000
4354.000000
4219.000000
4519.000000
4988.000000
5591.000000
6129.000000
5995.000000
6033.000000
6339.000000
6026.000000
6031.000000
6974.000000
7974.000000
10307.000000
9943.000000
14785.000000
17260.000000
17801.000000
19149.000000
26158.000000
31379.000000
28403.000000
27670.000000
26704.000000
26176.000000
23192.000000
23171.000000
24315.000000
25580.000000
26311.000000
24947.000000
23686.000000
21810.000000
20191.000000
16903.000000
15048.000000
15919.000000
19235.000000
13706.000000
10534.000000
9085.000000
8455.000000
7654.000000
6903.000000
6336.000000
6012.000000
6074.000000
5902.000000
6096.000000
5903.000000
5818.000000
6422.000000
6874.000000
6862.000000
6732.000000
6916.000000
6664.000000
6527.000000
6346.000000
5697.000000
5553.000000
5212.000000
5089.000000
4275.000000
3622.000000
3482.000000
3371.000000
3154.000000
3090.000000
2926.000000
3054.000000
3175.000000
3255.000000
4203.000000
5556.000000
5361.000000
5213.000000
5097.000000
4769.000000
5022.000000
4840.000000
4938.000000
4819.000000
4750.000000
4581.000000
4700.000000
4266.000000
3608.000000
3289.000000
3104.000000
3282.000000
3218.000000
3066.000000
3067.000000
3373.000000
3517.000000
3628.000000
3687.000000
3665.000000
4328.000000
4454.000000
4384.000000
4542.000000
4590.000000
4089.000000
3827.000000
3959.000000
3619.000000
3686.000000
3636.000000
2872.000000
2441.000000
2188.000000
1943.000000
2019.000000
1912.000000
1753.000000
1839.000000
1957.000000
1817.000000
2034.000000
2195.000000
2302.000000
2523.000000
2816.000000
2987.000000
2928.000000
2763.000000
2918.000000
2671.000000
2566.000000
2460.000000
2368.000000
2306.000000
1859.000000
1536.000000
1338.000000
1306.000000
1266.000000
1173.000000
1168.000000
1226.000000
1319.000000
1398.000000
1548.000000
1477.000000
1710.000000
1758.000000
1930.000000
1977.000000
2159.000000
2047.000000
1893.000000
1873.000000
1817.000000
1678.000000
1680.000000
1551.000000
1353.000000
1078.000000
1000.000000
1017.000000
888.000000
881.000000
833.000000
883.000000
921.000000
1022.000000
1048.000000
1150.000000
1185.000000
1301.000000
1547.000000
1481.000000
1512.000000
1415.000000
1392.000000
1344.000000
1313.000000
1279.000000
1222.000000
1188.000000
1100.000000
917.000000
805.000000
769.000000
813.000000
711.000000
635.000000
