67.000000
56.000000
47.000000
59.000000
55.000000
83.000000
72.000000
62.000000
67.000000
75.000000
84.000000
63.000000
55.000000
64.000000
51.000000
48.000000
50.000000
25.000000
25.000000
40.000000
38.000000
42.000000
51.000000
58.000000
58.000000
50.000000
56.000000
69.000000
79.000000
97.000000
103.000000
90.000000
86.000000
79.000000
85.000000
85.000000
80.000000
65.000000
52.000000
61.000000
52.000000
36.000000
21.000000
36.000000
42.000000
54.000000
40.000000
36.000000
68.000000
79.000000
67.000000
44.000000
54.000000
60.000000
54.000000
55.000000
68.000000
75.000000
68.000000
66.000000
67.000000
54.000000
51.000000
50.000000
32.000000
33.000000
21.000000
24.000000
20.000000
26.000000
38.000000
56.000000
56.000000
52.000000
58.000000
47.000000
65.000000
73.000000
62.000000
76.000000
68.000000
91.000000
110.000000
107.000000
102.000000
92.000000
64.000000
51.000000
42.000000
31.000000
54.000000
42.000000
57.000000
65.000000
78.000000
87.000000
76.000000
109.000000
102.000000
103.000000
113.000000
151.000000
152.000000
135.000000
133.000000
144.000000
149.000000
152.000000
134.000000
107.000000
71.000000
59.000000
70.000000
62.000000
64.000000
53.000000
56.000000
97.000000
79.000000
120.000000
146.000000
162.000000
152.000000
180.000000
204.000000
200.000000
202.000000
200.000000
216.000000
204.000000
232.000000
221.000000
201.000000
214.000000
124.000000
125.000000
105.000000
143.000000
121.000000
146.000000
182.000000
229.000000
296.000000
325.000000
375.000000
352.000000
407.000000
389.000000
450.000000
456.000000
600.000000
560.000000
676.000000
834.000000
944.000000
1027.000000
975.000000
993.000000
877.000000
686.000000
560.000000
799.000000
641.000000
749.000000
905.000000
957.000000
1013.000000
1198.000000
1413.000000
1296.000000
1273.000000
1230.000000
1310.000000
1185.000000
1137.000000
1115.000000
1075.000000
1098.000000
1122.000000
995.000000
1018.000000
891.000000
636.000000
514.000000
441.000000
547.000000
554.000000
572.000000
649.000000
682.000000
672.000000
651.000000
692.000000
770.000000
760.000000
621.000000
699.000000
742.000000
727.000000
778.000000
782.000000
728.000000
700.000000
1254.000000
979.000000
743.000000
591.000000
480.000000
311.000000
260.000000
191.000000
203.000000
217.000000
299.000000
368.000000
333.000000
336.000000
335.000000
340.000000
342.000000
310.000000
302.000000
313.000000
304.000000
318.000000
316.000000
277.000000
273.000000
238.000000
231.000000
168.000000
127.000000
117.000000
85.000000
85.000000
76.000000
117.000000
123.000000
109.000000
154.000000
145.000000
130.000000
155.000000
163.000000
164.000000
171.000000
174.000000
181.000000
180.000000
203.000000
184.000000
176.000000
189.000000
127.000000
115.000000
87.000000
83.000000
66.000000
75.000000
55.000000
77.000000
105.000000
131.000000
152.000000
158.000000
209.000000
181.000000
167.000000
180.000000
195.000000
132.000000
159.000000
167.000000
139.000000
138.000000
150.000000
147.000000
93.000000
71.000000
61.000000
44.000000
49.000000
53.000000
41.000000
72.000000
70.000000
82.000000
108.000000
128.000000
117.000000
140.000000
131.000000
132.000000
105.000000
114.000000
129.000000
139.000000
121.000000
114.000000
106.000000
110.000000
95.000000
56.000000
66.000000
42.000000
40.000000
31.000000
34.000000
56.000000
73.000000
72.000000
78.000000
100.000000
90.000000
92.000000
105.000000
95.000000
92.000000
113.000000
113.000000
95.000000
105.000000
82.000000
74.000000
69.000000
58.000000
41.000000
56.000000
30.000000
28.000000
27.000000
41.000000
45.000000
50.000000
71.000000
85.000000
89.000000
