120.000000
93.000000
49.000000
70.000000
37.000000
34.000000
46.000000
50.000000
46.000000
46.000000
55.000000
65.000000
89.000000
80.000000
94.000000
89.000000
105.000000
122.000000
117.000000
141.000000
117.000000
121.000000
110.000000
102.000000
104.000000
98.000000
75.000000
47.000000
66.000000
47.000000
43.000000
51.000000
54.000000
51.000000
60.000000
69.000000
94.000000
88.000000
110.000000
76.000000
94.000000
94.000000
113.000000
120.000000
120.000000
125.000000
133.000000
117.000000
131.000000
95.000000
79.000000
77.000000
55.000000
53.000000
50.000000
37.000000
58.000000
52.000000
78.000000
68.000000
85.000000
95.000000
121.000000
79.000000
103.000000
147.000000
140.000000
119.000000
93.000000
107.000000
150.000000
128.000000
119.000000
122.000000
85.000000
79.000000
62.000000
51.000000
60.000000
57.000000
68.000000
77.000000
94.000000
121.000000
133.000000
141.000000
129.000000
145.000000
137.000000
143.000000
144.000000
119.000000
137.000000
156.000000
144.000000
137.000000
128.000000
107.000000
103.000000
81.000000
74.000000
61.000000
68.000000
69.000000
58.000000
77.000000
115.000000
99.000000
127.000000
107.000000
136.000000
133.000000
156.000000
140.000000
132.000000
129.000000
101.000000
142.000000
138.000000
130.000000
136.000000
113.000000
113.000000
77.000000
68.000000
81.000000
51.000000
56.000000
41.000000
75.000000
102.000000
125.000000
165.000000
181.000000
185.000000
168.000000
173.000000
212.000000
223.000000
236.000000
236.000000
269.000000
268.000000
243.000000
244.000000
266.000000
244.000000
213.000000
190.000000
157.000000
140.000000
148.000000
197.000000
226.000000
361.000000
502.000000
553.000000
614.000000
610.000000
709.000000
688.000000
687.000000
780.000000
792.000000
981.000000
2210.000000
3589.000000
5038.000000
6109.000000
5849.000000
3702.000000
2353.000000
1646.000000
1255.000000
1147.000000
1137.000000
1497.000000
2011.000000
2355.000000
2643.000000
2571.000000
2106.000000
1994.000000
2091.000000
2098.000000
1674.000000
1654.000000
1660.000000
1434.000000
1351.000000
1117.000000
1115.000000
960.000000
789.000000
584.000000
513.000000
439.000000
347.000000
340.000000
301.000000
303.000000
327.000000
415.000000
437.000000
443.000000
437.000000
477.000000
446.000000
450.000000
431.000000
500.000000
461.000000
416.000000
412.000000
399.000000
412.000000
333.000000
304.000000
314.000000
255.000000
207.000000
188.000000
181.000000
176.000000
145.000000
167.000000
202.000000
241.000000
207.000000
237.000000
260.000000
270.000000
269.000000
257.000000
277.000000
305.000000
230.000000
280.000000
227.000000
242.000000
217.000000
191.000000
201.000000
132.000000
153.000000
129.000000
102.000000
93.000000
113.000000
108.000000
132.000000
147.000000
171.000000
179.000000
195.000000
190.000000
199.000000
218.000000
209.000000
205.000000
182.000000
186.000000
205.000000
194.000000
143.000000
181.000000
127.000000
122.000000
73.000000
102.000000
116.000000
75.000000
93.000000
83.000000
85.000000
121.000000
128.000000
140.000000
124.000000
163.000000
132.000000
123.000000
158.000000
161.000000
148.000000
184.000000
151.000000
180.000000
144.000000
125.000000
91.000000
84.000000
70.000000
73.000000
64.000000
61.000000
43.000000
58.000000
70.000000
94.000000
74.000000
103.000000
91.000000
106.000000
110.000000
113.000000
108.000000
122.000000
105.000000
122.000000
102.000000
136.000000
115.000000
110.000000
93.000000
83.000000
70.000000
71.000000
55.000000
58.000000
53.000000
65.000000
58.000000
107.000000
97.000000
100.000000
85.000000
91.000000
78.000000
105.000000
108.000000
145.000000
112.000000
132.000000
135.000000
151.000000
127.000000
