42.000000
35.000000
41.000000
35.000000
23.000000
29.000000
23.000000
29.000000
15.000000
22.000000
30.000000
33.000000
24.000000
47.000000
52.000000
51.000000
39.000000
48.000000
50.000000
47.000000
49.000000
59.000000
51.000000
44.000000
60.000000
55.000000
54.000000
29.000000
41.000000
43.000000
17.000000
29.000000
21.000000
28.000000
35.000000
14.000000
38.000000
30.000000
44.000000
39.000000
49.000000
82.000000
69.000000
76.000000
39.000000
73.000000
39.000000
69.000000
55.000000
70.000000
41.000000
32.000000
39.000000
21.000000
18.000000
35.000000
18.000000
22.000000
32.000000
25.000000
20.000000
49.000000
43.000000
44.000000
49.000000
61.000000
61.000000
70.000000
54.000000
48.000000
49.000000
54.000000
51.000000
52.000000
49.000000
25.000000
30.000000
40.000000
19.000000
18.000000
27.000000
26.000000
27.000000
32.000000
48.000000
43.000000
31.000000
40.000000
56.000000
65.000000
60.000000
55.000000
75.000000
55.000000
74.000000
55.000000
58.000000
82.000000
75.000000
67.000000
38.000000
42.000000
28.000000
20.000000
22.000000
29.000000
44.000000
59.000000
75.000000
91.000000
100.000000
84.000000
146.000000
95.000000
116.000000
221.000000
137.000000
118.000000
100.000000
84.000000
102.000000
73.000000
75.000000
65.000000
42.000000
45.000000
36.000000
43.000000
32.000000
31.000000
45.000000
60.000000
72.000000
83.000000
117.000000
95.000000
103.000000
91.000000
96.000000
112.000000
107.000000
95.000000
108.000000
126.000000
156.000000
149.000000
121.000000
118.000000
88.000000
84.000000
81.000000
59.000000
68.000000
89.000000
95.000000
269.000000
291.000000
355.000000
381.000000
407.000000
431.000000
400.000000
455.000000
511.000000
542.000000
672.000000
1645.000000
2038.000000
2191.000000
2086.000000
1813.000000
1359.000000
1011.000000
789.000000
558.000000
453.000000
513.000000
610.000000
787.000000
990.000000
1101.000000
1066.000000
1027.000000
985.000000
932.000000
879.000000
1005.000000
834.000000
730.000000
686.000000
570.000000
650.000000
619.000000
482.000000
486.000000
366.000000
297.000000
216.000000
239.000000
187.000000
170.000000
158.000000
186.000000
218.000000
247.000000
279.000000
286.000000
298.000000
267.000000
307.000000
299.000000
230.000000
270.000000
242.000000
242.000000
181.000000
211.000000
185.000000
182.000000
130.000000
113.000000
115.000000
577.000000
688.000000
606.000000
441.000000
483.000000
529.000000
508.000000
572.000000
565.000000
583.000000
651.000000
738.000000
637.000000
677.000000
717.000000
642.000000
677.000000
628.000000
643.000000
597.000000
526.000000
520.000000
407.000000
315.000000
473.000000
339.000000
286.000000
271.000000
286.000000
236.000000
296.000000
338.000000
320.000000
314.000000
373.000000
412.000000
377.000000
435.000000
425.000000
405.000000
383.000000
442.000000
408.000000
401.000000
381.000000
259.000000
250.000000
228.000000
201.000000
212.000000
219.000000
191.000000
159.000000
192.000000
239.000000
221.000000
184.000000
170.000000
230.000000
230.000000
239.000000
191.000000
219.000000
204.000000
208.000000
229.000000
211.000000
224.000000
207.000000
151.000000
128.000000
129.000000
122.000000
100.000000
94.000000
99.000000
77.000000
95.000000
140.000000
107.000000
109.000000
122.000000
136.000000
154.000000
145.000000
151.000000
163.000000
132.000000
158.000000
125.000000
152.000000
132.000000
148.000000
134.000000
94.000000
104.000000
97.000000
83.000000
103.000000
72.000000
70.000000
68.000000
100.000000
94.000000
114.000000
114.000000
135.000000
122.000000
138.000000
124.000000
148.000000
147.000000
148.000000
118.000000
99.000000
