138.000000
140.000000
109.000000
87.000000
101.000000
59.000000
53.000000
60.000000
75.000000
84.000000
92.000000
102.000000
104.000000
133.000000
106.000000
101.000000
105.000000
98.000000
81.000000
127.000000
137.000000
94.000000
165.000000
147.000000
138.000000
167.000000
127.000000
73.000000
94.000000
85.000000
81.000000
86.000000
107.000000
111.000000
153.000000
165.000000
191.000000
154.000000
147.000000
147.000000
131.000000
121.000000
107.000000
133.000000
86.000000
115.000000
123.000000
123.000000
128.000000
153.000000
132.000000
112.000000
132.000000
116.000000
89.000000
101.000000
88.000000
102.000000
127.000000
151.000000
151.000000
160.000000
163.000000
169.000000
120.000000
160.000000
133.000000
138.000000
96.000000
138.000000
114.000000
159.000000
174.000000
166.000000
140.000000
120.000000
92.000000
98.000000
135.000000
105.000000
98.000000
117.000000
144.000000
197.000000
145.000000
162.000000
179.000000
174.000000
161.000000
173.000000
116.000000
152.000000
158.000000
131.000000
149.000000
140.000000
195.000000
130.000000
180.000000
134.000000
105.000000
121.000000
101.000000
110.000000
81.000000
102.000000
134.000000
171.000000
165.000000
148.000000
164.000000
135.000000
143.000000
171.000000
160.000000
158.000000
154.000000
158.000000
163.000000
188.000000
239.000000
185.000000
166.000000
168.000000
128.000000
125.000000
108.000000
113.000000
151.000000
166.000000
225.000000
239.000000
230.000000
280.000000
246.000000
290.000000
257.000000
228.000000
263.000000
229.000000
275.000000
403.000000
350.000000
470.000000
441.000000
486.000000
509.000000
428.000000
427.000000
375.000000
319.000000
335.000000
397.000000
410.000000
576.000000
598.000000
738.000000
752.000000
750.000000
790.000000
845.000000
894.000000
1354.000000
1617.000000
1879.000000
2954.000000
3403.000000
3492.000000
3685.000000
3184.000000
2632.000000
2562.000000
2252.000000
1902.000000
1745.000000
1587.000000
1611.000000
1582.000000
1697.000000
1656.000000
1497.000000
1559.000000
1366.000000
1235.000000
1118.000000
971.000000
941.000000
880.000000
917.000000
799.000000
748.000000
800.000000
798.000000
744.000000
706.000000
643.000000
622.000000
621.000000
545.000000
449.000000
506.000000
574.000000
605.000000
670.000000
590.000000
656.000000
622.000000
534.000000
550.000000
528.000000
520.000000
527.000000
399.000000
424.000000
478.000000
846.000000
566.000000
518.000000
457.000000
429.000000
353.000000
390.000000
373.000000
351.000000
325.000000
323.000000
359.000000
325.000000
357.000000
373.000000
339.000000
344.000000
315.000000
265.000000
277.000000
274.000000
261.000000
239.000000
285.000000
331.000000
351.000000
376.000000
304.000000
358.000000
320.000000
311.000000
306.000000
284.000000
254.000000
247.000000
241.000000
258.000000
224.000000
212.000000
192.000000
185.000000
186.000000
187.000000
195.000000
201.000000
195.000000
196.000000
231.000000
279.000000
276.000000
200.000000
222.000000
201.000000
218.000000
225.000000
203.000000
172.000000
186.000000
144.000000
134.000000
160.000000
163.000000
195.000000
177.000000
149.000000
160.000000
155.000000
137.000000
168.000000
155.000000
133.000000
191.000000
174.000000
223.000000
192.000000
191.000000
157.000000
180.000000
135.000000
178.000000
183.000000
143.000000
152.000000
147.000000
174.000000
169.000000
125.000000
139.000000
147.000000
162.000000
156.000000
114.000000
131.000000
125.000000
141.000000
137.000000
145.000000
142.000000
154.000000
168.000000
144.000000
159.000000
151.000000
151.000000
110.000000
114.000000
134.000000
122.000000
123.000000
121.000000
116.000000
113.000000
117.000000
118.000000
122.000000
97.000000
78.000000
117.000000
97.000000
107.000000
117.000000
121.000000
