673.000000
594.000000
507.000000
402.000000
308.000000
232.000000
200.000000
214.000000
268.000000
308.000000
468.000000
681.000000
868.000000
995.000000
1071.000000
1105.000000
1081.000000
1002.000000
1414.000000
881.000000
891.000000
827.000000
754.000000
792.000000
734.000000
648.000000
522.000000
413.000000
282.000000
271.000000
226.000000
194.000000
228.000000
290.000000
555.000000
636.000000
778.000000
955.000000
1146.000000
1194.000000
994.000000
935.000000
953.000000
868.000000
667.000000
676.000000
721.000000
753.000000
674.000000
552.000000
498.000000
342.000000
287.000000
271.000000
272.000000
261.000000
239.000000
351.000000
467.000000
638.000000
790.000000
867.000000
919.000000
973.000000
926.000000
948.000000
937.000000
787.000000
810.000000
715.000000
760.000000
816.000000
774.000000
598.000000
575.000000
380.000000
292.000000
278.000000
239.000000
282.000000
306.000000
409.000000
562.000000
795.000000
904.000000
949.000000
1013.000000
1081.000000
959.000000
934.000000
1007.000000
879.000000
789.000000
725.000000
732.000000
628.000000
564.000000
554.000000
438.000000
351.000000
318.000000
260.000000
228.000000
258.000000
218.000000
271.000000
348.000000
450.000000
576.000000
703.000000
739.000000
773.000000
717.000000
763.000000
785.000000
718.000000
781.000000
719.000000
772.000000
706.000000
694.000000
653.000000
610.000000
448.000000
394.000000
323.000000
347.000000
311.000000
362.000000
438.000000
522.000000
659.000000
732.000000
808.000000
954.000000
1006.000000
1034.000000
1120.000000
1185.000000
1182.000000
1407.000000
1402.000000
1608.000000
1645.000000
1697.000000
1438.000000
2628.000000
1726.000000
1310.000000
1182.000000
1039.000000
1087.000000
1173.000000
1359.000000
1960.000000
3066.000000
3506.000000
3720.000000
3906.000000
3815.000000
3943.000000
4058.000000
4188.000000
3764.000000
3891.000000
5356.000000
7481.000000
8135.000000
15781.000000
14859.000000
13391.000000
9366.000000
7158.000000
6321.000000
5733.000000
5125.000000
5373.000000
6172.000000
7415.000000
8613.000000
10303.000000
9724.000000
8876.000000
7825.000000
7084.000000
6700.000000
6422.000000
5573.000000
4998.000000
4574.000000
4203.000000
3931.000000
3716.000000
3117.000000
2547.000000
2198.000000
1939.000000
1746.000000
1721.000000
1606.000000
1581.000000
1803.000000
1999.000000
2447.000000
2560.000000
2665.000000
2629.000000
2600.000000
2535.000000
2518.000000
2382.000000
2068.000000
1847.000000
1712.000000
1745.000000
1685.000000
1613.000000
1740.000000
1211.000000
1001.000000
958.000000
745.000000
801.000000
791.000000
817.000000
920.000000
1068.000000
1312.000000
1402.000000
1255.000000
1358.000000
1323.000000
1365.000000
1431.000000
1367.000000
1182.000000
1035.000000
947.000000
932.000000
976.000000
894.000000
769.000000
766.000000
594.000000
579.000000
494.000000
384.000000
410.000000
442.000000
509.000000
637.000000
756.000000
895.000000
982.000000
970.000000
945.000000
950.000000
918.000000
899.000000
870.000000
700.000000
641.000000
634.000000
502.000000
540.000000
486.000000
494.000000
429.000000
328.000000
285.000000
323.000000
291.000000
279.000000
330.000000
370.000000
419.000000
542.000000
590.000000
646.000000
629.000000
629.000000
598.000000
682.000000
658.000000
627.000000
582.000000
628.000000
538.000000
559.000000
493.000000
433.000000
360.000000
337.000000
282.000000
203.000000
258.000000
274.000000
273.000000
310.000000
340.000000
441.000000
517.000000
557.000000
593.000000
639.000000
605.000000
628.000000
637.000000
703.000000
679.000000
672.000000
593.000000
561.000000
551.000000
444.000000
375.000000
277.000000
240.000000
276.000000
221.000000
252.000000
302.000000
397.000000
465.000000
608.000000
665.000000
693.000000
570.000000
600.000000
494.000000
538.000000
428.000000
429.000000
354.000000
414.000000
370.000000
345.000000
